









Frequency of observations in the selected location(s).:
Number of taxa: 	227

	Jan				Feb				Mar				Apr				May				Jun				Jul				Aug				Sep				Oct				Nov				Dec				
Sample Size:	14.0	19.0	36.0	17.0	17.0	24.0	36.0	46.0	24.0	26.0	14.0	39.0	17.0	26.0	28.0	36.0	22.0	15.0	11.0	8.0	1.0	5.0	2.0	3.0	4.0	2.0	4.0	8.0	4.0	3.0	7.0	7.0	8.0	4.0	11.0	5.0	5.0	7.0	4.0	7.0	27.0	48.0	11.0	8.0	12.0	8.0	9.0	17.0	

Black-bellied Whistling-Duck	0.0	0.0	0.0	0.11764705882352941	0.0	0.041666666666666664	0.05555555555555555	0.021739130434782608	0.2916666666666667	0.4230769230769231	0.35714285714285715	0.48717948717948717	0.35294117647058826	0.6153846153846154	0.5357142857142857	0.5555555555555556	0.6363636363636364	0.6666666666666666	0.8181818181818182	0.625	1.0	0.4	1.0	0.3333333333333333	0.75	0.0015	0.5	0.5	0.5	0.0	0.14285714285714285	0.2857142857142857	0.125	0.5	0.09090909090909091	0.2	0.0	0.0	0.0	0.0	0.0	0.020833333333333332	0.0	0.0	0.0	0.0	0.1111111111111111	0.0	
Fulvous Whistling-Duck	0.0	0.0	0.0	0.0	0.0	0.0	0.0	0.0	0.0	0.0	0.0	0.0	0.0	0.0	0.0	0.0	0.0	0.0	0.0	0.0	0.0015	0.0	0.0	0.0	0.0	0.0	0.0	0.0	0.0	0.0	0.0	0.0	0.0	0.0	0.0	0.0	0.0	0.0	0.0	0.0	0.0	0.0	0.0	0.0	0.0	0.0	0.0	0.0	
Snow Goose	0.0	0.0	0.0	0.0	0.0	0.041666666666666664	0.0	0.0	0.0	0.0	0.0	0.0	0.0	0.0	0.0	0.0	0.0	0.0	0.0	0.0	0.0	0.0	0.0	0.0	0.0	0.0	0.0	0.0	0.0	0.0	0.0	0.0	0.0	0.0	0.0	0.0	0.0	0.0	0.0	0.0	0.0	0.0	0.09090909090909091	0.125	0.0	0.0	0.0	0.058823529411764705	
Muscovy Duck (Domestic type)	0.0	0.0	0.0	0.0	0.0	0.041666666666666664	0.08333333333333333	0.043478260869565216	0.0	0.038461538461538464	0.0	0.0	0.0	0.0	0.0	0.0	0.0	0.0	0.0	0.0	0.0	0.0	0.0	0.0	0.0	0.0	0.0	0.0	0.0	0.0	0.0	0.0	0.0	0.0	0.0	0.0	0.0	0.0	0.0	0.0	0.0	0.0	0.09090909090909091	0.0	0.0	0.0	0.0	0.0	
Cinnamon Teal	0.0	0.0	0.0	0.0	0.0	0.0	0.0	0.0	0.0	0.0	0.0	0.0	0.0	0.0	0.03571428571428571	0.0	0.0	0.0	0.0	0.0	0.0	0.0	0.0	0.0	0.0	0.0	0.0	0.0	0.0	0.0	0.0	0.0	0.0	0.0	0.0	0.0	0.0	0.0	0.0	0.0	0.0	0.0	0.0	0.0	0.0	0.0	0.0	0.0	
Mottled Duck	0.0	0.0	0.0	0.0	0.0	0.0	0.0	0.0	0.0	0.0	0.0	0.0	0.0	0.0	0.0	0.0	0.0	0.0	0.0	0.0	0.0	0.0	0.0	0.0	0.0	0.0	0.0	0.0	0.0	0.0	0.0	0.0	0.0	0.0	0.0	0.0	0.0	0.0	0.0	0.0	0.037037037037037035	0.0	0.0	0.0	0.0	0.0	0.0	0.0	
Plain Chachalaca	0.7857142857142857	0.631578947368421	0.75	0.6470588235294118	0.8235294117647058	0.8333333333333334	0.9166666666666666	0.9130434782608695	0.7916666666666666	0.6538461538461539	0.5	0.7692307692307693	0.7058823529411765	0.8461538461538461	0.8928571428571429	0.5555555555555556	0.8181818181818182	0.8666666666666667	1.0	0.75	1.0	0.6	1.0	0.6666666666666666	0.75	1.0	0.5	0.75	1.0	1.0	1.0	0.5714285714285714	1.0	1.0	0.9090909090909091	0.6	0.8	0.8571428571428571	0.5	0.8571428571428571	0.7777777777777778	0.8125	0.8181818181818182	0.625	0.8333333333333334	0.5	0.7777777777777778	0.7647058823529411	
Least Grebe	0.0	0.0	0.0	0.0	0.0	0.0	0.0	0.0	0.0	0.0	0.0	0.0	0.0	0.0	0.0	0.0	0.0	0.0	0.0	0.0	0.0015	0.0	0.0	0.0	0.0	0.0	0.0	0.0	0.0	0.0	0.0	0.0	0.0	0.0	0.0	0.0	0.0	0.14285714285714285	0.0	0.0	0.0	0.0	0.0	0.0	0.0	0.0	0.0	0.0	
Pied-billed Grebe	0.0	0.0	0.0	0.0	0.0	0.0	0.0	0.0	0.0	0.0	0.0	0.0	0.0	0.0	0.0	0.0	0.0	0.06666666666666667	0.0	0.0	0.0015	0.0	0.0	0.0	0.0	0.0	0.0	0.0	0.0	0.0	0.0	0.0	0.0	0.0	0.0	0.0	0.0	0.0	0.0	0.0	0.0	0.0	0.0	0.0	0.0	0.0	0.0	0.0	
Rock Pigeon	0.21428571428571427	0.15789473684210525	0.25	0.17647058823529413	0.23529411764705882	0.16666666666666666	0.19444444444444445	0.06521739130434782	0.16666666666666666	0.2692307692307692	0.07142857142857142	0.28205128205128205	0.29411764705882354	0.19230769230769232	0.25	0.16666666666666666	0.3181818181818182	0.4	0.45454545454545453	0.5	0.0	0.6	0.5	0.0	0.0	0.0015	0.0	0.25	0.5	0.3333333333333333	0.2857142857142857	0.14285714285714285	0.375	1.0	0.09090909090909091	0.6	0.4	0.14285714285714285	0.0	0.0	0.18518518518518517	0.16666666666666666	0.36363636363636365	0.375	0.08333333333333333	0.125	0.1111111111111111	0.11764705882352941	
Eurasian Collared-Dove	0.0	0.05263157894736842	0.0	0.058823529411764705	0.0	0.041666666666666664	0.0	0.021739130434782608	0.0	0.038461538461538464	0.07142857142857142	0.02564102564102564	0.058823529411764705	0.11538461538461539	0.0	0.027777777777777776	0.0	0.06666666666666667	0.0	0.0	0.0	0.2	0.0	0.0	0.25	0.0	0.0	0.125	0.0	0.0	0.0	0.0	0.0	0.0	0.09090909090909091	0.0	0.0	0.0	0.0	0.0015	0.037037037037037035	0.0015	0.0	0.125	0.0	0.0	0.0	0.0	
Inca Dove	0.5714285714285714	0.5789473684210527	0.7222222222222222	0.6470588235294118	0.8823529411764706	0.75	0.7777777777777778	0.8478260869565217	0.75	0.6538461538461539	0.35714285714285715	0.5384615384615384	0.7647058823529411	0.6538461538461539	0.6785714285714286	0.4444444444444444	0.8636363636363636	0.8666666666666667	0.8181818181818182	0.5	1.0	0.6	1.0	0.0	0.5	1.0	0.5	0.625	0.75	1.0	1.0	0.5714285714285714	0.75	0.75	0.9090909090909091	0.6	0.8	0.7142857142857143	0.75	0.5714285714285714	0.7037037037037037	0.7291666666666666	0.7272727272727273	0.625	0.5	0.5	0.6666666666666666	0.6470588235294118	
Common Ground-Dove	0.0	0.0	0.05555555555555555	0.11764705882352941	0.11764705882352941	0.0	0.0	0.021739130434782608	0.0	0.038461538461538464	0.0	0.05128205128205128	0.0	0.038461538461538464	0.03571428571428571	0.05555555555555555	0.0	0.0	0.0	0.0	0.0	0.0	0.0	0.0	0.0	0.0	0.25	0.125	0.0	0.0	0.0	0.0	0.0	0.0	0.0	0.0	0.0	0.0	0.0	0.0	0.0	0.020833333333333332	0.0	0.0	0.0	0.0	0.0	0.11764705882352941	
White-tipped Dove	0.5	0.3684210526315789	0.5277777777777778	0.29411764705882354	0.5294117647058824	0.5	0.4166666666666667	0.2826086956521739	0.4166666666666667	0.2692307692307692	0.42857142857142855	0.5384615384615384	0.47058823529411764	0.4230769230769231	0.6785714285714286	0.3611111111111111	0.8181818181818182	0.8	0.8181818181818182	0.5	1.0	0.6	0.5	0.3333333333333333	0.25	1.0	0.0	0.375	0.25	0.6666666666666666	0.5714285714285714	0.5714285714285714	0.75	0.75	0.45454545454545453	0.6	0.8	0.2857142857142857	0.25	0.42857142857142855	0.2962962962962963	0.5416666666666666	0.8181818181818182	0.5	0.4166666666666667	0.125	0.5555555555555556	0.5882352941176471	
White-winged Dove	0.2857142857142857	0.15789473684210525	0.16666666666666666	0.4117647058823529	0.23529411764705882	0.375	0.2777777777777778	0.43478260869565216	0.375	0.4230769230769231	0.2857142857142857	0.48717948717948717	0.7647058823529411	0.8846153846153846	0.8571428571428571	0.6666666666666666	0.9545454545454546	0.9333333333333333	1.0	0.875	1.0	1.0	1.0	1.0	0.75	1.0	1.0	1.0	0.75	1.0	1.0	0.8571428571428571	1.0	1.0	0.9090909090909091	0.8	0.8	0.8571428571428571	1.0	0.14285714285714285	0.48148148148148145	0.2916666666666667	0.36363636363636365	0.125	0.3333333333333333	0.25	0.2222222222222222	0.11764705882352941	
Mourning Dove	0.2857142857142857	0.15789473684210525	0.4722222222222222	0.5294117647058824	0.5882352941176471	0.4583333333333333	0.5	0.6086956521739131	0.4583333333333333	0.46153846153846156	0.5	0.41025641025641024	0.4117647058823529	0.5	0.39285714285714285	0.3333333333333333	0.5	0.5333333333333333	0.45454545454545453	0.25	1.0	0.6	0.5	0.3333333333333333	0.25	0.5	0.5	0.625	0.75	0.0	0.5714285714285714	0.2857142857142857	0.625	0.75	0.5454545454545454	0.8	0.4	0.14285714285714285	0.25	0.0	0.14814814814814814	0.22916666666666666	0.5454545454545454	0.375	0.25	0.5	0.2222222222222222	0.23529411764705882	
Groove-billed Ani	0.0	0.0	0.0	0.0	0.0	0.0	0.0	0.0	0.0	0.0	0.0	0.0	0.0	0.0	0.03571428571428571	0.05555555555555555	0.13636363636363635	0.0	0.09090909090909091	0.0	0.0	0.0	0.0	0.0	0.0	0.0	0.0	0.0	0.0	0.3333333333333333	0.0	0.14285714285714285	0.125	0.25	0.0	0.0	0.0	0.0	0.0	0.0	0.0	0.0	0.0	0.0	0.0	0.0	0.0	0.0	
Yellow-billed Cuckoo	0.0	0.0	0.0	0.0	0.0	0.0	0.0	0.0	0.0	0.0	0.0	0.0	0.0	0.038461538461538464	0.03571428571428571	0.0	0.18181818181818182	0.4	0.2727272727272727	0.125	0.0	0.0	0.0	0.0	0.0	0.0	0.0	0.125	0.5	0.0	0.2857142857142857	0.14285714285714285	0.375	0.5	0.09090909090909091	0.0	0.0	0.0	0.0	0.0	0.037037037037037035	0.0	0.0	0.0	0.0	0.0	0.0	0.0	
Lesser Nighthawk	0.0	0.0	0.0	0.0	0.0	0.0	0.0	0.0	0.0	0.0	0.0	0.0	0.0	0.0	0.0	0.05555555555555555	0.13636363636363635	0.0	0.09090909090909091	0.0	0.0	0.0	0.5	0.3333333333333333	0.0	0.0	0.25	0.125	0.0	0.0	0.0	0.0	0.0	0.0	0.0	0.0015	0.0	0.0	0.0	0.0	0.037037037037037035	0.0	0.0	0.0	0.0	0.0	0.0	0.0	
Common Nighthawk	0.0	0.0	0.0	0.0	0.0	0.0	0.0	0.0	0.0	0.0	0.0	0.0	0.11764705882352941	0.0	0.0	0.05555555555555555	0.0	0.0	0.09090909090909091	0.0	0.0	0.0	0.0	0.0	0.25	0.0015	0.0	0.125	0.25	0.0	0.14285714285714285	0.0	0.125	0.0	0.0	0.0015	0.0	0.0	0.0	0.0	0.0	0.0	0.0	0.0	0.0	0.0	0.0	0.0	
nighthawk sp.	0.0	0.0	0.0	0.0	0.0	0.0	0.0	0.0	0.0	0.0	0.0	0.0	0.0	0.07692307692307693	0.0	0.0	0.0	0.0	0.0	0.0	0.0	0.0	0.0	0.0	0.0	0.0	0.0	0.0	0.0	0.0	0.0	0.0	0.0	0.0	0.0	0.0	0.0	0.0	0.0	0.0	0.0	0.0	0.0	0.0	0.0	0.0	0.0	0.0	
Common Pauraque	0.0	0.0	0.0	0.0	0.0	0.0	0.0	0.0	0.0	0.0	0.0	0.0	0.0	0.0	0.07142857142857142	0.05555555555555555	0.0	0.0	0.0	0.0	0.0	0.0	0.0	0.0	0.0	0.0	0.0	0.0	0.0	0.0	0.0	0.0	0.0	0.0	0.0	0.0	0.0	0.0	0.0	0.0	0.0	0.0	0.0	0.0	0.0	0.0	0.0	0.0	
Chuck-will's-widow	0.0	0.0	0.0	0.0	0.0	0.0	0.0	0.0	0.0	0.0	0.0	0.02564102564102564	0.23529411764705882	0.23076923076923078	0.21428571428571427	0.2222222222222222	0.4090909090909091	0.26666666666666666	0.18181818181818182	0.0	0.0	0.0	0.0	0.0	0.0	0.0	0.0	0.0	0.0	0.0	0.14285714285714285	0.14285714285714285	0.25	0.75	0.36363636363636365	0.4	0.4	0.14285714285714285	0.0	0.0	0.0	0.0	0.0	0.0	0.0	0.0	0.0	0.0	
Eastern Whip-poor-will	0.0	0.0	0.0	0.0	0.0	0.0	0.0	0.0	0.0	0.0	0.0	0.0	0.0	0.11538461538461539	0.0	0.05555555555555555	0.0	0.0	0.0	0.0	0.0	0.0	0.0	0.0	0.0	0.0	0.0	0.0	0.0	0.0	0.0	0.0	0.0	0.0	0.0	0.0	0.0	0.0	0.0	0.0	0.0	0.0	0.0	0.0	0.0	0.0	0.0	0.0	
Chimney Swift	0.0	0.0	0.0	0.0	0.0	0.0	0.0	0.0	0.0	0.038461538461538464	0.0	0.02564102564102564	0.17647058823529413	0.19230769230769232	0.21428571428571427	0.3055555555555556	0.22727272727272727	0.3333333333333333	0.5454545454545454	0.5	1.0	0.4	0.5	0.3333333333333333	0.0	0.0015	0.0	0.25	0.5	0.0	0.14285714285714285	0.2857142857142857	0.625	0.75	0.36363636363636365	0.2	0.2	0.0	0.25	0.0	0.0	0.0	0.0	0.0	0.0	0.0	0.0	0.0	
Ruby-throated Hummingbird	0.0	0.0	0.0	0.0	0.0	0.0	0.027777777777777776	0.0	0.041666666666666664	0.0	0.0	0.0	0.0	0.07692307692307693	0.14285714285714285	0.2777777777777778	0.3181818181818182	0.4	0.18181818181818182	0.0	0.0	0.0	0.0	0.0	0.0	0.0	0.0	0.0	0.0	0.0	0.0	0.14285714285714285	0.25	0.5	0.18181818181818182	0.6	0.2	0.2857142857142857	0.0	0.0	0.07407407407407407	0.0625	0.18181818181818182	0.125	0.0	0.0	0.0	0.0015	
Black-chinned Hummingbird	0.0	0.0	0.0	0.0	0.0	0.0	0.0	0.0	0.0	0.0	0.0	0.02564102564102564	0.0	0.0	0.0	0.0	0.0	0.0	0.0	0.0	0.0	0.0	0.0	0.0	0.0	0.0	0.5	0.0	0.0	0.0	0.14285714285714285	0.0	0.0	0.0	0.0	0.0	0.0	0.0	0.0	0.0	0.1111111111111111	0.020833333333333332	0.0	0.0	0.0	0.0	0.0	0.0	
Ruby-throated/Black-chinned Hummingbird	0.0	0.0	0.05555555555555555	0.0	0.0	0.0	0.0	0.021739130434782608	0.0	0.0	0.0	0.0	0.058823529411764705	0.11538461538461539	0.03571428571428571	0.05555555555555555	0.09090909090909091	0.13333333333333333	0.09090909090909091	0.0	0.0	0.0	0.0	0.0	0.0	0.0	0.0	0.0	0.0	0.0	0.14285714285714285	0.0	0.125	0.0	0.0	0.0	0.0	0.0	0.0	0.0	0.0	0.020833333333333332	0.09090909090909091	0.0	0.0	0.0	0.0	0.0	
Rufous/Allen's Hummingbird	0.0	0.0	0.0	0.0	0.0	0.0	0.0	0.0	0.0	0.0	0.0	0.0	0.0	0.0	0.0	0.0	0.0	0.0	0.0	0.0	0.0	0.0	0.0	0.0	0.0	0.0	0.0	0.0	0.0	0.0	0.0	0.0	0.0	0.0	0.0	0.0	0.0	0.0	0.0	0.0	0.0	0.020833333333333332	0.0	0.0	0.0	0.0	0.0	0.0	
Buff-bellied Hummingbird	0.5714285714285714	0.15789473684210525	0.3888888888888889	0.35294117647058826	0.23529411764705882	0.4166666666666667	0.2777777777777778	0.1956521739130435	0.375	0.2692307692307692	0.14285714285714285	0.15384615384615385	0.5294117647058824	0.46153846153846156	0.6428571428571429	0.4444444444444444	0.9090909090909091	0.8666666666666667	0.9090909090909091	0.375	1.0	0.4	0.5	0.3333333333333333	0.25	1.0	0.25	0.625	0.75	0.3333333333333333	0.7142857142857143	0.5714285714285714	0.875	0.75	0.8181818181818182	0.6	0.8	0.7142857142857143	0.25	0.5714285714285714	0.5555555555555556	0.5416666666666666	0.7272727272727273	0.5	0.3333333333333333	0.125	0.3333333333333333	0.35294117647058826	
hummingbird sp.	0.0	0.0	0.0	0.0	0.0	0.0	0.0	0.0	0.0	0.0	0.0	0.02564102564102564	0.0	0.0	0.0	0.0	0.045454545454545456	0.0	0.09090909090909091	0.0	0.0	0.0	0.0	0.0	0.0	0.0	0.0	0.0	0.0	0.0	0.0	0.0	0.0	0.0	0.0	0.0	0.0	0.0	0.25	0.0	0.07407407407407407	0.0	0.0	0.0	0.08333333333333333	0.0	0.0	0.0	
Common Gallinule	0.0	0.0	0.0	0.0	0.0	0.041666666666666664	0.0	0.0	0.0	0.0	0.0	0.0	0.0	0.0	0.0	0.0	0.0	0.0	0.0	0.0	0.0015	0.0	0.0	0.0	0.0	0.0	0.0	0.0	0.0	0.0	0.0	0.0	0.0	0.0	0.0	0.0	0.0	0.0	0.0	0.0	0.0	0.0	0.0	0.0	0.0	0.0	0.0	0.0	
American Coot	0.0	0.0	0.0	0.0	0.0	0.041666666666666664	0.0	0.0015	0.0	0.0	0.0	0.0	0.0	0.0	0.0	0.0	0.0	0.0	0.0	0.0	0.0015	0.0	0.0	0.0	0.0	0.0	0.0	0.0	0.0	0.0	0.0	0.0	0.0	0.0	0.0	0.0	0.0	0.0	0.0	0.0	0.0	0.0	0.0	0.0	0.0	0.0	0.0	0.0	
Purple Gallinule	0.0	0.0	0.0	0.0	0.0	0.0	0.0	0.0	0.0	0.0	0.0	0.0	0.0	0.0	0.0	0.1111111111111111	0.0	0.0	0.0	0.0	0.0	0.0	0.0	0.0	0.0	0.0	0.0	0.0	0.0	0.0	0.0	0.0	0.0	0.0	0.0	0.0	0.0	0.0	0.0	0.0	0.0	0.0	0.0	0.0	0.0	0.0	0.0	0.0	
Sandhill Crane	0.0	0.0	0.0	0.0	0.0	0.041666666666666664	0.0	0.021739130434782608	0.0	0.0	0.0	0.0	0.0	0.0	0.0	0.0	0.0	0.0	0.0	0.0	0.0	0.0	0.0	0.0	0.0	0.0	0.0	0.0	0.0	0.0	0.0	0.0	0.0	0.0	0.0	0.0	0.0	0.0	0.0	0.0	0.037037037037037035	0.0	0.0	0.0	0.0	0.0	0.0	0.0	
Black-necked Stilt	0.0	0.0	0.0	0.0	0.0	0.0	0.0	0.0	0.0	0.0	0.0	0.0	0.0	0.0	0.0	0.0	0.0	0.0	0.0	0.0	0.0	0.0	0.0	0.0	0.0	0.0	0.0	0.0	0.0	0.0	0.0	0.0	0.0	0.0	0.0	0.0	0.0	0.0	0.0	0.0	0.0	0.0	0.09090909090909091	0.0	0.0	0.0	0.0	0.0	
Killdeer	0.21428571428571427	0.10526315789473684	0.05555555555555555	0.11764705882352941	0.0	0.041666666666666664	0.08333333333333333	0.0	0.125	0.15384615384615385	0.0	0.10256410256410256	0.17647058823529413	0.15384615384615385	0.17857142857142858	0.08333333333333333	0.2727272727272727	0.2	0.09090909090909091	0.25	0.0	0.2	0.0	0.3333333333333333	0.0	0.0	0.0	0.25	0.0	0.0	0.14285714285714285	0.0	0.25	0.5	0.18181818181818182	0.4	0.4	0.0	0.0	0.0	0.037037037037037035	0.0625	0.2727272727272727	0.125	0.0	0.125	0.0	0.0	
Long-billed Curlew	0.14285714285714285	0.0	0.027777777777777776	0.0	0.058823529411764705	0.041666666666666664	0.05555555555555555	0.0	0.041666666666666664	0.038461538461538464	0.0	0.0	0.0	0.038461538461538464	0.0	0.0	0.0	0.0	0.0	0.0	0.0	0.0	0.0	0.0	0.0	0.0	0.0	0.0	0.0	0.0	0.0	0.0	0.0	0.0	0.0	0.0	0.0	0.0	0.0	0.0	0.0	0.041666666666666664	0.18181818181818182	0.0	0.0	0.0	0.0	0.0	
Hudsonian Godwit	0.0	0.0	0.0	0.0	0.0	0.0	0.0	0.0	0.0	0.0	0.0	0.0	0.0	0.0	0.0	0.0	0.0015	0.0	0.0	0.0	0.0	0.0	0.0	0.0	0.0	0.0	0.0	0.0	0.0	0.0	0.0	0.0	0.0	0.0	0.0	0.0	0.0	0.0	0.0	0.0	0.0	0.0	0.0	0.0	0.0	0.0	0.0	0.0	
Solitary Sandpiper	0.0	0.0	0.0	0.0	0.0	0.0	0.0	0.0	0.0	0.0	0.0	0.0	0.0	0.0	0.0	0.027777777777777776	0.0	0.0	0.0	0.0	0.0	0.0	0.0	0.0	0.0	0.0	0.0	0.0	0.0	0.0	0.0	0.0	0.0	0.0	0.0	0.0	0.0	0.0	0.0	0.0	0.0	0.0	0.0	0.0	0.0	0.0	0.0	0.0	
Laughing Gull	0.0	0.0	0.0	0.0	0.0	0.0	0.0	0.0	0.0	0.0	0.0	0.07692307692307693	0.17647058823529413	0.23076923076923078	0.32142857142857145	0.19444444444444445	0.2727272727272727	0.2	0.36363636363636365	0.125	0.0	0.4	0.0	0.0	0.25	0.0	0.0	0.125	0.25	0.0	0.14285714285714285	0.14285714285714285	0.25	0.0	0.0	0.2	0.0	0.0	0.0	0.0	0.0	0.020833333333333332	0.0	0.0	0.0	0.0	0.0	0.0	
Anhinga	0.0	0.0	0.0	0.0	0.0	0.0	0.0	0.0	0.0	0.0	0.0	0.0	0.0	0.0	0.0	0.0	0.0	0.0	0.0	0.0	0.0	0.0	0.0	0.0	0.0	0.0	0.0	0.0	0.0	0.0	0.0	0.0	0.0	0.0	0.0	0.0	0.0	0.0	0.0	0.0	0.037037037037037035	0.0	0.0	0.0	0.0	0.0	0.0	0.0	
Neotropic Cormorant	0.0	0.0	0.0	0.0	0.0	0.0	0.0	0.0	0.041666666666666664	0.0	0.0	0.02564102564102564	0.058823529411764705	0.0	0.0	0.027777777777777776	0.0	0.0	0.0	0.0	0.0	0.0	0.0	0.0	0.0	0.0	0.0	0.0	0.0	0.0	0.0	0.0	0.0	0.0	0.09090909090909091	0.0	0.0	0.0	0.0	0.0	0.0	0.0	0.0	0.0	0.0	0.0	0.0	0.0	
Double-crested Cormorant	0.0	0.0	0.0	0.0	0.0	0.0	0.0	0.0	0.0	0.0	0.0	0.0	0.058823529411764705	0.0	0.0	0.0	0.0	0.0	0.0	0.0	0.0	0.0	0.0	0.0	0.0	0.0	0.0	0.0	0.0	0.0	0.0	0.0	0.0	0.0	0.0	0.0	0.0	0.0	0.0	0.0	0.037037037037037035	0.0	0.0	0.0	0.0	0.0	0.0	0.0	
cormorant sp.	0.0	0.0	0.0	0.0	0.0	0.0	0.0	0.0	0.0	0.0	0.0	0.0	0.0	0.0	0.0	0.0	0.0	0.0	0.0	0.0	0.0	0.0	0.0	0.0	0.0	0.0	0.0	0.0	0.0	0.0	0.0	0.0	0.0	0.0	0.0	0.0	0.0	0.0	0.0	0.0	0.0	0.0	0.0	0.0	0.08333333333333333	0.0	0.0	0.0	
American White Pelican	0.0	0.0	0.0	0.0	0.0	0.0	0.027777777777777776	0.0	0.041666666666666664	0.0	0.0	0.0	0.0	0.0	0.03571428571428571	0.0	0.0	0.0	0.0	0.0	0.0	0.0	0.0	0.0	0.0	0.0	0.0	0.0	0.0	0.0	0.0	0.0	0.0	0.0	0.0	0.0	0.0	0.0	0.0	0.0	0.0	0.0	0.0	0.0	0.0	0.0	0.0	0.058823529411764705	
American Bittern	0.0	0.0	0.0	0.0	0.0	0.0	0.0	0.0	0.041666666666666664	0.0	0.0	0.0	0.0	0.0	0.0	0.0	0.0	0.0	0.0	0.0	0.0	0.0	0.0	0.0	0.0	0.0	0.0	0.0	0.0	0.0	0.0	0.0	0.0	0.0	0.0	0.0	0.0	0.0	0.0	0.0	0.0	0.0	0.0	0.0	0.0	0.0	0.0	0.0	
Least Bittern	0.0	0.0	0.0	0.0	0.0	0.0	0.0	0.0	0.0	0.0	0.0	0.0	0.0	0.0	0.0	0.0	0.0	0.0	0.0	0.0	0.0	0.0	0.0	0.0	0.0	0.0	0.0	0.0	0.0	0.0	0.0	0.0	0.0	0.0	0.0	0.0	0.0	0.0	0.0	0.0	0.0	0.020833333333333332	0.0	0.0	0.0	0.0	0.0	0.0	
Great Blue Heron	0.0	0.0	0.0	0.0	0.0	0.0	0.0	0.0	0.0	0.0	0.0	0.0	0.0	0.0	0.03571428571428571	0.027777777777777776	0.0	0.0	0.0	0.0	0.0	0.0	0.0	0.0	0.0	0.0	0.0	0.0	0.0	0.0	0.0	0.0	0.0	0.0	0.0	0.0	0.0	0.0	0.0	0.0	0.07407407407407407	0.0	0.0	0.0	0.0	0.0	0.0	0.0	
Great Egret	0.14285714285714285	0.0	0.0	0.0	0.0	0.041666666666666664	0.0	0.0	0.041666666666666664	0.0	0.0	0.0	0.0	0.0	0.0	0.05555555555555555	0.0	0.0	0.0	0.0	0.0	0.0	0.0	0.0	0.0	0.0	0.0	0.0	0.0	0.0	0.0	0.0	0.0	0.0	0.0	0.0	0.0	0.0	0.25	0.0	0.037037037037037035	0.0	0.0	0.0	0.0	0.0	0.0	0.0	
Snowy Egret	0.0	0.0	0.0	0.0	0.0	0.0	0.0	0.0	0.0	0.0	0.0	0.0	0.0	0.038461538461538464	0.0	0.05555555555555555	0.0	0.0	0.0	0.0	0.0	0.0	0.0	0.0	0.0	0.0	0.0	0.125	0.0	0.0	0.0	0.0	0.0	0.0	0.09090909090909091	0.0	0.0	0.0	0.0	0.0	0.0	0.0	0.09090909090909091	0.0	0.0	0.0	0.0	0.0	
Cattle Egret	0.14285714285714285	0.0	0.0	0.0	0.0	0.0	0.0	0.0	0.041666666666666664	0.0	0.0	0.02564102564102564	0.0	0.038461538461538464	0.03571428571428571	0.05555555555555555	0.0	0.0	0.0	0.0	0.0	0.0	0.0	0.0	0.25	0.0	0.0	0.0	0.0	0.0	0.0	0.0	0.0	0.0	0.09090909090909091	0.0	0.0	0.0	0.0	0.0	0.0	0.0	0.0	0.0	0.0	0.0	0.0	0.0	
Green Heron	0.0	0.0	0.08333333333333333	0.058823529411764705	0.058823529411764705	0.041666666666666664	0.08333333333333333	0.021739130434782608	0.08333333333333333	0.0	0.0	0.07692307692307693	0.0	0.15384615384615385	0.21428571428571427	0.16666666666666666	0.22727272727272727	0.26666666666666666	0.2727272727272727	0.125	0.0015	0.2	0.0	0.0	0.0	0.5	0.0	0.0	0.25	0.0	0.0	0.14285714285714285	0.125	0.25	0.09090909090909091	0.2	0.0	0.14285714285714285	0.0	0.5714285714285714	0.07407407407407407	0.0	0.09090909090909091	0.0	0.0	0.0	0.1111111111111111	0.0015	
Black-crowned Night-Heron	0.0	0.0	0.0	0.0	0.0	0.0	0.0	0.0	0.0	0.0	0.0	0.02564102564102564	0.0	0.0	0.07142857142857142	0.0	0.0	0.0	0.0	0.0	0.0	0.0	0.5	0.0	0.0	0.0	0.0	0.125	0.0	0.0	0.0	0.0	0.0	0.0	0.0	0.0	0.0	0.0	0.0	0.0	0.0	0.0	0.0	0.0	0.0	0.0	0.0	0.0	
Yellow-crowned Night-Heron	0.0	0.0	0.0	0.0	0.0	0.0	0.0	0.1956521739130435	0.5	0.5	0.42857142857142855	0.6666666666666666	0.6470588235294118	0.6923076923076923	0.8571428571428571	0.5	0.8181818181818182	0.8666666666666667	0.8181818181818182	0.875	1.0	0.6	1.0	0.3333333333333333	0.25	0.0	0.0	0.125	0.5	0.0	0.2857142857142857	0.14285714285714285	0.0	0.0	0.0	0.0	0.0	0.0	0.0	0.0	0.0	0.0	0.0	0.0	0.0	0.0	0.0	0.058823529411764705	
White Ibis	0.0	0.0	0.0	0.0	0.0	0.0	0.0	0.0015	0.0	0.0	0.0	0.0	0.0	0.0	0.0	0.0	0.0	0.0	0.0	0.0	0.0	0.0	0.0	0.0	0.0	0.0	0.0	0.0	0.0	0.0	0.0	0.0	0.0	0.0	0.0	0.0	0.0	0.0	0.0	0.0	0.0	0.0	0.0	0.0	0.0	0.0	0.0	0.0	
Black Vulture	0.0	0.0	0.027777777777777776	0.0	0.058823529411764705	0.0	0.08333333333333333	0.043478260869565216	0.0	0.07692307692307693	0.0	0.0015	0.0	0.0	0.0	0.0	0.0	0.0	0.0	0.0	0.0	0.0	0.0	0.0	0.25	0.0	0.0	0.0	0.0	0.0	0.0	0.0	0.0	0.0	0.09090909090909091	0.0	0.0	0.0	0.0	0.0	0.0	0.020833333333333332	0.0	0.0	0.0	0.0	0.0	0.0	
Turkey Vulture	0.21428571428571427	0.21052631578947367	0.3888888888888889	0.35294117647058826	0.5294117647058824	0.2916666666666667	0.2777777777777778	0.41304347826086957	0.2916666666666667	0.34615384615384615	0.14285714285714285	0.23076923076923078	0.17647058823529413	0.038461538461538464	0.14285714285714285	0.1111111111111111	0.09090909090909091	0.0	0.09090909090909091	0.0	0.0	0.0	0.0	0.0	0.0	0.0	0.0	0.0	0.0	0.0	0.14285714285714285	0.14285714285714285	0.125	0.25	0.09090909090909091	0.2	0.2	0.0	0.25	0.0	0.18518518518518517	0.1875	0.5454545454545454	0.375	0.4166666666666667	0.75	0.2222222222222222	0.23529411764705882	
White-tailed Kite	0.0	0.0	0.0	0.0	0.0	0.0	0.0	0.0	0.0	0.0	0.0	0.0	0.0	0.0	0.0	0.0	0.0	0.0015	0.0	0.0	0.0	0.0	0.0	0.0	0.0	0.0	0.0	0.125	0.0	0.0	0.0	0.0	0.0	0.0	0.09090909090909091	0.0	0.0	0.0	0.0	0.0	0.0	0.0	0.0	0.0	0.0	0.0	0.0	0.0	
Mississippi Kite	0.0	0.0	0.0	0.0	0.0	0.0	0.0	0.0	0.0	0.0	0.0	0.0	0.0	0.0	0.07142857142857142	0.05555555555555555	0.0	0.06666666666666667	0.0	0.0	0.0	0.0	0.0	0.0	0.0	0.0	0.0	0.0	0.0	0.0	0.0	0.0	0.0	0.0	0.0	0.0	0.0	0.0	0.0	0.0	0.0	0.0	0.0	0.0	0.0	0.0	0.0	0.0	
Northern Harrier	0.0	0.0	0.0	0.0	0.0	0.0	0.0	0.021739130434782608	0.0	0.0	0.0	0.02564102564102564	0.0	0.0	0.0	0.0	0.0	0.0	0.0	0.0	0.0	0.0	0.0	0.0	0.0	0.0	0.0	0.0	0.0	0.0	0.0	0.0	0.0	0.0	0.0	0.0	0.0	0.0	0.0	0.0	0.0	0.0	0.0	0.0	0.0	0.0	0.0	0.0	
Sharp-shinned Hawk	0.07142857142857142	0.0	0.1111111111111111	0.0	0.0	0.0	0.0	0.021739130434782608	0.08333333333333333	0.038461538461538464	0.0	0.0	0.0	0.038461538461538464	0.0	0.0	0.0	0.0	0.0	0.0	0.0	0.0	0.0	0.0	0.0	0.0	0.0	0.0	0.0	0.0	0.0	0.0	0.0	0.0	0.0	0.0	0.0	0.0	0.0	0.0	0.0	0.0	0.0	0.125	0.0	0.125	0.0	0.058823529411764705	
Cooper's Hawk	0.2857142857142857	0.2631578947368421	0.2222222222222222	0.35294117647058826	0.35294117647058826	0.20833333333333334	0.16666666666666666	0.043478260869565216	0.16666666666666666	0.19230769230769232	0.07142857142857142	0.10256410256410256	0.11764705882352941	0.038461538461538464	0.0	0.0	0.0	0.0	0.0	0.0	0.0	0.0	0.0	0.0	0.0	0.0	0.0	0.0	0.0	0.0	0.0	0.0	0.0	0.25	0.09090909090909091	0.2	0.4	0.14285714285714285	0.0	0.14285714285714285	0.07407407407407407	0.16666666666666666	0.2727272727272727	0.25	0.16666666666666666	0.125	0.3333333333333333	0.23529411764705882	
Accipiter sp.	0.0	0.0	0.0	0.0	0.0	0.0	0.0	0.0	0.0	0.0	0.0	0.0	0.0	0.0	0.0	0.0	0.0	0.0	0.0	0.0	0.0	0.0	0.0	0.0	0.0	0.0	0.0	0.0	0.0	0.0	0.0	0.0	0.0	0.0	0.0	0.0	0.0	0.0	0.0	0.0	0.0	0.020833333333333332	0.0	0.0	0.0	0.0	0.0	0.0	
Harris's Hawk	0.0	0.0	0.0	0.058823529411764705	0.0	0.0	0.0	0.0	0.0	0.0	0.0	0.0	0.0	0.0	0.0	0.0	0.0	0.0	0.0	0.0	0.0	0.0	0.0	0.0	0.0	0.0	0.0	0.0	0.0	0.0	0.14285714285714285	0.0	0.0	0.0	0.0	0.2	0.0	0.0	0.0	0.0	0.0	0.041666666666666664	0.09090909090909091	0.0	0.0	0.0	0.0	0.0	
White-tailed Hawk	0.0	0.0	0.027777777777777776	0.0	0.0	0.0	0.0	0.0	0.0	0.0	0.0	0.0	0.0	0.0	0.0	0.0	0.0	0.0	0.0	0.0	0.0	0.0	0.0	0.0	0.0	0.0	0.0	0.0	0.0	0.0	0.0	0.0	0.0	0.0	0.0	0.0	0.0	0.0	0.0	0.0	0.0	0.0	0.0	0.0	0.0	0.0	0.0	0.0	
Gray Hawk	0.0	0.0	0.1388888888888889	0.0	0.0	0.0	0.0	0.0	0.041666666666666664	0.0	0.0	0.0	0.0	0.0	0.0	0.0	0.045454545454545456	0.0	0.0	0.0	0.0	0.0	0.0	0.0	0.0	0.0	0.0	0.0	0.0	0.0	0.0	0.0	0.0	0.0	0.0	0.0	0.0	0.0	0.0	0.0	0.0	0.020833333333333332	0.09090909090909091	0.125	0.0	0.0	0.0	0.058823529411764705	
Red-shouldered Hawk	0.0	0.0	0.0	0.11764705882352941	0.058823529411764705	0.041666666666666664	0.0	0.0	0.0	0.0	0.0	0.02564102564102564	0.11764705882352941	0.038461538461538464	0.0	0.0	0.0	0.0	0.0	0.0	0.0	0.0	0.0	0.0	0.0	0.0	0.0	0.0	0.0	0.0	0.0	0.0	0.0	0.0	0.0	0.2	0.2	0.0	0.0	0.0	0.0	0.0625	0.0	0.0	0.08333333333333333	0.125	0.1111111111111111	0.058823529411764705	
Broad-winged Hawk	0.0	0.0	0.0	0.0	0.0	0.0	0.0	0.0	0.0	0.0	0.0	0.1282051282051282	0.058823529411764705	0.038461538461538464	0.07142857142857142	0.08333333333333333	0.045454545454545456	0.13333333333333333	0.0	0.0	0.0	0.0	0.0	0.0	0.0	0.0	0.0	0.0	0.0	0.0	0.0	0.0	0.0	0.0	0.0	0.2	0.0	0.0	0.0	0.0	0.0	0.0	0.0	0.0	0.0	0.0	0.0	0.0	
Swainson's Hawk	0.0	0.0	0.0	0.0	0.0	0.0	0.0	0.0	0.0	0.0	0.0	0.0	0.0	0.038461538461538464	0.0	0.027777777777777776	0.0	0.0	0.0	0.125	0.0	0.0	0.0	0.0	0.0	0.0	0.0	0.0	0.0	0.0	0.0	0.0	0.125	0.25	0.0	0.0	0.0	0.0	0.0	0.0	0.0	0.0	0.0	0.0	0.0	0.0	0.0	0.0	
Zone-tailed Hawk	0.0	0.0	0.027777777777777776	0.0	0.0	0.0	0.0	0.021739130434782608	0.0	0.0	0.0	0.0	0.0	0.0	0.0	0.0	0.0	0.0	0.0	0.0	0.0	0.0	0.0	0.0	0.0	0.0	0.0	0.0	0.0	0.0	0.0	0.0	0.0	0.0	0.0	0.0	0.0	0.0	0.0	0.0	0.0	0.0	0.0	0.0	0.0	0.0	0.0	0.0	
Red-tailed Hawk	0.0	0.05263157894736842	0.027777777777777776	0.0	0.058823529411764705	0.041666666666666664	0.0	0.0	0.0	0.0	0.07142857142857142	0.0	0.0	0.0	0.03571428571428571	0.027777777777777776	0.0	0.0	0.0	0.0	0.0	0.0	0.0	0.0	0.0	0.0	0.0	0.0	0.0	0.0	0.0	0.0	0.0	0.0	0.0	0.0	0.0	0.0	0.0	0.0	0.037037037037037035	0.041666666666666664	0.0	0.125	0.0	0.0	0.0	0.11764705882352941	
Buteo sp.	0.0	0.0	0.0	0.0	0.0	0.0	0.027777777777777776	0.0	0.0	0.0	0.0	0.0	0.0	0.0	0.0	0.0	0.0	0.0	0.0	0.0	0.0	0.0	0.0	0.0	0.0	0.0	0.0	0.0	0.0	0.0	0.0	0.0	0.0	0.0	0.0	0.0	0.0	0.0	0.0	0.0	0.0	0.020833333333333332	0.0	0.0	0.0	0.0	0.0	0.0	
Eastern Screech-Owl	0.0	0.0	0.0	0.0	0.0	0.0	0.0	0.043478260869565216	0.08333333333333333	0.0	0.0	0.0	0.0015	0.038461538461538464	0.0015	0.08333333333333333	0.13636363636363635	0.13333333333333333	0.0	0.0	0.0	0.0	0.0	0.0	0.0	0.0	0.0	0.125	0.0	0.0	0.0	0.0	0.0	0.0	0.0	0.0	0.0	0.14285714285714285	0.25	0.0	0.2222222222222222	0.0015	0.09090909090909091	0.0	0.0	0.0	0.0	0.0015	
Ringed Kingfisher	0.0	0.0	0.0	0.0	0.0	0.0	0.0	0.0	0.0	0.0	0.07142857142857142	0.0	0.0	0.0	0.0	0.0	0.0	0.0	0.0	0.0	0.0	0.0	0.0	0.0	0.0	0.0	0.0	0.0	0.0	0.0	0.0	0.0	0.0	0.0	0.09090909090909091	0.0	0.0	0.0	0.0	0.0	0.0	0.0	0.0	0.0	0.0	0.0	0.0	0.0	
Green Kingfisher	0.07142857142857142	0.05263157894736842	0.0	0.0	0.0	0.0	0.0	0.0	0.0	0.0	0.07142857142857142	0.0	0.0	0.0	0.0	0.0	0.0	0.0	0.0	0.0	0.0	0.0	0.0	0.0	0.0	0.0	0.0	0.0	0.0	0.0	0.0	0.0	0.0	0.0	0.0	0.0	0.0	0.14285714285714285	0.0	0.0	0.037037037037037035	0.0015	0.09090909090909091	0.0	0.0	0.0	0.0	0.0	
Yellow-bellied Sapsucker	0.14285714285714285	0.0	0.08333333333333333	0.17647058823529413	0.0	0.041666666666666664	0.08333333333333333	0.0	0.041666666666666664	0.0	0.0	0.0	0.0	0.0	0.03571428571428571	0.0	0.0	0.0	0.0	0.0	0.0	0.0	0.0	0.0	0.0	0.0	0.0	0.0	0.0	0.0	0.0	0.0	0.0	0.0	0.0	0.0	0.0	0.0	0.0	0.0	0.0	0.041666666666666664	0.18181818181818182	0.125	0.0	0.125	0.1111111111111111	0.0	
Golden-fronted Woodpecker	0.5714285714285714	0.47368421052631576	0.6944444444444444	0.7647058823529411	0.6470588235294118	0.7916666666666666	0.6111111111111112	0.6086956521739131	0.7083333333333334	0.6153846153846154	0.35714285714285715	0.6666666666666666	0.5882352941176471	0.8461538461538461	0.75	0.6111111111111112	0.9090909090909091	0.9333333333333333	1.0	0.75	1.0	0.8	1.0	0.6666666666666666	0.75	1.0	0.5	0.75	0.5	0.6666666666666666	0.8571428571428571	0.8571428571428571	1.0	1.0	0.9090909090909091	0.8	0.6	0.8571428571428571	0.75	0.42857142857142855	0.8148148148148148	0.6875	0.8181818181818182	0.5	0.75	0.5	0.7777777777777778	0.6470588235294118	
Ladder-backed Woodpecker	0.21428571428571427	0.10526315789473684	0.1111111111111111	0.23529411764705882	0.23529411764705882	0.16666666666666666	0.1388888888888889	0.021739130434782608	0.125	0.23076923076923078	0.07142857142857142	0.10256410256410256	0.11764705882352941	0.15384615384615385	0.2857142857142857	0.25	0.5909090909090909	0.5333333333333333	0.36363636363636365	0.25	1.0	0.6	0.5	0.0	0.0	0.5	0.0	0.125	0.25	0.0	0.2857142857142857	0.14285714285714285	0.375	0.75	0.2727272727272727	0.2	0.4	0.14285714285714285	0.0	0.0	0.037037037037037035	0.14583333333333334	0.36363636363636365	0.125	0.0	0.25	0.1111111111111111	0.11764705882352941	
Crested Caracara	0.0	0.0	0.0	0.0	0.0	0.0	0.0	0.0	0.0	0.0	0.0	0.0	0.0	0.0	0.0	0.0	0.0	0.0	0.0	0.0	0.0015	0.0	0.0	0.0	0.0	0.0	0.0	0.0	0.0	0.0	0.0	0.0	0.0	0.0	0.0	0.0	0.0	0.0	0.0	0.0	0.0	0.020833333333333332	0.0	0.0	0.0	0.0	0.0	0.0	
American Kestrel	0.0	0.0	0.0	0.0	0.0	0.125	0.027777777777777776	0.0	0.0	0.0	0.0	0.0	0.0	0.0	0.0	0.0	0.0	0.0	0.0	0.0	0.0	0.0	0.0	0.0	0.0	0.0	0.0	0.0	0.0	0.0	0.0	0.0	0.0	0.0	0.0	0.0	0.0	0.0	0.0	0.0	0.0	0.020833333333333332	0.0	0.0	0.0	0.0	0.0	0.0	
Merlin	0.0	0.0	0.027777777777777776	0.058823529411764705	0.0	0.0	0.0	0.0	0.0	0.0	0.0	0.0	0.0	0.038461538461538464	0.0	0.0	0.0	0.0	0.0	0.0	0.0	0.0	0.0	0.0	0.0	0.0	0.0	0.0	0.0	0.0	0.0	0.0	0.0	0.0	0.0	0.0	0.0	0.0	0.0	0.0	0.0	0.0	0.0	0.0	0.0	0.125	0.0	0.058823529411764705	
Peregrine Falcon	0.0	0.05263157894736842	0.0	0.0	0.0	0.0	0.0	0.0	0.041666666666666664	0.0	0.0	0.0	0.0	0.0	0.03571428571428571	0.027777777777777776	0.0	0.0	0.0	0.0	0.0	0.0	0.0	0.0	0.0	0.0	0.0	0.0	0.0	0.0	0.0	0.0	0.0	0.0	0.0	0.0	0.0	0.0	0.0	0.0	0.0	0.0	0.0	0.0	0.0	0.125	0.0	0.0	
falcon sp.	0.0	0.0	0.0	0.0	0.0	0.0	0.0	0.0	0.0	0.0	0.0	0.0	0.0	0.0	0.0	0.0	0.0	0.0	0.0	0.0	0.0	0.0	0.0	0.0	0.0	0.0	0.0	0.0	0.0	0.0	0.0	0.0	0.0	0.0	0.0	0.0	0.0	0.0	0.0	0.0	0.0	0.0	0.0	0.0	0.08333333333333333	0.0	0.0	0.0	
Monk Parakeet	0.0	0.0	0.0	0.0	0.0	0.0	0.0	0.0	0.0	0.0	0.0	0.0	0.0	0.0	0.0	0.0	0.0	0.0	0.0	0.0	0.0	0.0	0.0	0.0	0.0	0.0	0.0	0.25	0.0015	0.3333333333333333	0.0	0.0	0.0	0.0	0.0	0.0	0.0	0.0	0.25	0.0	0.0	0.0	0.0	0.0	0.0	0.0	0.0	0.0	
Red-crowned Parrot	0.2857142857142857	0.3157894736842105	0.1388888888888889	0.058823529411764705	0.11764705882352941	0.08333333333333333	0.3333333333333333	0.15217391304347827	0.2916666666666667	0.34615384615384615	0.5714285714285714	0.2564102564102564	0.23529411764705882	0.38461538461538464	0.21428571428571427	0.6388888888888888	0.2727272727272727	0.5333333333333333	0.36363636363636365	0.375	0.0	0.6	1.0	0.6666666666666666	0.75	0.0015	0.5	0.625	0.75	0.3333333333333333	0.42857142857142855	0.5714285714285714	0.5	0.5	0.2727272727272727	1.0	0.4	0.14285714285714285	0.5	0.0	0.07407407407407407	0.10416666666666667	0.09090909090909091	0.25	0.25	0.25	0.2222222222222222	0.23529411764705882	
Lilac-crowned Parrot	0.0	0.0	0.0	0.0	0.0	0.0	0.05555555555555555	0.043478260869565216	0.041666666666666664	0.0	0.0	0.0	0.0	0.0	0.0	0.05555555555555555	0.0	0.0	0.0	0.125	0.0	0.0	0.5	0.3333333333333333	0.0015	0.0015	0.0	0.0	0.0	0.0	0.0	0.0	0.0	0.0	0.0	0.0	0.0	0.0	0.0	0.0	0.0	0.0	0.0	0.0	0.0	0.0	0.0	0.0015	
Red-lored Parrot	0.0	0.0	0.0	0.0	0.0	0.041666666666666664	0.027777777777777776	0.0	0.0	0.0	0.0	0.0	0.0	0.0	0.0	0.0	0.0	0.0	0.0	0.125	0.0	0.0	0.0	0.3333333333333333	0.0015	0.0	0.0	0.125	0.0	0.0	0.14285714285714285	0.14285714285714285	0.0	0.0	0.0	0.0015	0.0	0.0	0.25	0.0	0.0	0.0	0.0	0.0	0.0	0.0	0.0	0.0	
Yellow-headed Parrot	0.0	0.0	0.0	0.0	0.0	0.0	0.0015	0.021739130434782608	0.041666666666666664	0.0	0.0	0.0	0.058823529411764705	0.038461538461538464	0.0	0.08333333333333333	0.0	0.0	0.0015	0.125	0.0	0.0	0.0015	0.3333333333333333	0.0015	0.0	0.0	0.125	0.0	0.0	0.14285714285714285	0.0	0.0	0.0	0.0	0.0015	0.0	0.0	0.25	0.0	0.0	0.0	0.0	0.0	0.0	0.0	0.0	0.0015	
Amazona sp.	0.0	0.0	0.0	0.0	0.0	0.0	0.0	0.021739130434782608	0.0	0.038461538461538464	0.0	0.0	0.0	0.0	0.0	0.0	0.0	0.0	0.0	0.0	0.0	0.0	0.0015	0.0	0.0	0.0	0.0	0.0	0.0	0.0	0.0	0.0	0.0	0.0	0.0	0.0	0.0	0.0	0.0	0.0	0.0	0.0	0.0	0.0	0.0	0.0	0.0	0.0	
Green Parakeet	0.2857142857142857	0.0	0.08333333333333333	0.17647058823529413	0.11764705882352941	0.20833333333333334	0.3333333333333333	0.30434782608695654	0.20833333333333334	0.3076923076923077	0.07142857142857142	0.23076923076923078	0.17647058823529413	0.2692307692307692	0.10714285714285714	0.2777777777777778	0.36363636363636365	0.6	0.45454545454545453	0.0	0.0	0.4	0.5	0.3333333333333333	0.0015	0.0015	0.75	0.5	0.25	0.0	0.2857142857142857	0.7142857142857143	0.25	0.25	0.18181818181818182	0.2	0.4	0.14285714285714285	0.0	0.0015	0.18518518518518517	0.16666666666666666	0.2727272727272727	0.25	0.08333333333333333	0.0	0.1111111111111111	0.11764705882352941	
Northern Beardless-Tyrannulet	0.0	0.0	0.0	0.0	0.0	0.0	0.0	0.0	0.0	0.0	0.0	0.0	0.0	0.0	0.0	0.0	0.0	0.06666666666666667	0.09090909090909091	0.0	0.0	0.0	0.0	0.0	0.0	0.0	0.0	0.0	0.0	0.0	0.0	0.0	0.0	0.0	0.0	0.0	0.0	0.0	0.0	0.14285714285714285	0.0	0.0	0.09090909090909091	0.0	0.0	0.0	0.0	0.0	
Olive-sided Flycatcher	0.0	0.0	0.0	0.0	0.0	0.0	0.0	0.0	0.0	0.0	0.0	0.0	0.0	0.0	0.0	0.0	0.045454545454545456	0.0	0.18181818181818182	0.0	0.0	0.0	0.0	0.0	0.0	0.0	0.0	0.0	0.0	0.0	0.0	0.0	0.0	0.0	0.0	0.0	0.0	0.0	0.0	0.0	0.0	0.0	0.0	0.0	0.0	0.0	0.0	0.0	
Eastern Wood-Pewee	0.0	0.0	0.0	0.0	0.0	0.0	0.0	0.0	0.0	0.0	0.0	0.0	0.0	0.0	0.0	0.1111111111111111	0.5454545454545454	0.6666666666666666	0.2727272727272727	0.125	0.0	0.0	0.0	0.0	0.0	0.0	0.0	0.0	0.0	0.0	0.0	0.0	0.25	0.25	0.09090909090909091	0.0	0.0	0.0	0.0	0.0	0.0	0.0	0.0	0.0	0.0	0.0	0.0	0.0	
Yellow-bellied Flycatcher	0.0	0.0	0.0	0.0	0.0	0.0	0.0	0.0	0.0	0.0	0.0	0.0	0.0	0.0	0.0	0.0	0.0	0.26666666666666666	0.18181818181818182	0.375	0.0	0.0	0.0	0.0	0.0	0.0	0.0	0.0	0.0	0.0	0.0	0.0	0.125	0.5	0.0	0.0	0.0	0.0	0.0	0.0	0.0	0.0	0.0	0.0	0.0	0.0	0.0	0.0	
Acadian Flycatcher	0.0	0.0	0.0	0.0	0.0	0.0	0.0	0.0	0.0	0.0	0.0	0.0	0.0	0.0	0.07142857142857142	0.0	0.09090909090909091	0.13333333333333333	0.09090909090909091	0.0	0.0	0.0	0.0	0.0	0.0	0.0	0.0	0.0	0.0	0.0	0.0	0.0	0.0	0.0	0.18181818181818182	0.0	0.0	0.0	0.0	0.0	0.0	0.0	0.0	0.0	0.0	0.0	0.0	0.0	
Alder Flycatcher	0.0	0.0	0.0	0.0	0.0	0.0	0.0	0.0	0.0	0.0	0.0	0.0	0.0	0.0	0.0	0.0	0.09090909090909091	0.0	0.09090909090909091	0.0	0.0	0.0	0.0	0.0	0.0	0.0	0.0	0.0	0.0	0.0	0.0	0.0	0.25	0.25	0.0	0.0	0.0	0.0	0.0	0.0	0.0	0.0	0.0	0.0	0.0	0.0	0.0	0.0	
Willow Flycatcher	0.0	0.0	0.0	0.0	0.0	0.0	0.0	0.0	0.0	0.0	0.0	0.0	0.0	0.0	0.0	0.0	0.0	0.06666666666666667	0.0	0.0	0.0	0.0	0.0	0.0	0.0	0.0	0.0	0.0	0.0	0.0	0.0	0.0	0.0	0.0	0.0	0.0	0.0	0.0	0.0	0.0	0.0	0.0	0.0	0.0	0.0	0.0	0.0	0.0	
Alder/Willow Flycatcher (Traill's Flycatcher)	0.0	0.0	0.0	0.0	0.0	0.0	0.0	0.0	0.0	0.0	0.0	0.0	0.0	0.0	0.0	0.0	0.0	0.0	0.09090909090909091	0.0	0.0	0.0	0.0	0.0	0.0	0.0	0.0	0.0	0.0	0.0	0.0	0.0	0.125	0.0	0.0	0.0	0.0	0.0	0.0	0.0	0.0	0.0	0.0	0.0	0.0	0.0	0.0	0.0	
Least Flycatcher	0.0	0.0	0.027777777777777776	0.0	0.0	0.0	0.0	0.0	0.0	0.0	0.0	0.0	0.0	0.0	0.0	0.05555555555555555	0.3181818181818182	0.3333333333333333	0.2727272727272727	0.125	0.0	0.0	0.0	0.0	0.0	0.0	0.0	0.0	0.0	0.3333333333333333	0.14285714285714285	0.0	0.125	0.5	0.0	0.0	0.0	0.0	0.0	0.0	0.0	0.020833333333333332	0.0	0.0	0.0	0.0	0.0	0.0	
Empidonax sp.	0.0	0.0	0.0	0.0	0.0	0.0	0.0	0.0	0.0	0.0	0.0	0.0	0.0	0.0	0.0	0.05555555555555555	0.22727272727272727	0.2	0.18181818181818182	0.0	0.0	0.0	0.0	0.0	0.0	0.0	0.0	0.0	0.0	0.0	0.14285714285714285	0.42857142857142855	0.25	0.25	0.18181818181818182	0.0	0.0	0.0	0.0	0.0	0.0	0.0	0.0	0.0	0.0	0.0	0.0	0.0	
Eastern Phoebe	0.07142857142857142	0.0	0.0	0.058823529411764705	0.0015	0.0	0.0	0.043478260869565216	0.08333333333333333	0.038461538461538464	0.07142857142857142	0.02564102564102564	0.0	0.0	0.0	0.0	0.0	0.0	0.0	0.0	0.0	0.0	0.0	0.0	0.0	0.0	0.0	0.0	0.0	0.0	0.0	0.0	0.0	0.0	0.0	0.0	0.0	0.0	0.0	0.0	0.0	0.0625	0.09090909090909091	0.125	0.25	0.125	0.1111111111111111	0.11764705882352941	
Ash-throated Flycatcher	0.0	0.0	0.0	0.0	0.0	0.0	0.0	0.0	0.0	0.0	0.07142857142857142	0.0	0.0	0.07692307692307693	0.10714285714285714	0.19444444444444445	0.13636363636363635	0.26666666666666666	0.2727272727272727	0.0	0.0	0.0	0.0	0.0	0.0	0.0	0.0	0.0	0.0	0.0	0.0	0.0	0.0	0.25	0.0	0.2	0.0	0.0	0.0	0.0	0.0	0.0	0.0	0.0	0.0	0.0	0.0	0.0	
Great Crested Flycatcher	0.0	0.0	0.0	0.0	0.0	0.0	0.0	0.0	0.0	0.0	0.0	0.05128205128205128	0.17647058823529413	0.11538461538461539	0.25	0.19444444444444445	0.09090909090909091	0.26666666666666666	0.18181818181818182	0.0	0.0	0.0	0.0	0.0	0.0	0.0	0.0	0.0	0.0	0.0	0.0	0.0	0.25	0.5	0.09090909090909091	0.0	0.0	0.0	0.0	0.0	0.0	0.0	0.0	0.0	0.0	0.0	0.0	0.0	
Brown-crested Flycatcher	0.0	0.0	0.0	0.0	0.0	0.0	0.0	0.0	0.0	0.0	0.0	0.07692307692307693	0.0	0.19230769230769232	0.2857142857142857	0.3055555555555556	0.5909090909090909	0.6	0.6363636363636364	0.25	1.0	0.4	0.5	0.0	0.0	0.5	0.25	0.0	0.5	0.0	0.5714285714285714	0.0	0.0	0.0	0.09090909090909091	0.0	0.0	0.0	0.0	0.0	0.0	0.0	0.0	0.0	0.0	0.0	0.0	0.0	
Myiarchus sp.	0.0	0.0	0.0	0.0	0.0	0.0	0.0	0.0	0.0	0.0	0.0	0.0	0.0	0.0	0.07142857142857142	0.0	0.0	0.0	0.0	0.0	0.0	0.0	0.0	0.0	0.0	0.0	0.0	0.0	0.0	0.0	0.0	0.0	0.0	0.0	0.0	0.0	0.0	0.0	0.0	0.0	0.0	0.0	0.0	0.0	0.0	0.0	0.0	0.0	
Great Kiskadee	0.6428571428571429	0.42105263157894735	0.6111111111111112	0.7058823529411765	0.5882352941176471	0.625	0.6111111111111112	0.5	0.5416666666666666	0.4230769230769231	0.5714285714285714	0.5641025641025641	0.5882352941176471	0.6153846153846154	0.4642857142857143	0.4166666666666667	0.7727272727272727	0.6666666666666666	0.6363636363636364	0.375	1.0	0.4	0.0	0.0	0.25	1.0	0.0	0.5	0.75	1.0	0.42857142857142855	0.7142857142857143	0.75	0.75	0.5454545454545454	0.6	0.4	0.5714285714285714	0.5	0.14285714285714285	0.7037037037037037	0.6666666666666666	0.8181818181818182	0.375	0.75	0.625	0.5555555555555556	0.7647058823529411	
Tropical Kingbird	0.14285714285714285	0.0015	0.2222222222222222	0.11764705882352941	0.0	0.08333333333333333	0.027777777777777776	0.0	0.0	0.038461538461538464	0.07142857142857142	0.02564102564102564	0.0	0.15384615384615385	0.03571428571428571	0.1111111111111111	0.0	0.06666666666666667	0.0	0.125	0.0	0.0	0.0	0.0	0.25	0.5	0.75	0.125	0.0	0.3333333333333333	0.42857142857142855	0.42857142857142855	0.25	0.25	0.2727272727272727	0.2	0.0	0.0	0.0	0.0	0.037037037037037035	0.020833333333333332	0.18181818181818182	0.125	0.0	0.0	0.1111111111111111	0.0015	
Couch's Kingbird	0.14285714285714285	0.0	0.0	0.058823529411764705	0.0	0.0	0.0	0.0	0.041666666666666664	0.07692307692307693	0.07142857142857142	0.3333333333333333	0.23529411764705882	0.23076923076923078	0.2857142857142857	0.25	0.45454545454545453	0.5333333333333333	0.36363636363636365	0.125	1.0	0.4	0.5	0.3333333333333333	0.25	1.0	0.25	0.375	0.25	0.6666666666666666	0.42857142857142855	0.42857142857142855	0.625	0.75	0.5454545454545454	0.4	0.4	0.14285714285714285	0.5	0.0	0.037037037037037035	0.0015	0.0	0.0	0.0	0.0	0.1111111111111111	0.058823529411764705	
Tropical/Couch's Kingbird	0.0	0.0	0.027777777777777776	0.0	0.0	0.0	0.027777777777777776	0.021739130434782608	0.0	0.038461538461538464	0.0	0.0	0.0	0.038461538461538464	0.0	0.027777777777777776	0.045454545454545456	0.06666666666666667	0.0	0.0	0.0	0.0	0.0	0.0	0.0	0.0	0.0	0.0	0.25	0.0	0.14285714285714285	0.14285714285714285	0.125	0.0	0.0	0.0	0.0	0.0	0.0	0.0	0.0	0.0	0.0	0.0	0.0	0.0	0.0	0.0	
Western Kingbird	0.0	0.0	0.0	0.0	0.0	0.0	0.0	0.0	0.0	0.0	0.0	0.0	0.0	0.11538461538461539	0.0	0.05555555555555555	0.0	0.0	0.0	0.0	0.0	0.0	0.0	0.0	0.0	0.5	0.0	0.0	0.25	0.0	0.0	0.0	0.0	0.0	0.0	0.0	0.0	0.0	0.0	0.0	0.0	0.0	0.0	0.0	0.0	0.0	0.0	0.0	
Eastern Kingbird	0.0	0.0	0.0	0.0	0.0	0.0	0.0	0.0	0.0	0.0	0.0	0.0	0.0	0.0	0.0	0.0	0.045454545454545456	0.0	0.0	0.0	0.0	0.0	0.0	0.0	0.0	0.0	0.0	0.0	0.0	0.0	0.0	0.0	0.0	0.0	0.0	0.0	0.0	0.0	0.0	0.0	0.0	0.0	0.0	0.0	0.0	0.0	0.0	0.0	
Scissor-tailed Flycatcher	0.0	0.0	0.0	0.0	0.0	0.0	0.0	0.0	0.0	0.0015	0.0	0.07692307692307693	0.058823529411764705	0.0	0.03571428571428571	0.027777777777777776	0.0	0.0	0.0	0.0	0.0	0.0	0.0	0.0	0.0	0.0	0.0	0.0	0.0	0.0	0.0	0.0	0.0	0.0	0.0	0.0	0.0	0.0	0.25	0.0	0.0	0.0	0.0	0.0	0.0	0.0	0.0	0.0	
flycatcher sp. (Tyrannidae sp.)	0.0	0.0	0.0	0.0	0.0	0.0	0.0	0.0	0.0	0.0	0.0	0.0	0.0	0.0	0.03571428571428571	0.0	0.0	0.0	0.0	0.0	0.0	0.0	0.0	0.0	0.0	0.0	0.0	0.0	0.0	0.0	0.0	0.0	0.0	0.0	0.0	0.0	0.0	0.0	0.0	0.0	0.0	0.0	0.0	0.0	0.0	0.0	0.0	0.0	
Loggerhead Shrike	0.21428571428571427	0.05263157894736842	0.05555555555555555	0.058823529411764705	0.0	0.041666666666666664	0.027777777777777776	0.0	0.08333333333333333	0.07692307692307693	0.07142857142857142	0.02564102564102564	0.0	0.11538461538461539	0.03571428571428571	0.1388888888888889	0.045454545454545456	0.0	0.09090909090909091	0.125	0.0	0.0	0.0	0.0	0.0	0.0	0.25	0.0	0.0	0.0	0.14285714285714285	0.0	0.0	0.25	0.0	0.2	0.0	0.0	0.0	0.0	0.07407407407407407	0.0	0.09090909090909091	0.0	0.0	0.25	0.0	0.0015	
White-eyed Vireo	0.5714285714285714	0.21052631578947367	0.3611111111111111	0.29411764705882354	0.5294117647058824	0.4583333333333333	0.3888888888888889	0.32608695652173914	0.5416666666666666	0.3076923076923077	0.14285714285714285	0.358974358974359	0.29411764705882354	0.4230769230769231	0.5	0.3055555555555556	0.7727272727272727	0.6666666666666666	0.5454545454545454	0.25	1.0	0.6	0.5	0.3333333333333333	0.0	0.0	0.25	0.125	0.75	0.0	0.42857142857142855	0.5714285714285714	0.625	0.75	0.2727272727272727	0.4	0.8	0.42857142857142855	0.25	0.0	0.2962962962962963	0.4791666666666667	0.6363636363636364	0.25	0.25	0.125	0.4444444444444444	0.47058823529411764	
Yellow-throated Vireo	0.0	0.0	0.0	0.0	0.0	0.0	0.0	0.0	0.0	0.0	0.0	0.0	0.0	0.0	0.0015	0.0	0.045454545454545456	0.0	0.0	0.0	0.0	0.0	0.0	0.0	0.0	0.0	0.0	0.0	0.0	0.0	0.0	0.0	0.0	0.0	0.0	0.0	0.0	0.0	0.0	0.0	0.0	0.0	0.0	0.0	0.0	0.0	0.0	0.0	
Blue-headed Vireo	0.2857142857142857	0.10526315789473684	0.19444444444444445	0.17647058823529413	0.17647058823529413	0.125	0.05555555555555555	0.15217391304347827	0.041666666666666664	0.07692307692307693	0.0	0.05128205128205128	0.0	0.0	0.03571428571428571	0.1388888888888889	0.13636363636363635	0.13333333333333333	0.0	0.0	0.0	0.0	0.0	0.0	0.0	0.0	0.0	0.0	0.0	0.0	0.0	0.0	0.0	0.0	0.0	0.2	0.2	0.0	0.0	0.0	0.1111111111111111	0.10416666666666667	0.36363636363636365	0.125	0.16666666666666666	0.125	0.3333333333333333	0.29411764705882354	
Philadelphia Vireo	0.0	0.0	0.0	0.0	0.0	0.0	0.0	0.0	0.0	0.0	0.0	0.0	0.0	0.0	0.0	0.0	0.09090909090909091	0.06666666666666667	0.0	0.0	0.0	0.0	0.0	0.0	0.0	0.0	0.0	0.0	0.0	0.0	0.0	0.0	0.0	0.0	0.0	0.0	0.2	0.14285714285714285	0.0	0.0	0.0	0.0	0.0	0.0	0.0	0.0	0.0	0.0	
Warbling Vireo	0.0	0.0	0.0	0.0	0.0	0.0	0.0	0.0	0.0	0.0	0.0	0.0	0.0	0.07692307692307693	0.10714285714285714	0.05555555555555555	0.3181818181818182	0.13333333333333333	0.18181818181818182	0.0	0.0	0.0	0.0	0.0	0.0	0.0	0.0	0.0	0.0	0.0	0.0	0.0	0.0	0.0	0.0	0.0	0.0	0.0	0.0	0.0	0.0	0.0	0.0	0.0	0.0	0.0	0.0	0.0	
Red-eyed Vireo	0.0	0.0	0.0	0.0	0.0	0.0	0.0	0.0	0.0	0.0	0.0	0.0	0.0	0.07692307692307693	0.10714285714285714	0.05555555555555555	0.13636363636363635	0.06666666666666667	0.09090909090909091	0.125	0.0	0.0	0.0	0.0	0.0	0.0	0.0	0.0	0.0	0.0	0.0	0.0	0.0	0.0	0.09090909090909091	0.0	0.0	0.0	0.0	0.0	0.0	0.0	0.0	0.0	0.0	0.0	0.0	0.0	
vireo sp.	0.0	0.0	0.0	0.0	0.0	0.0	0.0	0.0	0.0	0.0	0.0	0.0	0.0	0.0	0.0	0.0	0.0	0.0	0.0	0.0	0.0	0.0	0.0	0.0	0.0	0.0	0.0	0.0	0.0	0.0	0.0	0.0	0.0	0.0	0.0	0.0	0.0	0.0	0.0	0.0	0.0	0.0	0.0	0.0	0.0	0.0	0.2222222222222222	0.0	
Green Jay	0.42857142857142855	0.21052631578947367	0.2222222222222222	0.29411764705882354	0.5294117647058824	0.3333333333333333	0.3611111111111111	0.13043478260869565	0.2916666666666667	0.11538461538461539	0.14285714285714285	0.15384615384615385	0.23529411764705882	0.15384615384615385	0.25	0.05555555555555555	0.13636363636363635	0.26666666666666666	0.18181818181818182	0.25	0.0	0.0	0.5	0.0	0.25	0.0	0.25	0.0	0.25	0.3333333333333333	0.42857142857142855	0.14285714285714285	0.25	0.25	0.18181818181818182	0.2	0.4	0.42857142857142855	0.25	0.2857142857142857	0.4074074074074074	0.5	0.5454545454545454	0.375	0.4166666666666667	0.0	1.0	0.29411764705882354	
Horned Lark	0.0	0.0	0.0	0.0	0.0	0.0	0.0	0.0	0.0	0.0	0.0	0.0	0.0	0.0	0.0	0.0	0.0	0.0	0.09090909090909091	0.0	0.0	0.0	0.0	0.0	0.0	0.0	0.0	0.0	0.0	0.0	0.0	0.0	0.0	0.0	0.0	0.0	0.0	0.0	0.0	0.0	0.0	0.0	0.0	0.0	0.0	0.0	0.0	0.0	
Northern Rough-winged Swallow	0.0	0.0	0.0	0.0	0.0	0.0	0.0	0.0	0.041666666666666664	0.0	0.07142857142857142	0.0	0.058823529411764705	0.038461538461538464	0.0	0.0	0.09090909090909091	0.06666666666666667	0.0	0.0	0.0	0.0	0.0	0.0	0.0	0.0	0.0	0.0	0.0	0.0	0.14285714285714285	0.2857142857142857	0.125	0.25	0.09090909090909091	0.0	0.0	0.0	0.0	0.0	0.0	0.0	0.0	0.0	0.0	0.0	0.0	0.0	
Purple Martin	0.0	0.0	0.0	0.0	0.0	0.041666666666666664	0.05555555555555555	0.43478260869565216	0.25	0.23076923076923078	0.07142857142857142	0.20512820512820512	0.17647058823529413	0.23076923076923078	0.2857142857142857	0.2777777777777778	0.36363636363636365	0.5333333333333333	0.45454545454545453	0.25	1.0	0.4	1.0	0.0	0.0	0.5	0.0	0.0	0.5	0.3333333333333333	0.2857142857142857	0.14285714285714285	0.125	0.0	0.0	0.0	0.0	0.0	0.0	0.0	0.0	0.0	0.0	0.0	0.0	0.0	0.0	0.0	
Tree Swallow	0.0	0.0	0.0	0.0	0.0	0.0	0.0	0.0	0.0	0.0	0.0	0.0	0.0015	0.0	0.0	0.0	0.0	0.0	0.0	0.0	0.0	0.0	0.0	0.0	0.0	0.0	0.0	0.0	0.0	0.0	0.0	0.0	0.0	0.0	0.0	0.0	0.0	0.0	0.0	0.0	0.0	0.0	0.0	0.0	0.0	0.0	0.0	0.0	
Bank Swallow	0.0	0.0	0.0	0.0	0.0	0.0	0.0	0.0	0.0	0.0	0.0	0.0	0.0	0.0	0.0	0.0	0.0	0.0	0.09090909090909091	0.0	0.0	0.0	0.0	0.0	0.0	0.0	0.0	0.0	0.0	0.0	0.0	0.14285714285714285	0.0	0.0	0.0	0.0	0.0	0.0	0.0	0.0	0.0	0.0	0.0	0.0	0.0	0.0	0.0	0.0	
Barn Swallow	0.0	0.0	0.0	0.0	0.0	0.0	0.0	0.0	0.0	0.0	0.0	0.0	0.0	0.038461538461538464	0.0	0.027777777777777776	0.045454545454545456	0.13333333333333333	0.0	0.0	0.0	0.0	0.0	0.0	0.25	0.0	0.0	0.0	0.0	0.0	0.0	0.14285714285714285	0.125	0.25	0.0	0.0	0.0	0.0	0.75	0.0	0.1111111111111111	0.0	0.0	0.0	0.0	0.0	0.0	0.0	
Cliff Swallow	0.0	0.0	0.0	0.0	0.0	0.0	0.0	0.0	0.0	0.0	0.0	0.0	0.0	0.0	0.0	0.0	0.045454545454545456	0.06666666666666667	0.0	0.0	0.0	0.0	0.0	0.0	0.0	0.0	0.0	0.0	0.0	0.0	0.0	0.0	0.0	0.0	0.0	0.0	0.0	0.0	0.0	0.0	0.037037037037037035	0.0	0.0	0.0	0.0	0.0	0.0	0.0	
Cave Swallow	0.0	0.0	0.0	0.0	0.0	0.0	0.0	0.0	0.0	0.0	0.0	0.0	0.0	0.0	0.0	0.027777777777777776	0.0	0.0	0.0	0.0	0.0	0.0	0.0	0.0	0.0	0.0	0.0	0.0	0.0	0.0	0.0	0.0	0.0	0.0	0.0	0.0	0.0	0.0	0.0	0.0	0.0	0.0	0.0	0.0	0.0	0.0	0.0	0.0	
Cliff/Cave Swallow	0.0	0.0	0.0	0.0	0.0	0.0	0.0	0.0	0.0	0.0	0.0	0.0	0.0	0.0	0.0	0.0	0.0	0.0	0.0	0.0	0.0	0.0	0.0	0.0	0.0	0.0	0.0	0.0	0.0	0.0	0.0	0.0	0.0	0.0	0.0	0.0	0.0	0.0	0.25	0.0	0.0	0.0	0.0	0.0	0.0	0.0	0.0	0.0	
swallow sp.	0.0	0.0	0.0	0.0	0.0	0.0	0.0	0.0	0.0	0.0	0.0	0.02564102564102564	0.0	0.0	0.0	0.0	0.0	0.0	0.0	0.0	0.0	0.0	0.0	0.0	0.0	0.0	0.0	0.0	0.0	0.0	0.0	0.0	0.0	0.0	0.0	0.0	0.0	0.0	0.25	0.0	0.07407407407407407	0.0	0.0	0.0	0.0	0.0	0.0	0.0	
Black-crested Titmouse	0.5714285714285714	0.15789473684210525	0.4444444444444444	0.5294117647058824	0.6470588235294118	0.6666666666666666	0.6666666666666666	0.5217391304347826	0.4583333333333333	0.3076923076923077	0.35714285714285715	0.3333333333333333	0.4117647058823529	0.46153846153846156	0.6071428571428571	0.3333333333333333	0.7272727272727273	0.6	0.6363636363636364	0.5	1.0	0.4	0.5	0.3333333333333333	0.0	0.5	0.5	0.25	0.5	0.3333333333333333	0.5714285714285714	0.2857142857142857	0.5	0.75	0.5454545454545454	0.6	0.6	0.42857142857142855	0.25	0.14285714285714285	0.37037037037037035	0.625	0.8181818181818182	0.25	0.6666666666666666	0.125	0.6666666666666666	0.5294117647058824	
Verdin	0.07142857142857142	0.05263157894736842	0.027777777777777776	0.11764705882352941	0.11764705882352941	0.041666666666666664	0.08333333333333333	0.0	0.0	0.038461538461538464	0.0	0.0	0.0	0.0	0.0	0.0	0.0	0.0	0.0	0.0	0.0	0.0	0.0	0.0	0.0	0.0	0.0	0.0	0.0	0.0	0.0	0.0	0.0	0.0	0.0	0.0	0.0	0.0	0.0	0.0	0.0	0.041666666666666664	0.0	0.125	0.08333333333333333	0.0	0.0	0.058823529411764705	
House Wren	0.2857142857142857	0.10526315789473684	0.16666666666666666	0.11764705882352941	0.058823529411764705	0.16666666666666666	0.1111111111111111	0.043478260869565216	0.125	0.15384615384615385	0.0	0.05128205128205128	0.11764705882352941	0.07692307692307693	0.03571428571428571	0.0	0.045454545454545456	0.06666666666666667	0.0	0.0	0.0	0.0	0.0	0.0	0.0	0.0	0.0	0.0	0.0	0.0	0.0	0.0	0.0	0.0	0.0	0.0	0.0	0.14285714285714285	0.0	0.0	0.4074074074074074	0.25	0.36363636363636365	0.25	0.08333333333333333	0.125	0.1111111111111111	0.058823529411764705	
Carolina Wren	0.21428571428571427	0.05263157894736842	0.16666666666666666	0.17647058823529413	0.058823529411764705	0.16666666666666666	0.2777777777777778	0.2826086956521739	0.25	0.23076923076923078	0.07142857142857142	0.1794871794871795	0.23529411764705882	0.3076923076923077	0.35714285714285715	0.2222222222222222	0.3181818181818182	0.4666666666666667	0.36363636363636365	0.25	0.0	0.2	0.0	0.0	0.25	0.5	0.0	0.125	0.25	0.0	0.2857142857142857	0.2857142857142857	0.375	0.5	0.36363636363636365	0.4	0.4	0.2857142857142857	0.0	0.0	0.18518518518518517	0.20833333333333334	0.09090909090909091	0.125	0.08333333333333333	0.25	0.3333333333333333	0.0015	
Bewick's Wren	0.0	0.0	0.0	0.0	0.0	0.0	0.05555555555555555	0.0	0.041666666666666664	0.038461538461538464	0.0	0.0	0.058823529411764705	0.0	0.0	0.08333333333333333	0.09090909090909091	0.13333333333333333	0.0	0.0	0.0	0.0	0.0	0.0	0.0	0.0	0.0	0.0	0.0	0.0	0.0	0.14285714285714285	0.0	0.25	0.0	0.0	0.0	0.0	0.0	0.0	0.0	0.0	0.0	0.0	0.0	0.0	0.0	0.0	
Blue-gray Gnatcatcher	0.2857142857142857	0.05263157894736842	0.2777777777777778	0.4117647058823529	0.47058823529411764	0.20833333333333334	0.3611111111111111	0.21739130434782608	0.2916666666666667	0.11538461538461539	0.07142857142857142	0.20512820512820512	0.17647058823529413	0.07692307692307693	0.10714285714285714	0.05555555555555555	0.0	0.0	0.0	0.0	0.0	0.0	0.0	0.0	0.0	0.0	0.0	0.0	0.0	0.0	0.0	0.14285714285714285	0.25	0.5	0.18181818181818182	0.2	0.4	0.2857142857142857	0.25	0.14285714285714285	0.37037037037037035	0.4583333333333333	0.45454545454545453	0.375	0.5833333333333334	0.125	0.5555555555555556	0.5294117647058824	
Golden-crowned Kinglet	0.0	0.0	0.0	0.0	0.0	0.0	0.0	0.021739130434782608	0.0	0.0	0.0	0.0	0.0	0.0	0.0	0.0	0.0	0.0	0.0	0.0	0.0	0.0	0.0	0.0	0.0	0.0	0.0	0.0	0.0	0.0	0.0	0.0	0.0	0.0	0.0	0.0	0.0	0.0	0.0	0.0	0.0	0.0	0.0	0.0	0.0	0.0	0.0	0.0	
Ruby-crowned Kinglet	0.42857142857142855	0.21052631578947367	0.5	0.4117647058823529	0.35294117647058826	0.4166666666666667	0.4444444444444444	0.32608695652173914	0.25	0.2692307692307692	0.14285714285714285	0.10256410256410256	0.11764705882352941	0.0	0.07142857142857142	0.0	0.0	0.0	0.0	0.0	0.0	0.0	0.0	0.0	0.0	0.0	0.0	0.0	0.0	0.0	0.0	0.0	0.0	0.0	0.0	0.0	0.0	0.0	0.0	0.14285714285714285	0.14814814814814814	0.4791666666666667	0.45454545454545453	0.25	0.5	0.25	0.7777777777777778	0.6470588235294118	
Eastern Bluebird	0.0	0.0	0.0	0.0	0.0	0.041666666666666664	0.0	0.0	0.0	0.0	0.0	0.0	0.0	0.0	0.0	0.0	0.0	0.0	0.0	0.0	0.0	0.0	0.0	0.0	0.0	0.0	0.0	0.0	0.0	0.0	0.0	0.0	0.0	0.0	0.0	0.0	0.0	0.0	0.0	0.0	0.0	0.0	0.0	0.0	0.0	0.0	0.0	0.0	
Veery	0.0	0.0	0.0	0.0	0.0	0.0	0.0	0.0	0.0	0.0	0.0	0.0	0.0	0.0	0.0	0.0	0.0	0.06666666666666667	0.2727272727272727	0.0	0.0	0.0	0.0	0.0	0.0	0.0	0.0	0.0	0.0	0.0	0.0	0.0	0.0	0.0	0.0	0.0	0.0	0.0	0.0	0.0	0.0	0.0	0.0	0.0	0.0	0.0	0.0	0.0	
Gray-cheeked Thrush	0.0	0.0	0.0	0.0	0.0	0.0	0.0	0.0	0.0	0.0	0.0	0.0	0.0	0.0	0.10714285714285714	0.08333333333333333	0.09090909090909091	0.0	0.09090909090909091	0.0	0.0	0.0	0.0	0.0	0.0	0.0	0.0	0.0	0.0	0.0	0.0	0.0	0.0	0.0	0.0	0.0	0.0	0.0	0.0	0.0	0.0	0.0	0.0	0.0	0.0	0.0	0.0	0.0	
Swainson's Thrush	0.0	0.0	0.0	0.0	0.0	0.0	0.0	0.0	0.0	0.0	0.0	0.0	0.0	0.0	0.17857142857142858	0.16666666666666666	0.36363636363636365	0.6	0.2727272727272727	0.0	0.0	0.0	0.0	0.0	0.0	0.0	0.0	0.0	0.0	0.0	0.0	0.0	0.0	0.0	0.09090909090909091	0.0	0.0	0.0	0.0	0.0	0.0	0.0	0.0	0.0	0.0	0.0	0.0	0.0	
Hermit Thrush	0.0	0.0	0.0	0.11764705882352941	0.0	0.0	0.0	0.0	0.0	0.038461538461538464	0.0	0.02564102564102564	0.0	0.0	0.0	0.0	0.0	0.0	0.0	0.0	0.0	0.0	0.0	0.0	0.0	0.0	0.0	0.0	0.0	0.0	0.0	0.0	0.0	0.0	0.0	0.0	0.0	0.0	0.0	0.0	0.0	0.041666666666666664	0.0	0.0	0.08333333333333333	0.0	0.0	0.058823529411764705	
Wood Thrush	0.0	0.0	0.0	0.0	0.0	0.0	0.0	0.0	0.0	0.0	0.0	0.0	0.0	0.07692307692307693	0.07142857142857142	0.0	0.18181818181818182	0.0	0.0	0.0	0.0	0.0	0.0	0.0	0.0	0.0	0.0	0.0	0.0	0.0	0.0	0.0	0.0	0.0	0.0	0.0	0.0	0.0	0.0	0.0	0.0	0.0	0.0	0.0	0.0	0.0	0.0	0.0	
Clay-colored Thrush	0.5714285714285714	0.5263157894736842	0.5277777777777778	0.6470588235294118	0.8235294117647058	0.6666666666666666	0.4722222222222222	0.3695652173913043	0.375	0.23076923076923078	0.0	0.15384615384615385	0.4117647058823529	0.3076923076923077	0.4642857142857143	0.25	0.6363636363636364	0.5333333333333333	0.6363636363636364	0.375	1.0	0.4	1.0	0.6666666666666666	0.25	0.5	0.0	0.25	0.75	0.6666666666666666	0.8571428571428571	0.42857142857142855	0.5	0.75	0.45454545454545453	0.4	0.4	0.42857142857142855	0.25	0.0	0.48148148148148145	0.7916666666666666	0.7272727272727273	0.375	0.5833333333333334	0.375	0.5555555555555556	0.5882352941176471	
American Robin	0.0	0.0	0.0	0.0	0.0	0.041666666666666664	0.0	0.0	0.0	0.0	0.0	0.0	0.0	0.0	0.0	0.0	0.0	0.0	0.0	0.0	0.0	0.0	0.0	0.0	0.0	0.0	0.0	0.0	0.0	0.0	0.0	0.0	0.0	0.0	0.0	0.0	0.0	0.0	0.0	0.0	0.0	0.0	0.0	0.0	0.0	0.0	0.0	0.0	
Gray Catbird	0.0	0.0	0.0	0.058823529411764705	0.0	0.08333333333333333	0.0	0.021739130434782608	0.041666666666666664	0.0	0.0	0.0	0.0	0.038461538461538464	0.10714285714285714	0.2222222222222222	0.45454545454545453	0.3333333333333333	0.18181818181818182	0.0	0.0	0.0	0.0	0.0	0.0	0.0	0.0	0.0	0.0	0.0	0.0	0.0	0.0	0.0	0.09090909090909091	0.0	0.0	0.2857142857142857	0.0	0.0	0.037037037037037035	0.0	0.0	0.0	0.08333333333333333	0.0	0.0	0.0	
Curve-billed Thrasher	0.35714285714285715	0.15789473684210525	0.2777777777777778	0.23529411764705882	0.11764705882352941	0.16666666666666666	0.16666666666666666	0.13043478260869565	0.20833333333333334	0.11538461538461539	0.07142857142857142	0.1282051282051282	0.23529411764705882	0.19230769230769232	0.21428571428571427	0.08333333333333333	0.36363636363636365	0.2	0.18181818181818182	0.125	0.0	0.2	0.0	0.3333333333333333	0.0	0.0	0.0	0.125	0.5	0.0	0.7142857142857143	0.14285714285714285	0.375	0.5	0.2727272727272727	0.6	0.4	0.14285714285714285	0.25	0.14285714285714285	0.4074074074074074	0.2708333333333333	0.18181818181818182	0.0015	0.3333333333333333	0.125	0.2222222222222222	0.11764705882352941	
Long-billed Thrasher	0.35714285714285715	0.15789473684210525	0.16666666666666666	0.23529411764705882	0.4117647058823529	0.375	0.4444444444444444	0.2608695652173913	0.5	0.3076923076923077	0.35714285714285715	0.38461538461538464	0.29411764705882354	0.4230769230769231	0.42857142857142855	0.3333333333333333	0.6818181818181818	0.6	0.6363636363636364	0.375	1.0	0.4	0.5	0.0	0.25	0.0	0.0	0.0	0.5	0.3333333333333333	0.2857142857142857	0.14285714285714285	0.375	0.75	0.18181818181818182	0.4	0.4	0.42857142857142855	0.0	0.0	0.25925925925925924	0.3958333333333333	0.5454545454545454	0.25	0.08333333333333333	0.125	0.3333333333333333	0.23529411764705882	
Northern Mockingbird	0.6428571428571429	0.47368421052631576	0.5833333333333334	0.47058823529411764	0.6470588235294118	0.5416666666666666	0.4722222222222222	0.43478260869565216	0.4166666666666667	0.4230769230769231	0.2857142857142857	0.38461538461538464	0.4117647058823529	0.5	0.6071428571428571	0.4722222222222222	0.7727272727272727	0.8	0.8181818181818182	0.75	1.0	0.8	1.0	0.6666666666666666	0.5	1.0	0.0	0.5	0.75	1.0	0.8571428571428571	0.5714285714285714	0.25	0.75	0.5454545454545454	0.8	0.6	0.7142857142857143	1.0	0.14285714285714285	0.7407407407407407	0.5833333333333334	0.9090909090909091	0.75	0.9166666666666666	0.625	0.6666666666666666	0.8235294117647058	
European Starling	0.35714285714285715	0.10526315789473684	0.25	0.11764705882352941	0.17647058823529413	0.125	0.25	0.2391304347826087	0.2916666666666667	0.3076923076923077	0.0	0.20512820512820512	0.23529411764705882	0.34615384615384615	0.35714285714285715	0.3888888888888889	0.4090909090909091	0.5333333333333333	0.5454545454545454	0.25	1.0	0.2	1.0	0.3333333333333333	0.0	0.5	0.25	0.25	0.0	0.3333333333333333	0.5714285714285714	0.5714285714285714	0.5	0.25	0.2727272727272727	0.2	0.2	0.14285714285714285	0.25	0.0	0.07407407407407407	0.14583333333333334	0.2727272727272727	0.25	0.4166666666666667	0.375	0.2222222222222222	0.17647058823529413	
American Pipit	0.0	0.0	0.0	0.0	0.0	0.0	0.0	0.0	0.0	0.0	0.0	0.0	0.0	0.0	0.0	0.0	0.0	0.0	0.0	0.0	0.0	0.0	0.0	0.0	0.0	0.0	0.0	0.0	0.0	0.0	0.0	0.0	0.0	0.0	0.0	0.0	0.0	0.0	0.0	0.0	0.0	0.020833333333333332	0.0	0.0	0.0	0.0	0.0	0.0	
Sprague's Pipit	0.0	0.0	0.0	0.0	0.0	0.0	0.0	0.0	0.0	0.0	0.0	0.0	0.0	0.0	0.0	0.0	0.0	0.0	0.0	0.0	0.0	0.0	0.0	0.0	0.0	0.0	0.0	0.0	0.0	0.0	0.0	0.0	0.0	0.0	0.0	0.0	0.0	0.0	0.0	0.0	0.0	0.0	0.09090909090909091	0.0	0.0	0.0	0.0	0.0	
Cedar Waxwing	0.0	0.0	0.0	0.0	0.0	0.0	0.0	0.0	0.0	0.0	0.0	0.0	0.0	0.0	0.0	0.0	0.0	0.06666666666666667	0.0	0.0	0.0	0.0	0.0	0.0	0.0	0.0	0.0	0.0	0.0	0.0	0.0	0.0	0.0	0.0	0.0	0.0	0.0	0.0	0.0	0.0	0.037037037037037035	0.0	0.0	0.0	0.0	0.0	0.0	0.0	
Lesser Goldfinch	0.21428571428571427	0.15789473684210525	0.1388888888888889	0.0	0.058823529411764705	0.0	0.08333333333333333	0.0	0.08333333333333333	0.07692307692307693	0.0	0.05128205128205128	0.11764705882352941	0.07692307692307693	0.17857142857142858	0.08333333333333333	0.22727272727272727	0.3333333333333333	0.5454545454545454	0.25	0.0	0.2	1.0	0.0	0.0	0.0015	0.5	0.125	0.5	0.0	0.42857142857142855	0.2857142857142857	0.375	0.5	0.18181818181818182	0.4	0.4	0.14285714285714285	0.0	0.0	0.0	0.020833333333333332	0.0	0.0	0.0	0.0	0.0	0.0015	
Olive Sparrow	0.07142857142857142	0.0	0.0	0.0	0.0	0.0	0.05555555555555555	0.021739130434782608	0.08333333333333333	0.0	0.0	0.02564102564102564	0.0015	0.038461538461538464	0.0	0.0	0.09090909090909091	0.06666666666666667	0.0	0.0	0.0	0.2	0.0	0.0	0.0	0.0	0.0	0.0	0.0	0.0	0.0	0.14285714285714285	0.0	0.0	0.0	0.0	0.0	0.0	0.0	0.0	0.1111111111111111	0.08333333333333333	0.09090909090909091	0.0	0.0	0.0	0.0	0.058823529411764705	
Chipping Sparrow	0.0	0.0	0.0	0.0	0.0	0.041666666666666664	0.0	0.0	0.0	0.0	0.0	0.0	0.0	0.0	0.0	0.0	0.0	0.0	0.0	0.0	0.0	0.0	0.0	0.0	0.0	0.0	0.0	0.0	0.0	0.0	0.0	0.0	0.0	0.0	0.0	0.0	0.0	0.0	0.0	0.0	0.0	0.0	0.0	0.0	0.0	0.0	0.0	0.0	
White-crowned Sparrow	0.0	0.0	0.0	0.0	0.0	0.0	0.0	0.021739130434782608	0.0	0.0	0.0	0.0	0.0	0.0	0.0	0.0	0.0	0.0	0.0	0.0	0.0	0.0	0.0	0.0	0.0	0.0	0.0	0.0	0.0	0.0	0.0	0.0	0.0	0.0	0.0	0.0	0.0	0.0	0.0	0.0	0.0	0.0	0.0	0.0	0.0	0.0	0.0	0.0	
Savannah Sparrow	0.0	0.0	0.0	0.0	0.0	0.0	0.0	0.0	0.0	0.0	0.0	0.0	0.0	0.0	0.0	0.0	0.045454545454545456	0.06666666666666667	0.0	0.0	0.0	0.0	0.0	0.0	0.0	0.0	0.0	0.0	0.0	0.0	0.0	0.0	0.0	0.0	0.0	0.0	0.0	0.0	0.0	0.0	0.0	0.0	0.0	0.0	0.0	0.0	0.0	0.0	
Lincoln's Sparrow	0.07142857142857142	0.05263157894736842	0.027777777777777776	0.11764705882352941	0.058823529411764705	0.125	0.08333333333333333	0.021739130434782608	0.041666666666666664	0.038461538461538464	0.0	0.0	0.0	0.0	0.0	0.1388888888888889	0.18181818181818182	0.06666666666666667	0.0	0.0	0.0	0.0	0.0	0.0	0.0	0.0	0.0	0.0	0.0	0.0	0.0	0.0	0.0	0.0	0.0	0.2	0.2	0.0	0.0	0.0	0.0	0.0625	0.09090909090909091	0.0	0.08333333333333333	0.0	0.0	0.058823529411764705	
Spotted Towhee	0.0	0.0	0.0	0.11764705882352941	0.058823529411764705	0.041666666666666664	0.05555555555555555	0.0	0.0	0.038461538461538464	0.0	0.02564102564102564	0.0	0.038461538461538464	0.0	0.0	0.0	0.0	0.0	0.0	0.0	0.0	0.0	0.0	0.0	0.0	0.0	0.0	0.0	0.0	0.0	0.0	0.0	0.0	0.0	0.0	0.0	0.0	0.0	0.0	0.0	0.0	0.0	0.0	0.0	0.0	0.0	0.058823529411764705	
Yellow-breasted Chat	0.0	0.0	0.0	0.0	0.0	0.0	0.0	0.0	0.0	0.0	0.0	0.0	0.0	0.0	0.21428571428571427	0.19444444444444445	0.3181818181818182	0.0	0.0	0.0	0.0	0.0	0.0	0.0	0.0	0.0	0.0	0.0	0.0	0.0	0.0	0.0	0.125	0.25	0.18181818181818182	0.2	0.2	0.14285714285714285	0.0	0.0	0.0	0.0	0.0	0.0	0.0	0.0	0.0	0.0	
Western Meadowlark	0.0	0.0	0.0	0.0	0.0	0.041666666666666664	0.0	0.0	0.0	0.0	0.0	0.0	0.0	0.0	0.0	0.0	0.0	0.0	0.0	0.0	0.0	0.0	0.0	0.0	0.0	0.0	0.0	0.0	0.0	0.0	0.0	0.0	0.0	0.0	0.0	0.0	0.0	0.0	0.0	0.0	0.0	0.0	0.0	0.0	0.0	0.0	0.0	0.0	
Eastern Meadowlark	0.0	0.0	0.0	0.0	0.0	0.0	0.0	0.0	0.0	0.0	0.0	0.0	0.0	0.0	0.0	0.0	0.0	0.0	0.0	0.0	0.0	0.0	0.0	0.0	0.0	0.0	0.0	0.0	0.0	0.0	0.0	0.0	0.0	0.0	0.0	0.0	0.0	0.0	0.0	0.0	0.0	0.020833333333333332	0.0	0.0	0.0	0.0	0.0	0.0	
Orchard Oriole	0.0	0.0	0.0	0.0	0.0	0.0	0.0	0.0	0.0	0.0	0.0	0.0	0.0	0.0	0.0	0.027777777777777776	0.18181818181818182	0.13333333333333333	0.0	0.0	0.0	0.0	0.0	0.0	0.0	0.0	0.0	0.0	0.0	0.0	0.0	0.14285714285714285	0.125	0.25	0.09090909090909091	0.0	0.0	0.0	0.0	0.0	0.0	0.0	0.0	0.0	0.0	0.0	0.0	0.0	
Hooded Oriole	0.0	0.0	0.0	0.0	0.0	0.0	0.0	0.0	0.0	0.0	0.0	0.0	0.0	0.0	0.03571428571428571	0.0	0.0	0.0	0.0	0.0	0.0	0.0	0.0	0.0	0.0	0.0	0.25	0.0	0.0	0.0	0.14285714285714285	0.0	0.0	0.0	0.0	0.0	0.0	0.14285714285714285	0.0	0.0	0.0	0.0	0.0	0.0	0.0	0.0	0.0	0.0	
Bullock's Oriole	0.0	0.0	0.0	0.0	0.0	0.0	0.0	0.0	0.0	0.0	0.0	0.0	0.0	0.0	0.0	0.027777777777777776	0.045454545454545456	0.06666666666666667	0.0	0.0	0.0	0.0	0.0	0.0	0.0	0.0	0.0	0.0	0.0	0.0	0.0	0.0	0.0	0.0	0.0	0.0	0.0	0.0	0.0	0.0	0.0	0.0	0.0	0.0	0.0	0.0	0.0	0.0	
Altamira Oriole	0.0	0.0	0.0	0.058823529411764705	0.0	0.0	0.0	0.0	0.0	0.0	0.0	0.0	0.0	0.0	0.0	0.05555555555555555	0.0	0.0	0.0	0.0	0.0	0.0	0.0	0.0	0.0	0.0	0.0	0.0	0.0	0.0	0.14285714285714285	0.14285714285714285	0.125	0.25	0.0	0.0	0.2	0.0	0.0	0.0	0.0	0.0	0.0	0.0	0.0	0.0	0.0	0.0	
Baltimore Oriole	0.0	0.0	0.0	0.0	0.0	0.0	0.0	0.0	0.0	0.0	0.0	0.0	0.0	0.0	0.03571428571428571	0.1388888888888889	0.4090909090909091	0.2	0.0	0.0	0.0	0.0	0.0	0.0	0.0	0.0	0.0	0.0	0.0	0.0	0.0	0.0	0.0	0.0	0.09090909090909091	0.0	0.2	0.14285714285714285	0.0	0.0	0.0	0.0	0.0	0.0	0.0	0.0	0.0	0.0	
Red-winged Blackbird	0.14285714285714285	0.05263157894736842	0.08333333333333333	0.11764705882352941	0.23529411764705882	0.3333333333333333	0.3611111111111111	0.2391304347826087	0.6666666666666666	0.5769230769230769	0.5714285714285714	0.5641025641025641	0.6470588235294118	0.5384615384615384	0.2857142857142857	0.027777777777777776	0.09090909090909091	0.2	0.18181818181818182	0.0	0.0	0.0	0.0	0.0	0.0	0.0	0.25	0.0	0.0	0.0	0.0	0.0	0.0	0.0	0.18181818181818182	0.0	0.2	0.0	0.25	0.0	0.1111111111111111	0.08333333333333333	0.09090909090909091	0.0	0.08333333333333333	0.125	0.1111111111111111	0.11764705882352941	
Bronzed Cowbird	0.0	0.0015	0.0	0.0	0.11764705882352941	0.041666666666666664	0.027777777777777776	0.0	0.0	0.07692307692307693	0.0	0.05128205128205128	0.058823529411764705	0.0	0.03571428571428571	0.05555555555555555	0.045454545454545456	0.2	0.2727272727272727	0.25	1.0	0.2	0.0	0.0	0.25	0.0	0.25	0.125	0.0	0.0	0.0	0.14285714285714285	0.0	0.0	0.0	0.0	0.0	0.0	0.0	0.0	0.037037037037037035	0.041666666666666664	0.0	0.0	0.0	0.0	0.0	0.0	
Brown-headed Cowbird	0.0	0.0	0.0	0.0	0.0	0.0	0.0	0.0	0.041666666666666664	0.038461538461538464	0.0	0.02564102564102564	0.058823529411764705	0.0	0.03571428571428571	0.08333333333333333	0.22727272727272727	0.06666666666666667	0.18181818181818182	0.0	0.0	0.0	0.0	0.0	0.0	0.0	0.0	0.0	0.0	0.0	0.14285714285714285	0.0	0.0015	0.0	0.09090909090909091	0.0	0.0	0.0	0.0	0.0	0.0	0.0	0.0	0.0	0.0	0.0	0.0	0.0	
Great-tailed Grackle	0.35714285714285715	0.5263157894736842	0.6666666666666666	0.5294117647058824	0.5882352941176471	0.5416666666666666	0.5833333333333334	0.717391304347826	0.625	0.7307692307692307	0.5714285714285714	0.717948717948718	0.8235294117647058	0.6153846153846154	0.75	0.6666666666666666	0.8636363636363636	0.8	0.9090909090909091	0.5	1.0	0.8	1.0	1.0	0.75	1.0	0.75	0.875	0.75	1.0	1.0	1.0	0.875	1.0	0.8181818181818182	0.8	0.6	0.42857142857142855	0.75	0.2857142857142857	0.7407407407407407	0.625	0.8181818181818182	0.625	0.75	0.75	0.3333333333333333	0.29411764705882354	
blackbird sp.	0.0	0.0	0.027777777777777776	0.0	0.0	0.0	0.0	0.0	0.0	0.0	0.0	0.0	0.0	0.0	0.0	0.0	0.0	0.0	0.0	0.0	0.0	0.0	0.0	0.0	0.0	0.0	0.0	0.0	0.0	0.0	0.0	0.0	0.0	0.0	0.0	0.0	0.0	0.0	0.0	0.0	0.037037037037037035	0.0	0.0	0.0	0.0	0.0	0.0	0.0	
Ovenbird	0.21428571428571427	0.10526315789473684	0.1388888888888889	0.17647058823529413	0.11764705882352941	0.08333333333333333	0.1388888888888889	0.0	0.125	0.038461538461538464	0.0	0.07692307692307693	0.17647058823529413	0.19230769230769232	0.21428571428571427	0.16666666666666666	0.2727272727272727	0.3333333333333333	0.18181818181818182	0.0	0.0	0.0	0.0	0.0	0.0	0.0	0.0	0.0	0.0	0.0	0.0	0.0	0.0	0.0	0.18181818181818182	0.2	0.4	0.2857142857142857	0.0	0.0	0.037037037037037035	0.16666666666666666	0.2727272727272727	0.0	0.08333333333333333	0.125	0.1111111111111111	0.058823529411764705	
Worm-eating Warbler	0.0	0.0	0.0	0.0	0.0	0.0	0.0	0.0	0.0	0.0	0.0	0.02564102564102564	0.0	0.15384615384615385	0.17857142857142858	0.05555555555555555	0.09090909090909091	0.06666666666666667	0.0	0.0	0.0	0.0	0.0	0.0	0.0	0.0	0.0	0.0	0.0	0.0	0.0	0.0	0.0	0.0	0.0	0.0	0.0	0.0	0.0	0.0	0.0	0.0	0.0	0.0	0.0	0.0	0.0	0.0	
Louisiana Waterthrush	0.0	0.0	0.0	0.0	0.0	0.0	0.0	0.0	0.0	0.0	0.0	0.0	0.0	0.0	0.07142857142857142	0.0	0.0	0.0	0.0	0.0	0.0	0.0	0.0	0.0	0.0	0.0	0.0	0.0	0.0	0.0	0.0	0.0	0.0	0.0	0.0	0.0	0.0	0.0	0.0	0.0	0.0	0.0	0.0	0.0	0.0	0.0	0.0	0.0	
Northern Waterthrush	0.0	0.0	0.0	0.0	0.0	0.0	0.0	0.0	0.0	0.0	0.0	0.0	0.0	0.0	0.03571428571428571	0.05555555555555555	0.22727272727272727	0.2	0.18181818181818182	0.0	0.0	0.0	0.0	0.0	0.0	0.0	0.0	0.0	0.0	0.0	0.0	0.0	0.0	0.0	0.0	0.0	0.0	0.0	0.0	0.0	0.0	0.0	0.0	0.0	0.0	0.0	0.0	0.0	
Golden-winged Warbler	0.0	0.0	0.0	0.0	0.0	0.0	0.0	0.0	0.0	0.0	0.0	0.0	0.0	0.0	0.07142857142857142	0.0	0.3181818181818182	0.0	0.0	0.0	0.0	0.0	0.0	0.0	0.0	0.0	0.0	0.0	0.0	0.0	0.0	0.0	0.0	0.0	0.0	0.0	0.0	0.0	0.0	0.0	0.0	0.0	0.0	0.0	0.0	0.0	0.0	0.0	
Blue-winged Warbler	0.0	0.0	0.0	0.0	0.0	0.0	0.0	0.0	0.0	0.0	0.0	0.0	0.0	0.11538461538461539	0.10714285714285714	0.1111111111111111	0.0	0.06666666666666667	0.0	0.0	0.0	0.0	0.0	0.0	0.0	0.0	0.0	0.0	0.0	0.0	0.0	0.0	0.0	0.0	0.0	0.0	0.0	0.14285714285714285	0.0	0.0	0.0	0.0	0.0	0.0	0.0	0.0	0.0	0.0	
Black-and-white Warbler	0.2857142857142857	0.15789473684210525	0.19444444444444445	0.17647058823529413	0.11764705882352941	0.25	0.1111111111111111	0.043478260869565216	0.125	0.0	0.0015	0.05128205128205128	0.058823529411764705	0.23076923076923078	0.2857142857142857	0.08333333333333333	0.5	0.4	0.2727272727272727	0.0	0.0	0.0	0.0	0.0	0.0	0.0	0.0	0.0	0.25	0.0	0.14285714285714285	0.14285714285714285	0.125	0.5	0.2727272727272727	0.4	0.4	0.2857142857142857	0.25	0.0	0.14814814814814814	0.16666666666666666	0.36363636363636365	0.25	0.0	0.125	0.0	0.058823529411764705	
Prothonotary Warbler	0.0	0.0	0.0	0.0	0.0	0.0	0.0	0.0	0.0	0.0	0.0	0.02564102564102564	0.0	0.0	0.0	0.0	0.0	0.0	0.0	0.0	0.0	0.0	0.0	0.0	0.0	0.0	0.0	0.0	0.0	0.0	0.0	0.0	0.0	0.0	0.09090909090909091	0.0	0.0	0.0	0.0	0.0	0.0	0.0	0.0	0.0	0.0	0.0	0.0	0.0	
Tennessee Warbler	0.0	0.0	0.0	0.0	0.0	0.0	0.0	0.0	0.0	0.0	0.0	0.0	0.0	0.15384615384615385	0.14285714285714285	0.19444444444444445	0.2727272727272727	0.26666666666666666	0.18181818181818182	0.0	0.0	0.0	0.0	0.0	0.0	0.0	0.0	0.0	0.0	0.0	0.0	0.0	0.0	0.0	0.09090909090909091	0.0	0.0	0.0	0.0	0.0	0.0	0.08333333333333333	0.09090909090909091	0.0	0.0	0.0	0.0	0.0	
Orange-crowned Warbler	0.6428571428571429	0.47368421052631576	0.6944444444444444	0.7647058823529411	0.8235294117647058	0.7916666666666666	0.7777777777777778	0.6521739130434783	0.5833333333333334	0.38461538461538464	0.21428571428571427	0.23076923076923078	0.35294117647058826	0.3076923076923077	0.17857142857142858	0.027777777777777776	0.0	0.0	0.0	0.0	0.0	0.0	0.0	0.0	0.0	0.0	0.0	0.0	0.0	0.0	0.0	0.0	0.0	0.0	0.0	0.0	0.0	0.0	0.0	0.0	0.48148148148148145	0.6041666666666666	0.7272727272727273	0.375	0.5	0.125	0.6666666666666666	0.7058823529411765	
Nashville Warbler	0.0015	0.05263157894736842	0.16666666666666666	0.058823529411764705	0.11764705882352941	0.08333333333333333	0.08333333333333333	0.0	0.125	0.038461538461538464	0.0	0.10256410256410256	0.11764705882352941	0.2692307692307692	0.21428571428571427	0.2777777777777778	0.3181818181818182	0.13333333333333333	0.0	0.0	0.0	0.0	0.0	0.0	0.0	0.0	0.0	0.0	0.0	0.0	0.0	0.0	0.0	0.0	0.0	0.0	0.0	0.0	0.25	0.0	0.1111111111111111	0.10416666666666667	0.09090909090909091	0.0	0.08333333333333333	0.0	0.0	0.17647058823529413	
MacGillivray's Warbler	0.0	0.0	0.0	0.0	0.0	0.0	0.0	0.0	0.0	0.0	0.0	0.0	0.0	0.0	0.0	0.0	0.045454545454545456	0.0	0.0	0.0	0.0	0.0	0.0	0.0	0.0	0.0	0.0	0.0	0.0	0.0	0.0	0.0	0.0	0.0	0.0	0.0	0.0	0.0	0.0	0.0	0.0	0.0	0.0	0.0	0.0	0.0	0.0	0.0	
Mourning Warbler	0.0	0.0	0.0	0.0	0.0	0.0	0.0	0.0	0.0	0.0	0.0	0.0	0.0	0.0	0.0	0.0	0.09090909090909091	0.3333333333333333	0.09090909090909091	0.0	0.0	0.0	0.0	0.0	0.0	0.0	0.0	0.0	0.0	0.0	0.0	0.14285714285714285	0.125	0.25	0.18181818181818182	0.2	0.0	0.0	0.0	0.0	0.0	0.0	0.0	0.0	0.0	0.0	0.0	0.0	
Kentucky Warbler	0.0	0.0	0.0	0.0	0.0	0.0	0.0	0.0	0.0	0.0	0.0	0.0	0.0	0.07692307692307693	0.14285714285714285	0.027777777777777776	0.22727272727272727	0.06666666666666667	0.18181818181818182	0.0	0.0	0.0	0.0	0.0	0.0	0.0	0.0	0.0	0.0	0.0	0.0	0.0	0.0	0.25	0.0	0.0	0.0	0.0	0.0	0.0	0.0	0.0	0.0	0.0	0.0	0.0	0.0	0.0	
Common Yellowthroat	0.14285714285714285	0.0	0.027777777777777776	0.0	0.0	0.08333333333333333	0.0	0.0	0.0	0.038461538461538464	0.0	0.0	0.058823529411764705	0.038461538461538464	0.21428571428571427	0.16666666666666666	0.2727272727272727	0.6	0.18181818181818182	0.0	0.0	0.0	0.0	0.0	0.0	0.0	0.0	0.0	0.0	0.0	0.14285714285714285	0.0	0.0	0.0	0.0	0.2	0.0	0.0	0.0	0.0	0.037037037037037035	0.020833333333333332	0.0	0.0	0.0	0.0	0.0	0.0	
Hooded Warbler	0.0	0.0	0.0	0.0	0.0	0.0	0.0	0.0	0.0	0.0	0.0	0.07692307692307693	0.11764705882352941	0.11538461538461539	0.10714285714285714	0.05555555555555555	0.0	0.0	0.0	0.0	0.0	0.0	0.0	0.0	0.0	0.0	0.0	0.0	0.0	0.0	0.14285714285714285	0.0	0.0	0.0	0.09090909090909091	0.0	0.2	0.2857142857142857	0.25	0.0	0.0	0.0	0.0	0.0	0.0	0.0	0.0	0.0	
American Redstart	0.0	0.0	0.0	0.0	0.0	0.0	0.0	0.0	0.0	0.0	0.0	0.0	0.0	0.038461538461538464	0.17857142857142858	0.0	0.3181818181818182	0.6	0.2727272727272727	0.125	0.0	0.0	0.0	0.0	0.0	0.0	0.0	0.0	0.0	0.0	0.0	0.0	0.0	0.0	0.09090909090909091	0.4	0.2	0.42857142857142855	0.0	0.14285714285714285	0.0	0.0	0.0	0.0	0.0	0.0	0.0	0.0	
Cerulean Warbler	0.0	0.0	0.0	0.0	0.0	0.0	0.0	0.0	0.0	0.0	0.0	0.0	0.0	0.038461538461538464	0.07142857142857142	0.0	0.0	0.06666666666666667	0.0	0.0	0.0	0.0	0.0	0.0	0.0	0.0	0.0	0.0	0.0	0.0	0.0	0.0	0.0	0.0	0.0	0.0	0.0	0.0	0.0	0.0	0.0	0.0	0.0	0.0	0.0	0.0	0.0	0.0	
Northern Parula	0.0	0.0	0.0	0.0	0.0	0.0	0.0	0.0	0.0	0.0	0.0	0.05128205128205128	0.058823529411764705	0.2692307692307692	0.17857142857142858	0.027777777777777776	0.045454545454545456	0.13333333333333333	0.0	0.0	0.0	0.0	0.0	0.0	0.0	0.0	0.0	0.0	0.0	0.0	0.0	0.0	0.0	0.0	0.09090909090909091	0.0	0.0	0.0	0.0	0.0	0.0	0.0	0.0	0.0	0.0	0.0	0.0	0.0	
Magnolia Warbler	0.0	0.0	0.0	0.0	0.0	0.0	0.0	0.0	0.0	0.0	0.0	0.0	0.0	0.0	0.0	0.08333333333333333	0.5909090909090909	0.5333333333333333	0.36363636363636365	0.0	0.0	0.0	0.0	0.0	0.0	0.0	0.0	0.0	0.0	0.0	0.0	0.0	0.0	0.0	0.0	0.2	0.2	0.14285714285714285	0.0	0.0	0.0	0.020833333333333332	0.0	0.0	0.0	0.0	0.0	0.0	
Bay-breasted Warbler	0.0	0.0	0.0	0.0	0.0	0.0	0.0	0.0	0.0	0.0	0.0	0.0	0.0	0.0	0.0	0.0	0.09090909090909091	0.2	0.0	0.0	0.0	0.0	0.0	0.0	0.0	0.0	0.0	0.0	0.0	0.0	0.0	0.0	0.0	0.0	0.0	0.0	0.0	0.0	0.0	0.0	0.0	0.0	0.0	0.0	0.0	0.0	0.0	0.0	
Blackburnian Warbler	0.0	0.0	0.0	0.0	0.0	0.0	0.0	0.0	0.0	0.0	0.0	0.0	0.0	0.0	0.0	0.0	0.45454545454545453	0.4	0.0	0.0	0.0	0.0	0.0	0.0	0.0	0.0	0.0	0.0	0.0	0.0	0.0	0.0	0.0	0.0	0.0	0.0	0.0	0.0	0.0	0.0	0.0	0.0	0.0	0.0	0.0	0.0	0.0	0.0	
Yellow Warbler	0.0	0.0	0.0	0.058823529411764705	0.0	0.0	0.0	0.0	0.0	0.0	0.0	0.0	0.0	0.0	0.03571428571428571	0.05555555555555555	0.22727272727272727	0.4666666666666667	0.09090909090909091	0.0	0.0	0.0	0.0	0.0	0.0	0.0	0.0	0.0	0.0	0.0	0.14285714285714285	0.14285714285714285	0.125	0.5	0.2727272727272727	0.2	0.0	0.0	0.0	0.0	0.0	0.0	0.0	0.0	0.0	0.0	0.0	0.0	
Chestnut-sided Warbler	0.0	0.0	0.0	0.0	0.0	0.0	0.0	0.0	0.0	0.0	0.0	0.0	0.0	0.0	0.0	0.05555555555555555	0.3181818181818182	0.5333333333333333	0.2727272727272727	0.0	0.0	0.0	0.0	0.0	0.0	0.0	0.0	0.0	0.0	0.0	0.0	0.0	0.0	0.0	0.0	0.0	0.0	0.0	0.0	0.0	0.0	0.0	0.0	0.0	0.0	0.0	0.0	0.0	
Blackpoll Warbler	0.0	0.0	0.0	0.0	0.0	0.0	0.0	0.0	0.0	0.0	0.0	0.0	0.0	0.0	0.0	0.0	0.0	0.06666666666666667	0.0	0.0	0.0	0.0	0.0	0.0	0.0	0.0	0.0	0.0	0.0	0.0	0.0	0.0	0.0	0.0	0.0	0.0	0.0	0.0	0.0	0.0	0.0	0.0	0.0	0.0	0.0	0.0	0.0	0.0	
Black-throated Blue Warbler	0.0	0.0	0.0	0.0	0.0	0.0	0.0	0.0	0.0	0.0	0.0	0.0	0.0	0.0	0.0	0.0	0.09090909090909091	0.0	0.0	0.0	0.0	0.0	0.0	0.0	0.0	0.0	0.0	0.0	0.0	0.0	0.0	0.0	0.0	0.0	0.0	0.0	0.0	0.0	0.0	0.0	0.0	0.0	0.0	0.0	0.0	0.0	0.0	0.0	
Pine Warbler	0.0	0.0	0.0	0.0	0.0	0.0	0.0	0.0	0.0	0.0	0.0	0.0	0.0	0.0	0.0	0.0	0.0	0.0	0.0	0.0	0.0	0.0	0.0	0.0	0.0	0.0	0.0	0.0	0.0	0.0	0.0	0.0	0.0	0.0	0.0	0.0	0.0	0.0	0.0	0.0	0.0	0.020833333333333332	0.0	0.0	0.0	0.0	0.0	0.0	
Yellow-rumped Warbler	0.2857142857142857	0.05263157894736842	0.2222222222222222	0.17647058823529413	0.17647058823529413	0.25	0.1111111111111111	0.0	0.25	0.07692307692307693	0.0	0.0	0.0	0.0	0.0	0.0	0.0	0.0	0.0	0.0	0.0	0.0	0.0	0.0	0.0	0.0	0.0	0.0	0.0	0.0	0.0	0.0	0.0	0.0	0.0	0.0	0.0	0.0	0.0	0.0	0.0	0.08333333333333333	0.36363636363636365	0.125	0.08333333333333333	0.125	0.1111111111111111	0.23529411764705882	
Yellow-throated Warbler	0.07142857142857142	0.0	0.1388888888888889	0.058823529411764705	0.0	0.041666666666666664	0.08333333333333333	0.021739130434782608	0.0	0.0	0.0	0.05128205128205128	0.0	0.07692307692307693	0.03571428571428571	0.0	0.0	0.0	0.0	0.0	0.0	0.0	0.0	0.0	0.0	0.0	0.0	0.0	0.0	0.0	0.0	0.0	0.0	0.0	0.0	0.0	0.0	0.0	0.0	0.0	0.0	0.0	0.09090909090909091	0.0	0.0	0.0	0.0	0.0	
Prairie Warbler	0.0	0.0	0.0	0.0	0.0	0.0	0.0	0.0	0.0	0.0	0.0	0.0	0.0	0.0	0.0	0.027777777777777776	0.0	0.0	0.0	0.0	0.0	0.0	0.0	0.0	0.0	0.0	0.0	0.0	0.0	0.0	0.0	0.0	0.0	0.0	0.0	0.0	0.0	0.0	0.0	0.0	0.0	0.0	0.0	0.0	0.0	0.0	0.0	0.0	
Black-throated Gray Warbler	0.0	0.05263157894736842	0.0	0.0	0.0	0.0	0.0	0.0	0.0	0.0	0.0	0.0	0.0	0.0	0.0	0.0	0.0	0.0	0.0	0.0	0.0	0.0	0.0	0.0	0.0	0.0	0.0	0.0	0.0	0.0	0.0	0.0	0.0	0.0	0.0	0.0	0.0	0.0	0.0	0.0	0.0	0.0	0.0	0.0	0.0	0.0	0.0	0.0	
Black-throated Green Warbler	0.07142857142857142	0.05263157894736842	0.0	0.0	0.0	0.0	0.0	0.0	0.0	0.0	0.0	0.0	0.0	0.11538461538461539	0.10714285714285714	0.19444444444444445	0.2727272727272727	0.3333333333333333	0.0	0.0	0.0	0.0	0.0	0.0	0.0	0.0	0.0	0.0	0.0	0.0	0.0	0.0	0.0	0.0	0.0	0.0	0.0	0.0	0.0	0.0	0.07407407407407407	0.020833333333333332	0.2727272727272727	0.125	0.0	0.0	0.0	0.0	
Golden-crowned Warbler	0.0	0.0	0.08333333333333333	0.23529411764705882	0.17647058823529413	0.25	0.5	0.5652173913043478	0.08333333333333333	0.0	0.0	0.0	0.0	0.0	0.0	0.0	0.0	0.0	0.0	0.0	0.0	0.0	0.0	0.0	0.0	0.0	0.0	0.0	0.0	0.0	0.0	0.0	0.0	0.0	0.0	0.0	0.0	0.0	0.0	0.0	0.0	0.0	0.0	0.0	0.0	0.0	0.1111111111111111	0.0015	
Canada Warbler	0.0	0.0	0.0	0.0	0.0	0.0	0.0	0.0	0.0	0.0	0.0	0.0	0.0	0.0	0.0	0.0	0.2727272727272727	0.4	0.18181818181818182	0.0	0.0	0.0	0.0	0.0	0.0	0.0	0.0	0.0	0.0	0.0	0.0	0.0	0.25	0.25	0.09090909090909091	0.2	0.4	0.14285714285714285	0.0	0.0	0.0	0.0	0.0	0.0	0.0	0.0	0.0	0.0	
Wilson's Warbler	0.07142857142857142	0.0	0.16666666666666666	0.17647058823529413	0.058823529411764705	0.041666666666666664	0.3055555555555556	0.06521739130434782	0.08333333333333333	0.038461538461538464	0.0	0.0	0.0	0.0	0.03571428571428571	0.1111111111111111	0.18181818181818182	0.3333333333333333	0.09090909090909091	0.0	0.0	0.0	0.0	0.0	0.0	0.0	0.0	0.0	0.0	0.0	0.0	0.0	0.25	0.5	0.0	0.4	0.4	0.2857142857142857	0.0	0.0	0.2222222222222222	0.10416666666666667	0.0	0.0	0.08333333333333333	0.0	0.1111111111111111	0.29411764705882354	
warbler sp. (Parulidae sp.)	0.0	0.0	0.0	0.0	0.0	0.0	0.0	0.0	0.0	0.0	0.0	0.0	0.0	0.0	0.0	0.0	0.0	0.0	0.0	0.0	0.0	0.0	0.0	0.0	0.0	0.0	0.0	0.0	0.0	0.0	0.0	0.0	0.0	0.0	0.0	0.0	0.0	0.0	0.0	0.0	0.0	0.0	0.09090909090909091	0.0	0.0	0.0	0.0	0.0	
Summer Tanager	0.0	0.0	0.0	0.0	0.0	0.0	0.0	0.043478260869565216	0.0	0.0	0.0	0.0	0.0	0.19230769230769232	0.17857142857142858	0.1111111111111111	0.09090909090909091	0.06666666666666667	0.0	0.0	0.0	0.0	0.0	0.0	0.0	0.0	0.0	0.0	0.0	0.0	0.0	0.14285714285714285	0.0	0.0	0.0	0.0	0.2	0.0	0.25	0.0	0.0	0.0	0.0	0.0	0.0	0.0	0.0	0.0	
Scarlet Tanager	0.0	0.0	0.0	0.0	0.0	0.0	0.0	0.0	0.0	0.0	0.0	0.0	0.0	0.038461538461538464	0.14285714285714285	0.08333333333333333	0.045454545454545456	0.0	0.0	0.0	0.0	0.0	0.0	0.0	0.0	0.0	0.0	0.0	0.0	0.0	0.0	0.0	0.125	0.5	0.09090909090909091	0.0	0.0	0.0	0.0	0.0	0.0	0.0	0.0	0.0	0.0	0.0	0.0	0.0	
Western Tanager	0.0	0.0	0.0	0.0	0.058823529411764705	0.0	0.0	0.0	0.0	0.0	0.0	0.0	0.0	0.0	0.0	0.05555555555555555	0.0	0.06666666666666667	0.0	0.0	0.0	0.0	0.0	0.0	0.0	0.0	0.0	0.0	0.0	0.0	0.0	0.0	0.0	0.0	0.0	0.0	0.0	0.0	0.0	0.0	0.0	0.0	0.0	0.0	0.0	0.0	0.0	0.0	
Crimson-collared Grosbeak	0.0	0.0	0.0	0.0	0.0	0.0	0.0	0.0	0.0	0.0	0.0	0.0	0.0	0.0	0.0	0.0	0.045454545454545456	0.0	0.0	0.0	0.0	0.0	0.0	0.0	0.0	0.0	0.0	0.0	0.0	0.0	0.0	0.0	0.0	0.0	0.0	0.0	0.0	0.0	0.0	0.0	0.0	0.4166666666666667	0.09090909090909091	0.0	0.0	0.0	0.0	0.0	
Northern Cardinal	0.42857142857142855	0.3157894736842105	0.25	0.4117647058823529	0.47058823529411764	0.6666666666666666	0.5	0.3695652173913043	0.5416666666666666	0.34615384615384615	0.42857142857142855	0.41025641025641024	0.35294117647058826	0.46153846153846156	0.5714285714285714	0.3055555555555556	0.6363636363636364	0.7333333333333333	0.6363636363636364	0.125	1.0	0.2	0.0	0.3333333333333333	0.0	0.5	0.0	0.125	0.5	0.6666666666666666	0.42857142857142855	0.2857142857142857	0.25	1.0	0.36363636363636365	0.2	0.2	0.14285714285714285	0.25	0.14285714285714285	0.2962962962962963	0.4166666666666667	0.45454545454545453	0.25	0.25	0.125	0.4444444444444444	0.17647058823529413	
Pyrrhuloxia	0.0	0.0	0.0	0.0	0.0	0.0	0.0	0.021739130434782608	0.0	0.0	0.0	0.0	0.0	0.0	0.0	0.0	0.0	0.0	0.0	0.0	0.0	0.0	0.0	0.0	0.0	0.0	0.0	0.0	0.0	0.0	0.0	0.0	0.0	0.0	0.0	0.0	0.0	0.0	0.0	0.0	0.0	0.0	0.0	0.0	0.0	0.0	0.0	0.0	
Northern Cardinal/Pyrrhuloxia	0.0	0.0	0.0	0.0	0.0	0.0	0.0	0.021739130434782608	0.0	0.0	0.0	0.0	0.0	0.0	0.0	0.0	0.0	0.0	0.0	0.0	0.0	0.0	0.0	0.0	0.0	0.0	0.0	0.0	0.0	0.0	0.0	0.0	0.0	0.0	0.0	0.0	0.0	0.0	0.0	0.0	0.0	0.0	0.0	0.0	0.0	0.0	0.0	0.0	
Rose-breasted Grosbeak	0.0	0.0	0.0	0.0	0.0	0.0	0.0	0.0	0.0	0.0	0.0	0.0	0.0	0.0	0.07142857142857142	0.027777777777777776	0.2727272727272727	0.13333333333333333	0.09090909090909091	0.0	0.0	0.0	0.0	0.0	0.0	0.0	0.0	0.0	0.0	0.0	0.0	0.0	0.0	0.0	0.0	0.0	0.0	0.0	0.0	0.0	0.0	0.0	0.0	0.0	0.0	0.0	0.0	0.0	
Blue Bunting	0.0	0.0	0.0	0.0	0.0	0.0	0.0	0.0015	0.0	0.0	0.0	0.0	0.0	0.0	0.0	0.0	0.0	0.0	0.0	0.0	0.0	0.0	0.0	0.0	0.0	0.0	0.0	0.0	0.0	0.0	0.0	0.0	0.0	0.0	0.0	0.0	0.0	0.0	0.0	0.0	0.0	0.0	0.0	0.0	0.0	0.0	0.0	0.0	
Blue Grosbeak	0.0	0.0	0.0	0.0	0.0	0.0	0.0	0.0	0.0	0.0	0.0	0.0	0.0	0.0	0.03571428571428571	0.0	0.0	0.06666666666666667	0.0	0.0	0.0	0.0	0.0	0.0	0.0	0.0	0.0	0.0	0.0	0.0	0.0	0.0	0.0	0.0	0.0	0.0	0.0	0.0	0.0	0.0	0.0	0.0	0.0	0.0	0.0	0.0	0.0	0.0	
Indigo Bunting	0.0	0.0	0.0	0.0	0.0	0.041666666666666664	0.0	0.0	0.0	0.0	0.0	0.0	0.0	0.07692307692307693	0.14285714285714285	0.1111111111111111	0.045454545454545456	0.13333333333333333	0.0	0.0	0.0	0.0	0.0	0.0	0.0	0.0	0.0	0.0	0.0	0.0	0.0	0.0	0.0	0.0	0.0	0.0	0.0	0.0	0.0	0.0	0.0	0.0	0.0	0.0	0.0	0.0	0.0	0.0	
Painted Bunting	0.0	0.0	0.0	0.0	0.0	0.0	0.0	0.0	0.0	0.0	0.0	0.0	0.0	0.15384615384615385	0.03571428571428571	0.1388888888888889	0.2727272727272727	0.06666666666666667	0.09090909090909091	0.0	0.0	0.0	0.0	0.0	0.0	0.0	0.0	0.0	0.0	0.0	0.0	0.0	0.0	0.0	0.0	0.0	0.0	0.0	0.0	0.0	0.0	0.0	0.0	0.0	0.0	0.0	0.0	0.0	
Dickcissel	0.0	0.0	0.0	0.0	0.0	0.0	0.0	0.0	0.0	0.038461538461538464	0.0	0.0	0.058823529411764705	0.0	0.03571428571428571	0.05555555555555555	0.0	0.13333333333333333	0.0	0.0	0.0	0.0	0.0	0.0	0.0	0.0	0.0	0.0	0.0	0.0	0.0	0.0	0.125	0.25	0.09090909090909091	0.0	0.2	0.14285714285714285	0.0	0.0	0.0	0.0	0.0	0.0	0.0	0.0	0.0	0.0	
House Sparrow	0.5714285714285714	0.5263157894736842	0.6388888888888888	0.8235294117647058	0.7058823529411765	0.7083333333333334	0.6388888888888888	0.6956521739130435	0.75	0.6153846153846154	0.5714285714285714	0.5641025641025641	0.6470588235294118	0.7692307692307693	0.75	0.5833333333333334	0.8636363636363636	0.9333333333333333	1.0	0.875	1.0	1.0	1.0	1.0	0.5	0.5	0.75	0.75	0.75	1.0	0.8571428571428571	0.8571428571428571	1.0	1.0	0.7272727272727273	0.6	0.8	0.7142857142857143	0.5	0.7142857142857143	0.6296296296296297	0.7291666666666666	0.8181818181818182	0.75	0.6666666666666666	0.5	0.5555555555555556	0.6470588235294118	

