









Frequency of observations in the selected location(s).:
Number of taxa: 	282

	Jan				Feb				Mar				Apr				May				Jun				Jul				Aug				Sep				Oct				Nov				Dec				
Sample Size:	16.0	17.0	11.0	21.0	15.0	17.0	13.0	15.0	18.0	21.0	12.0	29.0	17.0	15.0	15.0	7.0	3.0	1.0	3.0	2.0	2.0	1.0	2.0	0.0	0.0	0.0	1.0	2.0	1.0	0.0	0.0	0.0	0.0	2.0	1.0	0.0	1.0	0.0	2.0	5.0	18.0	20.0	8.0	16.0	5.0	7.0	6.0	32.0	

Black-bellied Whistling-Duck	0.0	0.0	0.0	0.0	0.06666666666666667	0.0	0.0	0.06666666666666667	0.0	0.09523809523809523	0.08333333333333333	0.13793103448275862	0.29411764705882354	0.5333333333333333	0.4666666666666667	0.7142857142857143	0.6666666666666666	1.0	0.6666666666666666	0.5	0.5	0.0	0.0	0.0015	0.0	0.0	0.0	0.0	0.0	0.0	0.0	0.0	0.0	0.0015	0.0	0.0	0.0	0.0	0.0	0.8	0.4444444444444444	0.4	0.375	0.25	0.2	0.0	0.0	0.0015	
Fulvous Whistling-Duck	0.0625	0.0	0.0	0.14285714285714285	0.2	0.058823529411764705	0.07692307692307693	0.06666666666666667	0.1111111111111111	0.047619047619047616	0.08333333333333333	0.034482758620689655	0.058823529411764705	0.2	0.13333333333333333	0.14285714285714285	0.0	0.0	0.0	0.0	0.0	0.0	0.0	0.0	0.0	0.0	0.0	0.0	0.0	0.0	0.0	0.0	0.0	0.0	0.0	0.0	0.0	0.0	0.0	0.0	0.05555555555555555	0.0	0.0	0.0	0.0	0.0	0.0	0.03125	
Greater White-fronted Goose	0.0	0.0	0.0015	0.0	0.0	0.0	0.0	0.0	0.0	0.0	0.0	0.0	0.0	0.0	0.0	0.0	0.0	0.0	0.0	0.0	0.0	0.0	0.0	0.0	0.0	0.0	0.0	0.0	0.0	0.0	0.0	0.0	0.0	0.0	0.0	0.0	0.0	0.0	0.0	0.0	0.0	0.05	0.0	0.0625	0.0	0.14285714285714285	0.0	0.0	
Wood Duck	0.0	0.0	0.0	0.0	0.0	0.0	0.0	0.0	0.0	0.0	0.0	0.0	0.0	0.0	0.0	0.0	0.0	0.0	0.0	0.0	0.0	0.0	0.0	0.0	0.0	0.0	0.0	0.0	0.0	0.0	0.0	0.0	0.0	0.0	0.0	0.0	0.0	0.0	0.0	0.0	0.0	0.05	0.0	0.125	0.4	0.0	0.16666666666666666	0.0	
Blue-winged Teal	0.8125	0.8235294117647058	0.8181818181818182	0.7619047619047619	0.8	0.8235294117647058	0.8461538461538461	1.0	0.8888888888888888	0.7142857142857143	1.0	0.8620689655172413	0.8823529411764706	0.8	0.7333333333333333	0.7142857142857143	0.6666666666666666	0.0	0.0	0.0	0.0	0.0	0.0	0.0	0.0	0.0	0.0	0.0	0.0	0.0	0.0	0.0	0.0	0.5	0.0	0.0	1.0	0.0	0.0	1.0	0.6666666666666666	0.65	0.875	0.6875	0.8	0.8571428571428571	0.8333333333333334	0.6875	
Cinnamon Teal	0.375	0.5294117647058824	0.45454545454545453	0.5714285714285714	0.4666666666666667	0.5294117647058824	0.5384615384615384	0.8666666666666667	0.3333333333333333	0.3333333333333333	0.6666666666666666	0.3448275862068966	0.35294117647058826	0.2	0.2	0.0	0.3333333333333333	0.0	0.0	0.0	0.0	0.0	0.0	0.0	0.0	0.0	0.0	0.0	0.0	0.0	0.0	0.0	0.0	0.0	0.0	0.0	0.0	0.0	0.0	0.4	0.16666666666666666	0.2	0.125	0.25	0.0	0.2857142857142857	0.16666666666666666	0.1875	
Northern Shoveler	0.9375	0.9411764705882353	0.9090909090909091	0.7142857142857143	0.8666666666666667	0.8823529411764706	0.8461538461538461	1.0	0.8333333333333334	0.7142857142857143	0.8333333333333334	0.6896551724137931	0.6470588235294118	0.26666666666666666	0.3333333333333333	0.2857142857142857	0.6666666666666666	0.0	0.0	0.0	0.0	0.0	0.0	0.0	0.0	0.0	0.0	0.0	0.0	0.0	0.0	0.0	0.0	0.0	0.0	0.0	1.0	0.0	0.0	0.8	0.4444444444444444	0.6	1.0	0.75	0.8	0.8571428571428571	1.0	0.78125	
Gadwall	0.625	0.8235294117647058	0.6363636363636364	0.5714285714285714	0.6666666666666666	0.8823529411764706	0.5384615384615384	0.8666666666666667	0.6666666666666666	0.2857142857142857	0.75	0.5862068965517241	0.47058823529411764	0.4666666666666667	0.4666666666666667	0.2857142857142857	0.6666666666666666	0.0	0.0	0.0	0.0	0.0	0.0	0.0	0.0	0.0	0.0	0.0	0.0	0.0	0.0	0.0	0.0	0.0	0.0	0.0	0.0	0.0	0.0	0.0	0.16666666666666666	0.5	0.375	0.75	0.8	0.7142857142857143	1.0	0.6875	
American Wigeon	0.125	0.0	0.09090909090909091	0.14285714285714285	0.13333333333333333	0.17647058823529413	0.38461538461538464	0.4	0.05555555555555555	0.047619047619047616	0.3333333333333333	0.10344827586206896	0.23529411764705882	0.2	0.13333333333333333	0.0	0.3333333333333333	0.0	0.0	0.0	0.0	0.0	0.0	0.0	0.0	0.0	0.0	0.0	0.0	0.0	0.0	0.0	0.0	0.0	0.0	0.0	0.0	0.0	0.0	0.0	0.0	0.35	0.125	0.1875	0.0	0.0	0.16666666666666666	0.09375	
Mallard (Domestic type)	0.0	0.0	0.0	0.0	0.06666666666666667	0.0	0.0	0.0	0.0	0.0	0.0	0.034482758620689655	0.0	0.0	0.0	0.0	0.0	0.0	0.0	0.0	0.0	0.0	0.0	0.0	0.0	0.0	0.0	0.0	0.0	0.0	0.0	0.0	0.0	0.0	0.0	0.0	0.0	0.0	0.0	0.0	0.0	0.0	0.0	0.0	0.0	0.0	0.0	0.0	
Mexican Duck	0.0625	0.0	0.0	0.0	0.0	0.0	0.07692307692307693	0.0	0.0	0.047619047619047616	0.0	0.0	0.058823529411764705	0.06666666666666667	0.06666666666666667	0.0	0.0	0.0	0.0	0.0	0.0	0.0	0.0	0.0	0.0	0.0	0.0	0.0	0.0	0.0	0.0	0.0	0.0	0.0	0.0	0.0	0.0	0.0	0.0	0.0	0.0	0.05	0.125	0.0	0.0	0.0	0.0	0.0	
Mallard/Mexican Duck	0.0625	0.0	0.0	0.047619047619047616	0.0	0.0	0.07692307692307693	0.0	0.0	0.047619047619047616	0.0	0.034482758620689655	0.0	0.0	0.0	0.0	0.0	0.0	0.0	0.0	0.0	0.0	0.0	0.0	0.0	0.0	0.0	0.0	0.0	0.0	0.0	0.0	0.0	0.0	0.0	0.0	0.0	0.0	0.5	0.0	0.0	0.05	0.0	0.0	0.0	0.0	0.0	0.03125	
Mottled Duck	0.3125	0.4117647058823529	0.45454545454545453	0.23809523809523808	0.4	0.35294117647058826	0.46153846153846156	0.4	0.4444444444444444	0.3333333333333333	0.25	0.5862068965517241	0.4117647058823529	0.2	0.3333333333333333	0.2857142857142857	0.6666666666666666	0.0	0.0	0.0	0.0	0.0	0.0	0.0	0.0	0.0	0.0	0.0	1.0	0.0	0.0	0.0	0.0	0.0	0.0	0.0	0.0	0.0	0.5	0.4	0.5	0.6	0.625	0.4375	0.6	0.7142857142857143	0.6666666666666666	0.34375	
Mallard/Mottled Duck	0.0	0.0	0.0	0.0	0.0	0.0	0.0	0.0	0.0	0.0	0.0	0.034482758620689655	0.0	0.06666666666666667	0.0	0.0	0.0	0.0	0.0	0.0	0.0	0.0	0.0	0.0	0.0	0.0	0.0	0.0	0.0	0.0	0.0	0.0	0.0	0.0	0.0	0.0	0.0	0.0	0.0	0.0	0.0	0.0	0.0	0.0	0.0	0.0	0.0	0.0	
Northern Pintail	0.375	0.5882352941176471	0.5454545454545454	0.8095238095238095	0.5333333333333333	0.35294117647058826	0.23076923076923078	0.2	0.0	0.047619047619047616	0.16666666666666666	0.0	0.0	0.0	0.0015	0.0	0.0	0.0	0.0	0.0	0.0	0.0	0.0	0.0	0.0	0.0	0.0	0.0	0.0	0.0	0.0	0.0	0.0	0.0	0.0	0.0	0.0	0.0	0.0	0.6	0.2777777777777778	0.3	0.625	0.6875	0.8	0.8571428571428571	0.6666666666666666	0.625	
Green-winged Teal	0.6875	0.5882352941176471	0.6363636363636364	0.6190476190476191	0.4	0.35294117647058826	0.46153846153846156	0.7333333333333333	0.2777777777777778	0.09523809523809523	0.25	0.13793103448275862	0.11764705882352941	0.0	0.0	0.0	0.0	0.0	0.0	0.0	0.0	0.0	0.0	0.0	0.0	0.0	0.0	0.0	0.0	0.0	0.0	0.0	0.0	0.0	0.0	0.0	0.0	0.0	0.0	0.4	0.3888888888888889	0.4	0.375	0.375	0.4	0.42857142857142855	0.6666666666666666	0.5625	
Canvasback	0.0	0.0	0.0	0.0	0.0	0.0	0.0	0.0	0.0	0.0	0.0	0.0	0.0	0.0	0.0	0.0	0.0	0.0	0.0	0.0	0.0	0.0	0.0	0.0	0.0	0.0	0.0	0.0	0.0	0.0	0.0	0.0	0.0	0.0	0.0	0.0	0.0	0.0	0.0	0.0	0.0	0.0	0.0	0.0625	0.0	0.0	0.0	0.0	
Redhead	0.0	0.058823529411764705	0.36363636363636365	0.14285714285714285	0.2	0.35294117647058826	0.0	0.06666666666666667	0.0	0.0	0.0	0.0	0.0	0.0	0.0	0.0	0.3333333333333333	0.0	0.0	0.0	0.0	0.0	0.0	0.0	0.0	0.0	0.0	0.0	0.0	0.0	0.0	0.0	0.0	0.0	0.0	0.0	0.0	0.0	0.0	0.0	0.0	0.0	0.0	0.0625	0.0	0.14285714285714285	0.16666666666666666	0.0	
Ring-necked Duck	0.0	0.058823529411764705	0.2727272727272727	0.14285714285714285	0.13333333333333333	0.11764705882352941	0.07692307692307693	0.0	0.05555555555555555	0.0	0.08333333333333333	0.0015	0.0	0.06666666666666667	0.0	0.0	0.0	0.0	0.0	0.0	0.0	0.0	0.0	0.0	0.0	0.0	0.0	0.0	0.0	0.0	0.0	0.0	0.0	0.0	0.0	0.0	0.0	0.0	0.0	0.0	0.0	0.05	0.0	0.4375	0.2	0.42857142857142855	0.0	0.21875	
Lesser Scaup	0.0	0.058823529411764705	0.0	0.09523809523809523	0.06666666666666667	0.058823529411764705	0.0	0.0	0.05555555555555555	0.0	0.0	0.0	0.0	0.0	0.0	0.0	0.0	0.0	0.0	0.0	0.0	0.0	0.0	0.0	0.0	0.0	0.0	0.0	0.0	0.0	0.0	0.0	0.0	0.0	0.0	0.0	0.0	0.0	0.0	0.0	0.0	0.0	0.125	0.0625	0.2	0.2857142857142857	0.3333333333333333	0.09375	
Greater/Lesser Scaup	0.0	0.0	0.0	0.0	0.0	0.0	0.0	0.0	0.0	0.0	0.0	0.0	0.0	0.0	0.0	0.0	0.0	0.0	0.0	0.0	0.0	0.0	0.0	0.0	0.0	0.0	0.0	0.0	0.0	0.0	0.0	0.0	0.0	0.0	0.0	0.0	0.0	0.0	0.0	0.0	0.0	0.0	0.0	0.0	0.0	0.0	0.0	0.0015	
Bufflehead	0.0	0.0	0.0	0.0	0.0	0.0	0.0	0.06666666666666667	0.0	0.0	0.0	0.034482758620689655	0.0	0.0	0.0	0.0	0.0	0.0	0.0	0.0	0.0	0.0	0.0	0.0	0.0	0.0	0.0	0.0	0.0	0.0	0.0	0.0	0.0	0.0	0.0	0.0	0.0	0.0	0.0	0.0	0.0	0.0	0.0	0.125	0.0	0.14285714285714285	0.0	0.03125	
Hooded Merganser	0.0	0.0	0.0	0.09523809523809523	0.13333333333333333	0.0	0.07692307692307693	0.06666666666666667	0.0	0.0015	0.0015	0.0	0.0	0.0	0.0	0.0	0.0	0.0	0.0	0.0	0.0	0.0	0.0	0.0	0.0	0.0	0.0	0.0	0.0	0.0	0.0	0.0	0.0	0.0	0.0	0.0	0.0	0.0	0.0	0.0	0.0	0.0	0.0	0.0	0.0	0.0	0.0	0.03125	
Ruddy Duck	0.125	0.29411764705882354	0.2727272727272727	0.2857142857142857	0.2	0.17647058823529413	0.15384615384615385	0.13333333333333333	0.0	0.0	0.0	0.10344827586206896	0.0	0.06666666666666667	0.0	0.0	0.0	0.0	0.0	0.0	0.0	0.0	0.0	0.0	0.0	0.0	0.0	0.0	0.0	0.0	0.0	0.0	0.0	0.0	0.0	0.0	0.0	0.0	0.0	0.0	0.0	0.0	0.0	0.375	0.2	0.2857142857142857	0.3333333333333333	0.3125	
Plain Chachalaca	0.4375	0.5294117647058824	0.18181818181818182	0.38095238095238093	0.6666666666666666	0.35294117647058826	0.23076923076923078	0.3333333333333333	0.5	0.23809523809523808	0.5	0.4827586206896552	0.47058823529411764	0.7333333333333333	0.6666666666666666	0.7142857142857143	1.0	0.0	0.6666666666666666	1.0	1.0	1.0	1.0	0.0015	0.0	0.0	1.0	1.0	1.0	0.0	0.0015	0.0	0.0	1.0	1.0	0.0	1.0	0.0	0.5	0.2	0.4444444444444444	0.25	0.25	0.5625	0.6	0.2857142857142857	0.6666666666666666	0.4375	
Northern Bobwhite	0.0	0.0	0.09090909090909091	0.0	0.0	0.0	0.0	0.0	0.0	0.0	0.0	0.0	0.0	0.0	0.06666666666666667	0.0	0.0	0.0	0.0	0.0	0.0	0.0	0.0	0.0	0.0	0.0	0.0	0.0	0.0	0.0	0.0	0.0	0.0	0.5	0.0	0.0	0.0	0.0	0.0	0.0	0.0	0.0	0.0	0.0	0.0	0.0	0.0	0.03125	
Least Grebe	0.8125	0.8235294117647058	0.6363636363636364	0.5714285714285714	0.6	0.5882352941176471	0.6923076923076923	0.7333333333333333	0.7222222222222222	0.3333333333333333	0.5833333333333334	0.3103448275862069	0.47058823529411764	0.6	0.3333333333333333	0.14285714285714285	0.0	0.0	0.3333333333333333	0.0	0.5	0.0	0.5	0.0	0.0	0.0	0.0	0.0	0.0	0.0	0.0	0.0	0.0	0.5	0.0	0.0	1.0	0.0	0.5	0.8	0.5555555555555556	0.3	0.5	0.6875	0.8	0.5714285714285714	1.0	0.875	
Pied-billed Grebe	0.5625	0.5882352941176471	0.8181818181818182	0.7142857142857143	0.4666666666666667	0.5882352941176471	0.8461538461538461	0.5333333333333333	0.6666666666666666	0.42857142857142855	0.6666666666666666	0.3448275862068966	0.29411764705882354	0.4	0.4666666666666667	0.14285714285714285	0.0	0.0	0.3333333333333333	0.0	0.0	0.0	0.0	0.0	0.0	0.0	0.0	0.0	0.0	0.0	0.0	0.0	0.0	0.0	0.0	0.0	0.0	0.0	0.5	0.2	0.2222222222222222	0.5	0.375	0.5	0.6	0.5714285714285714	0.6666666666666666	0.65625	
Eared Grebe	0.0625	0.058823529411764705	0.0	0.0	0.0	0.058823529411764705	0.0	0.0	0.0	0.0	0.0	0.0	0.0	0.0	0.0	0.0	0.0	0.0	0.0	0.0	0.0	0.0	0.0	0.0	0.0	0.0	0.0	0.0	0.0	0.0	0.0	0.0	0.0	0.0	0.0	0.0	0.0	0.0	0.0	0.0	0.0	0.0	0.0	0.125	0.0	0.0	0.0	0.0625	
Rock Pigeon	0.25	0.11764705882352941	0.09090909090909091	0.047619047619047616	0.0	0.058823529411764705	0.0	0.0	0.0	0.047619047619047616	0.0	0.06896551724137931	0.11764705882352941	0.0	0.06666666666666667	0.0	0.0	0.0	0.0	0.0	0.0	0.0	0.0	0.0	0.0	0.0	0.0	0.0	0.0	0.0	0.0	0.0	0.0	0.0	0.0	0.0	0.0	0.0	0.0	0.0	0.0	0.0	0.0	0.125	0.0	0.0	0.0	0.15625	
Eurasian Collared-Dove	0.0	0.058823529411764705	0.0	0.047619047619047616	0.0	0.0	0.0	0.0	0.0	0.047619047619047616	0.0	0.06896551724137931	0.058823529411764705	0.06666666666666667	0.06666666666666667	0.0	0.0	0.0	0.0	0.0	1.0	0.0	0.0	0.0	0.0	0.0	0.0	0.0	0.0	0.0	0.0	0.0	0.0	0.0	0.0	0.0	0.0	0.0	0.0	0.0	0.0	0.0	0.0	0.125	0.0	0.0	0.16666666666666666	0.0	
Inca Dove	0.125	0.17647058823529413	0.09090909090909091	0.09523809523809523	0.2	0.058823529411764705	0.07692307692307693	0.26666666666666666	0.2222222222222222	0.14285714285714285	0.25	0.1724137931034483	0.058823529411764705	0.13333333333333333	0.2	0.14285714285714285	0.3333333333333333	0.0	1.0	0.0015	0.0	0.0	0.0	0.0	0.0	0.0	0.0	0.5	0.0	0.0	0.0	0.0	0.0	0.5	1.0	0.0	0.0	0.0	0.0	0.4	0.3888888888888889	0.4	0.25	0.375	0.2	0.42857142857142855	0.6666666666666666	0.25	
Common Ground-Dove	0.0	0.17647058823529413	0.0	0.0	0.0	0.0	0.07692307692307693	0.13333333333333333	0.1111111111111111	0.047619047619047616	0.08333333333333333	0.13793103448275862	0.058823529411764705	0.13333333333333333	0.06666666666666667	0.14285714285714285	0.6666666666666666	0.0	0.0	0.0	0.0	0.0	0.0	0.0	0.0	0.0	0.0	1.0	1.0	0.0	0.0	0.0	0.0	0.5	1.0	0.0	0.0	0.0	0.0	0.0	0.2222222222222222	0.1	0.0	0.25	0.0	0.0	0.3333333333333333	0.125	
White-tipped Dove	0.25	0.35294117647058826	0.36363636363636365	0.23809523809523808	0.4	0.29411764705882354	0.38461538461538464	0.26666666666666666	0.3888888888888889	0.38095238095238093	0.5	0.4482758620689655	0.17647058823529413	0.26666666666666666	0.26666666666666666	0.5714285714285714	0.6666666666666666	0.0	0.6666666666666666	0.5	0.0	0.0	0.5	0.0	0.0	0.0	1.0	1.0	0.0	0.0	0.0	0.0	0.0	0.5	0.0	0.0	0.0	0.0	0.0	0.2	0.1111111111111111	0.3	0.625	0.6875	0.4	0.2857142857142857	0.3333333333333333	0.40625	
White-winged Dove	0.0	0.11764705882352941	0.0	0.09523809523809523	0.0	0.058823529411764705	0.0	0.13333333333333333	0.0	0.047619047619047616	0.25	0.3793103448275862	0.47058823529411764	0.6666666666666666	0.8666666666666667	0.8571428571428571	0.6666666666666666	1.0	1.0	1.0	1.0	1.0	0.5	0.0015	0.0	0.0	1.0	1.0	0.0	0.0	0.0015	0.0	0.0	1.0	1.0	0.0	0.0	0.0	0.0	0.2	0.1111111111111111	0.15	0.0	0.0	0.2	0.14285714285714285	0.0	0.09375	
Mourning Dove	0.1875	0.0	0.2727272727272727	0.09523809523809523	0.06666666666666667	0.11764705882352941	0.07692307692307693	0.06666666666666667	0.2222222222222222	0.23809523809523808	0.3333333333333333	0.41379310344827586	0.47058823529411764	0.4666666666666667	0.26666666666666666	0.42857142857142855	0.3333333333333333	0.0	1.0	0.5	0.0	0.0	0.5	0.0	0.0	0.0	1.0	0.5	1.0	0.0	0.0	0.0	0.0	0.5	1.0	0.0	0.0	0.0	0.0	0.0	0.2222222222222222	0.3	0.5	0.375	0.0	0.14285714285714285	0.3333333333333333	0.125	
pigeon/dove sp.	0.0	0.0	0.0	0.0	0.0	0.0	0.0	0.0	0.0	0.0	0.0	0.0	0.058823529411764705	0.0	0.0	0.0	0.0	0.0	0.0	0.0	0.0	0.0	0.0	0.0	0.0	0.0	0.0	0.0	0.0	0.0	0.0	0.0	0.0	0.0	0.0	0.0	0.0	0.0	0.0	0.0	0.0	0.0	0.0	0.0	0.0	0.0	0.0	0.0	
Groove-billed Ani	0.0	0.0	0.0015	0.047619047619047616	0.0	0.058823529411764705	0.0	0.0	0.0	0.0	0.0	0.034482758620689655	0.058823529411764705	0.06666666666666667	0.13333333333333333	0.5714285714285714	0.6666666666666666	0.0	0.6666666666666666	0.0	0.5	0.0	0.5	0.0015	0.0	0.0	0.0	1.0	0.0	0.0	0.0	0.0	0.0	1.0	1.0	0.0	0.0	0.0	0.0	0.0	0.0	0.2	0.125	0.0	0.0	0.0	0.0	0.0	
Greater Roadrunner	0.0	0.0	0.09090909090909091	0.0	0.0	0.0	0.0	0.0	0.0	0.047619047619047616	0.08333333333333333	0.0	0.0	0.0	0.0	0.0	0.0	0.0	0.0	0.5	0.0	0.0	0.0	0.0	0.0	0.0	0.0	0.0	0.0	0.0	0.0	0.0	0.0	0.5	0.0	0.0	0.0	0.0	0.0	0.0	0.05555555555555555	0.0	0.0	0.0	0.2	0.0	0.0	0.0	
Yellow-billed Cuckoo	0.0	0.0	0.0	0.0	0.0	0.0	0.0	0.0	0.0	0.0	0.0	0.0	0.0	0.06666666666666667	0.06666666666666667	0.14285714285714285	0.6666666666666666	1.0	1.0	0.5	1.0	0.0	0.5	0.0015	0.0	0.0	1.0	0.5	1.0	0.0	0.0	0.0	0.0	0.0	0.0	0.0	0.0	0.0	0.0	0.0	0.0	0.0	0.0	0.0625	0.0	0.0	0.0	0.0	
Lesser Nighthawk	0.0	0.0	0.0	0.0	0.0	0.0	0.0	0.0	0.0	0.0	0.0	0.0	0.0	0.0	0.0	0.0	0.0	0.0	0.0	0.0	0.0	0.0	0.5	0.0	0.0	0.0	0.0	0.5	0.0	0.0	0.0	0.0	0.0	0.0	0.0	0.0	0.0	0.0	0.0	0.0	0.0	0.0	0.0	0.0	0.0	0.0	0.0	0.0	
Common Nighthawk	0.0	0.0	0.0	0.0	0.0	0.0	0.0	0.0	0.0	0.0	0.0	0.0	0.0	0.0	0.06666666666666667	0.0	0.0	0.0	0.0	0.0	0.0	0.0	0.0	0.0	0.0	0.0	1.0	0.0	0.0	0.0	0.0	0.0	0.0	0.0	0.0	0.0	0.0	0.0	0.0	0.0	0.0	0.0	0.0	0.0	0.0	0.0	0.0	0.0	
Common Pauraque	0.0	0.058823529411764705	0.09090909090909091	0.19047619047619047	0.06666666666666667	0.0	0.15384615384615385	0.0	0.0	0.047619047619047616	0.0	0.034482758620689655	0.0	0.06666666666666667	0.0	0.0	0.0	0.0	0.0	0.0	0.0	0.0	0.0	0.0	0.0	0.0	0.0	0.0	0.0	0.0	0.0	0.0	0.0	0.0	0.0	0.0	0.0	0.0	0.0	0.0	0.05555555555555555	0.05	0.0	0.125	0.2	0.5714285714285714	0.16666666666666666	0.09375	
Chimney Swift	0.0	0.0	0.0	0.0	0.0	0.0	0.0	0.0	0.0	0.0	0.0	0.06896551724137931	0.058823529411764705	0.0	0.13333333333333333	0.14285714285714285	0.0	0.0	0.3333333333333333	0.0	0.0	0.0	0.0	0.0	0.0	0.0	0.0	0.0	0.0	0.0	0.0	0.0	0.0	0.0	0.0	0.0	0.0	0.0	0.0	0.0	0.0	0.0	0.0	0.0	0.0	0.0	0.0	0.0	
Ruby-throated Hummingbird	0.0	0.0	0.0	0.047619047619047616	0.0	0.058823529411764705	0.0	0.0	0.0	0.0	0.08333333333333333	0.06896551724137931	0.0	0.0	0.06666666666666667	0.0	0.0	0.0	0.0	0.0	0.0	0.0	0.0	0.0	0.0	0.0	0.0	0.0	0.0	0.0	0.0	0.0	0.0	0.5	0.0	0.0	0.0	0.0	0.0	0.0	0.0	0.05	0.0	0.0	0.0	0.0	0.0	0.0	
Black-chinned Hummingbird	0.0	0.0	0.0	0.0	0.06666666666666667	0.0	0.0	0.0	0.0	0.0	0.0	0.034482758620689655	0.0	0.0	0.0	0.14285714285714285	0.0	0.0	0.0	0.0	0.0	0.0	0.0	0.0	0.0	0.0	0.0	0.0	0.0	0.0	0.0	0.0	0.0	0.0	0.0	0.0	0.0	0.0	0.0	0.0	0.05555555555555555	0.0	0.0	0.0	0.0	0.0	0.0	0.0	
Ruby-throated/Black-chinned Hummingbird	0.0	0.0	0.0	0.0	0.0	0.0	0.0	0.0	0.0	0.0	0.0	0.0	0.0	0.06666666666666667	0.0	0.0	0.0	0.0	0.0	0.0	0.0	0.0	0.0	0.0	0.0	0.0	0.0	0.0	0.0	0.0	0.0	0.0	0.0	0.5	0.0	0.0	0.0	0.0	0.0	0.0	0.0	0.0	0.0	0.0625	0.0	0.0	0.0	0.0	
Rufous Hummingbird	0.0	0.0	0.0	0.0	0.0	0.0	0.07692307692307693	0.0	0.0	0.0	0.0	0.0	0.0	0.0	0.0	0.0	0.0	0.0	0.0	0.0	0.0	0.0	0.0	0.0	0.0	0.0	0.0	0.0	0.0	0.0	0.0	0.0	0.0	0.0	0.0	0.0	0.0	0.0	0.0	0.0	0.0	0.0	0.0	0.0	0.0	0.0	0.0	0.0	
Buff-bellied Hummingbird	0.0625	0.058823529411764705	0.09090909090909091	0.14285714285714285	0.0	0.11764705882352941	0.07692307692307693	0.0	0.05555555555555555	0.0	0.16666666666666666	0.13793103448275862	0.0	0.06666666666666667	0.26666666666666666	0.2857142857142857	0.3333333333333333	0.0	0.6666666666666666	0.0	0.0	0.0	0.0	0.0	0.0	0.0	0.0	0.5	0.0	0.0	0.0	0.0	0.0	1.0	0.0	0.0	0.0	0.0	0.0	0.0	0.0	0.1	0.0	0.125	0.0	0.0	0.3333333333333333	0.0	
hummingbird sp.	0.0	0.0	0.0	0.047619047619047616	0.0	0.0	0.0	0.0	0.0	0.0	0.0	0.034482758620689655	0.0	0.0	0.0	0.0	0.0	0.0	0.0	0.0	0.0	0.0	0.0	0.0	0.0	0.0	0.0	0.0	0.0	0.0	0.0	0.0	0.0	0.0	0.0	0.0	0.0	0.0	0.0	0.0	0.0	0.0	0.0	0.0	0.0	0.0	0.0	0.0	
Virginia Rail	0.0	0.058823529411764705	0.0	0.047619047619047616	0.0	0.058823529411764705	0.0015	0.0	0.0	0.0	0.0	0.06896551724137931	0.0	0.0	0.0	0.0	0.0	0.0	0.0	0.0	0.0	0.0	0.0	0.0	0.0	0.0	0.0	0.0	0.0	0.0	0.0	0.0	0.0	0.0	0.0	0.0	0.0	0.0	0.0	0.2	0.05555555555555555	0.0	0.0	0.0	0.0	0.0	0.16666666666666666	0.03125	
Sora	0.5625	0.35294117647058826	0.36363636363636365	0.23809523809523808	0.2	0.47058823529411764	0.15384615384615385	0.26666666666666666	0.3333333333333333	0.19047619047619047	0.25	0.20689655172413793	0.23529411764705882	0.2	0.06666666666666667	0.0	0.0	0.0	0.0	0.0	0.0	0.0	0.0	0.0	0.0	0.0	0.0	0.0	0.0	0.0	0.0	0.0	0.0	0.0	0.0	0.0	0.0	0.0	0.0	0.2	0.1111111111111111	0.15	0.0	0.1875	0.0	0.42857142857142855	0.5	0.40625	
Common Gallinule	0.375	0.11764705882352941	0.36363636363636365	0.3333333333333333	0.5333333333333333	0.4117647058823529	0.23076923076923078	0.06666666666666667	0.2222222222222222	0.23809523809523808	0.16666666666666666	0.3448275862068966	0.47058823529411764	0.3333333333333333	0.3333333333333333	0.2857142857142857	0.0	0.0	0.3333333333333333	0.0	0.0	0.0	0.0	0.0	0.0	0.0	0.0	0.0	0.0	0.0	0.0	0.0	0.0	0.5	0.0	0.0	0.0	0.0	0.0	0.4	0.1111111111111111	0.15	0.0	0.125	0.0	0.14285714285714285	0.16666666666666666	0.125	
American Coot	0.875	0.7058823529411765	0.9090909090909091	0.8571428571428571	0.8666666666666667	0.8235294117647058	0.7692307692307693	0.7333333333333333	0.8333333333333334	0.6190476190476191	0.5833333333333334	0.6896551724137931	0.7058823529411765	0.7333333333333333	0.8	0.5714285714285714	0.6666666666666666	0.0	0.6666666666666666	0.0	0.0	0.0	0.0	0.0	0.0	0.0	0.0	0.0	0.0	0.0	0.0	0.0	0.0	0.0	0.0	0.0	0.0	0.0	0.5	1.0	0.5555555555555556	0.4	0.375	0.5625	0.6	1.0	0.8333333333333334	0.8125	
Sandhill Crane	0.0625	0.0	0.0	0.0	0.0	0.0	0.07692307692307693	0.0	0.0	0.047619047619047616	0.0	0.034482758620689655	0.0	0.0	0.0	0.0	0.0	0.0	0.0	0.0	0.0	0.0	0.0	0.0	0.0	0.0	0.0	0.0	0.0	0.0	0.0	0.0	0.0	0.0	0.0	0.0	0.0	0.0	0.0	0.0	0.0	0.0	0.0	0.125	0.0	0.0	0.0	0.0	
Black-necked Stilt	0.75	0.5882352941176471	0.36363636363636365	0.7142857142857143	0.6666666666666666	0.6470588235294118	0.46153846153846156	0.8666666666666667	0.4444444444444444	0.14285714285714285	0.4166666666666667	0.5517241379310345	0.8235294117647058	0.4666666666666667	0.4	0.8571428571428571	0.6666666666666666	0.0	0.3333333333333333	0.5	0.0	0.0	0.0	0.0	0.0	0.0	0.0	0.0	0.0	0.0	0.0	0.0	0.0	0.5	0.0	0.0	1.0	0.0	0.0	0.8	0.3888888888888889	0.1	0.5	0.5	0.6	0.42857142857142855	0.8333333333333334	0.6875	
American Avocet	0.0	0.0	0.0	0.0	0.0	0.0	0.0	0.13333333333333333	0.0	0.047619047619047616	0.08333333333333333	0.034482758620689655	0.0	0.13333333333333333	0.0	0.0	0.0	0.0	0.0	0.0	0.0	0.0	0.0	0.0	0.0	0.0	0.0	0.0	0.0	0.0	0.0	0.0	0.0	0.0	0.0	0.0	0.0	0.0	0.0	0.0	0.2222222222222222	0.0	0.0	0.0	0.0	0.0	0.0	0.09375	
Black-bellied Plover	0.0	0.0	0.0	0.0	0.0	0.0	0.0	0.0	0.0	0.0	0.0	0.0	0.0	0.06666666666666667	0.0	0.0	0.0	0.0	0.0	0.0	0.0	0.0	0.0	0.0	0.0	0.0	0.0	0.0	0.0	0.0	0.0	0.0	0.0	0.0	0.0	0.0	0.0	0.0	0.0	0.0	0.0	0.0	0.0	0.0	0.0	0.0	0.0	0.0	
American Golden-Plover	0.0	0.0	0.0	0.0	0.0	0.0	0.0	0.0	0.0	0.0	0.08333333333333333	0.034482758620689655	0.058823529411764705	0.0	0.0	0.0	0.0	0.0	0.0	0.0	0.0	0.0	0.0	0.0	0.0	0.0	0.0	0.0	0.0	0.0	0.0	0.0	0.0	0.0	0.0	0.0	0.0	0.0	0.0	0.0	0.0	0.0	0.0	0.0	0.0	0.0	0.0	0.0	
Killdeer	0.625	0.47058823529411764	0.2727272727272727	0.3333333333333333	0.5333333333333333	0.47058823529411764	0.23076923076923078	0.4666666666666667	0.4444444444444444	0.09523809523809523	0.16666666666666666	0.27586206896551724	0.35294117647058826	0.4	0.3333333333333333	0.42857142857142855	0.6666666666666666	0.0	0.6666666666666666	1.0	0.0	0.0	0.0	0.0	0.0	0.0	0.0	0.0	0.0	0.0	0.0	0.0	0.0	0.5	0.0	0.0	1.0	0.0	0.0	0.6	0.4444444444444444	0.3	0.5	0.3125	0.4	0.2857142857142857	0.6666666666666666	0.5625	
Northern Jacana	0.5625	0.11764705882352941	0.2727272727272727	0.19047619047619047	0.13333333333333333	0.23529411764705882	0.0	0.13333333333333333	0.05555555555555555	0.0	0.0	0.0	0.0	0.0	0.0	0.0	0.0	0.0	0.0	0.0	0.0	0.0	0.0	0.0	0.0	0.0	0.0	0.0	0.0	0.0	0.0	0.0	0.0	0.0	0.0	0.0	0.0	0.0	0.0	0.4	0.1111111111111111	0.0	0.0	0.0	0.0	0.42857142857142855	0.16666666666666666	0.34375	
Long-billed Curlew	0.0	0.0	0.0	0.047619047619047616	0.0	0.0	0.0	0.0	0.0	0.0	0.0	0.0	0.0	0.0	0.0	0.0	0.0	0.0	0.0	0.0	0.0	0.0	0.0	0.0	0.0	0.0	0.0	0.0	0.0	0.0	0.0	0.0	0.0	0.0	0.0	0.0	0.0	0.0	0.0	0.0	0.05555555555555555	0.0	0.0	0.0	0.0	0.0	0.0	0.0	
Stilt Sandpiper	0.0625	0.11764705882352941	0.0	0.047619047619047616	0.06666666666666667	0.11764705882352941	0.0015	0.0	0.05555555555555555	0.0	0.0015	0.0	0.17647058823529413	0.06666666666666667	0.13333333333333333	0.14285714285714285	0.6666666666666666	0.0	0.0	0.0	0.0	0.0	0.0	0.0	0.0	0.0	0.0	0.0	0.0	0.0	0.0	0.0	0.0	0.0	0.0	0.0	0.0	0.0	0.0	0.2	0.1111111111111111	0.05	0.125	0.125	0.0	0.0	0.0	0.0625	
Dunlin	0.0	0.0	0.0	0.0	0.0	0.0	0.0	0.0	0.0	0.0	0.0	0.0	0.0	0.0	0.0	0.0	0.0	0.0	0.0	0.0	0.0	0.0	0.0	0.0	0.0	0.0	0.0	0.0	0.0	0.0	0.0	0.0	0.0	0.0	0.0	0.0	0.0	0.0	0.0	0.0	0.1111111111111111	0.0	0.0	0.0	0.0	0.0	0.0	0.0	
Baird's Sandpiper	0.0	0.0	0.0	0.0	0.0	0.0	0.0	0.0	0.0	0.0	0.0	0.034482758620689655	0.0	0.0	0.0	0.0	0.3333333333333333	0.0	0.0	0.0	0.0	0.0	0.0	0.0	0.0	0.0	0.0	0.0	0.0	0.0	0.0	0.0	0.0	0.0	0.0	0.0	0.0	0.0	0.0	0.0	0.0	0.0	0.0	0.0	0.0	0.0	0.0	0.0	
Least Sandpiper	0.0	0.23529411764705882	0.18181818181818182	0.047619047619047616	0.13333333333333333	0.17647058823529413	0.07692307692307693	0.3333333333333333	0.1111111111111111	0.0	0.16666666666666666	0.1724137931034483	0.17647058823529413	0.06666666666666667	0.06666666666666667	0.14285714285714285	0.6666666666666666	0.0	0.0	0.0	0.0	0.0	0.0	0.0	0.0	0.0	0.0	0.0	0.0	0.0	0.0	0.0	0.0	0.0	0.0	0.0	0.0	0.0	0.0	0.4	0.2222222222222222	0.15	0.125	0.1875	0.2	0.0	0.16666666666666666	0.15625	
White-rumped Sandpiper	0.0	0.0	0.0	0.0	0.0	0.0	0.0	0.0	0.0	0.0	0.0	0.0	0.0	0.0	0.06666666666666667	0.0	0.0	0.0	0.0	0.0	0.0	0.0	0.0	0.0	0.0	0.0	0.0	0.0	0.0	0.0	0.0	0.0	0.0	0.0	0.0	0.0	0.0	0.0	0.0	0.0	0.0	0.0	0.0	0.0	0.0	0.0	0.0	0.0	
Pectoral Sandpiper	0.0	0.0	0.0	0.0	0.0	0.0	0.0	0.0	0.0	0.0	0.0	0.10344827586206896	0.17647058823529413	0.0	0.06666666666666667	0.0	0.6666666666666666	0.0	0.0	0.0	0.0	0.0	0.0	0.0	0.0	0.0	0.0	0.0	0.0	0.0	0.0	0.0	0.0	0.0	0.0	0.0	0.0	0.0	0.0	0.0	0.0	0.0	0.0	0.0	0.0	0.0	0.0	0.0	
Western Sandpiper	0.0	0.0	0.0	0.0	0.0	0.0	0.0	0.0	0.0	0.0	0.0	0.0	0.0	0.06666666666666667	0.0	0.0	0.0015	0.0	0.0	0.0	0.0	0.0	0.0	0.0	0.0	0.0	0.0	0.0	0.0	0.0	0.0	0.0	0.0	0.0	0.0	0.0	0.0	0.0	0.0	0.2	0.1111111111111111	0.0	0.0	0.0	0.0	0.0	0.0	0.0	
Semipalmated/Western Sandpiper	0.0	0.0	0.0	0.0	0.0	0.0	0.0	0.0	0.0	0.0	0.0	0.0	0.0	0.0	0.0	0.0	0.0	0.0	0.0	0.0	0.0	0.0	0.0	0.0	0.0	0.0	0.0	0.0	0.0	0.0	0.0	0.0	0.0	0.0	0.0	0.0	0.0	0.0	0.0	0.0	0.0	0.0	0.0	0.0	0.0	0.14285714285714285	0.0	0.0	
peep sp.	0.0	0.0	0.0	0.0	0.0	0.0	0.0	0.13333333333333333	0.0	0.047619047619047616	0.0	0.0	0.058823529411764705	0.0	0.0	0.0	0.0	0.0	0.0	0.0	0.0	0.0	0.0	0.0	0.0	0.0	0.0	0.0	0.0	0.0	0.0	0.0	0.0	0.0	0.0	0.0	0.0	0.0	0.0	0.0	0.0	0.0	0.0	0.0625	0.0	0.0	0.0	0.0	
Short-billed Dowitcher	0.0	0.0	0.0	0.0	0.0	0.0	0.0	0.0	0.0	0.0	0.0	0.0	0.0	0.0	0.0	0.0	0.0015	0.0	0.0	0.0	0.0	0.0	0.0	0.0	0.0	0.0	0.0	0.0	0.0	0.0	0.0	0.0	0.0	0.0	0.0	0.0	0.0	0.0	0.0	0.2	0.0	0.0	0.0	0.0	0.0	0.0	0.0	0.0	
Long-billed Dowitcher	0.25	0.4117647058823529	0.09090909090909091	0.23809523809523808	0.06666666666666667	0.29411764705882354	0.3076923076923077	0.6	0.16666666666666666	0.047619047619047616	0.16666666666666666	0.3103448275862069	0.23529411764705882	0.26666666666666666	0.4666666666666667	0.42857142857142855	0.6666666666666666	0.0	0.0	0.0	0.0	0.0	0.0	0.0	0.0	0.0	0.0	0.0	0.0	0.0	0.0	0.0	0.0	0.5	0.0	0.0	0.0	0.0	0.0	0.4	0.2222222222222222	0.15	0.0	0.25	0.4	0.42857142857142855	0.6666666666666666	0.21875	
Short-billed/Long-billed Dowitcher	0.0	0.0	0.0	0.0	0.0	0.0	0.0015	0.06666666666666667	0.0	0.0	0.0	0.034482758620689655	0.0	0.06666666666666667	0.0	0.14285714285714285	0.0	0.0	0.0	0.0	0.0	0.0	0.0	0.0	0.0	0.0	0.0	0.0	0.0	0.0	0.0	0.0	0.0	0.0	0.0	0.0	0.0	0.0	0.0	0.0	0.0	0.0	0.0	0.0625	0.0	0.0	0.0	0.0	
American Woodcock	0.0	0.0	0.0	0.0	0.06666666666666667	0.0	0.0	0.0	0.0	0.0	0.0	0.0	0.0	0.0	0.0	0.0	0.0	0.0	0.0	0.0	0.0	0.0	0.0	0.0	0.0	0.0	0.0	0.0	0.0	0.0	0.0	0.0	0.0	0.0	0.0	0.0	0.0	0.0	0.0	0.0	0.0	0.0	0.0	0.0	0.0	0.0	0.0	0.0	
Wilson's Snipe	0.0625	0.29411764705882354	0.2727272727272727	0.047619047619047616	0.2	0.17647058823529413	0.15384615384615385	0.06666666666666667	0.1111111111111111	0.0	0.08333333333333333	0.13793103448275862	0.17647058823529413	0.0	0.06666666666666667	0.0	0.0	0.0	0.0	0.0	0.0	0.0	0.0	0.0	0.0	0.0	0.0	0.0	0.0	0.0	0.0	0.0	0.0	0.0	0.0	0.0	0.0	0.0	0.0	0.4	0.2777777777777778	0.15	0.0	0.25	0.0	0.14285714285714285	0.16666666666666666	0.15625	
Wilson's Phalarope	0.0	0.0	0.0	0.0	0.0	0.0	0.0	0.0	0.0	0.0	0.0	0.034482758620689655	0.0	0.0	0.0	0.0	0.6666666666666666	0.0	0.0	0.0	0.0	0.0	0.0	0.0	0.0	0.0	0.0	0.0	0.0	0.0	0.0	0.0	0.0	0.5	0.0	0.0	0.0	0.0	0.0	0.0	0.0	0.0	0.0	0.0	0.0	0.0	0.0	0.0	
Spotted Sandpiper	0.1875	0.11764705882352941	0.18181818181818182	0.19047619047619047	0.0	0.058823529411764705	0.0	0.13333333333333333	0.2222222222222222	0.047619047619047616	0.3333333333333333	0.20689655172413793	0.11764705882352941	0.06666666666666667	0.2	0.2857142857142857	0.3333333333333333	0.0	0.3333333333333333	0.0	0.0	0.0	0.0	0.0	0.0	0.0	0.0	0.0	0.0	0.0	0.0	0.0	0.0	0.0	0.0	0.0	0.0	0.0	0.0	0.2	0.05555555555555555	0.05	0.0	0.375	0.0	0.2857142857142857	0.16666666666666666	0.09375	
Solitary Sandpiper	0.0	0.058823529411764705	0.09090909090909091	0.14285714285714285	0.26666666666666666	0.058823529411764705	0.23076923076923078	0.4	0.2777777777777778	0.2857142857142857	0.16666666666666666	0.13793103448275862	0.17647058823529413	0.3333333333333333	0.13333333333333333	0.0	0.0015	0.0	0.0	0.0	0.0	0.0	0.0	0.0	0.0	0.0	0.0	0.0	0.0	0.0	0.0	0.0	0.0	0.5	0.0	0.0	0.0	0.0	0.0	0.0	0.0	0.05	0.0	0.0625	0.0	0.14285714285714285	0.16666666666666666	0.125	
Greater Yellowlegs	0.3125	0.5294117647058824	0.36363636363636365	0.42857142857142855	0.26666666666666666	0.29411764705882354	0.23076923076923078	0.5333333333333333	0.5	0.047619047619047616	0.3333333333333333	0.4827586206896552	0.5882352941176471	0.2	0.4	0.2857142857142857	0.6666666666666666	0.0	0.0	0.0	0.0	0.0	0.0	0.0	0.0	0.0	0.0	0.0	0.0	0.0	0.0	0.0	0.0	0.5	0.0	0.0	0.0	0.0	0.0	0.8	0.3333333333333333	0.3	0.625	0.3125	0.2	0.5714285714285714	0.8333333333333334	0.375	
Lesser Yellowlegs	0.3125	0.47058823529411764	0.2727272727272727	0.09523809523809523	0.06666666666666667	0.11764705882352941	0.07692307692307693	0.26666666666666666	0.05555555555555555	0.0015	0.16666666666666666	0.41379310344827586	0.35294117647058826	0.06666666666666667	0.2	0.42857142857142855	0.6666666666666666	0.0	0.0	0.0	0.0	0.0	0.0	0.0	0.0	0.0	0.0	0.0	0.0	0.0	0.0	0.0	0.0	0.0	0.0	0.0	0.0	0.0	0.0	0.4	0.3333333333333333	0.2	0.125	0.3125	0.0	0.14285714285714285	0.3333333333333333	0.3125	
Greater/Lesser Yellowlegs	0.0	0.0	0.0	0.047619047619047616	0.0	0.0	0.0	0.0	0.0	0.047619047619047616	0.0015	0.0	0.0	0.0	0.0	0.0	0.0	0.0	0.0	0.0	0.0	0.0	0.0	0.0	0.0	0.0	0.0	0.0	0.0	0.0	0.0	0.0	0.0	0.0	0.0	0.0	0.0	0.0	0.0	0.0	0.0	0.0	0.0	0.0	0.0	0.0	0.0	0.0	
shorebird sp.	0.0625	0.0	0.0	0.0	0.0	0.0	0.0	0.0	0.0	0.0	0.0	0.034482758620689655	0.0	0.0	0.0	0.0	0.0	0.0	0.0	0.0	0.0	0.0	0.0	0.0	0.0	0.0	0.0	0.0	0.0	0.0	0.0	0.0	0.0	0.0	0.0	0.0	0.0	0.0	0.0	0.0	0.05555555555555555	0.0	0.0	0.0	0.0	0.0	0.0	0.03125	
Laughing Gull	0.0	0.0	0.0	0.0	0.0	0.0	0.0	0.0	0.0	0.0	0.0	0.0	0.0	0.0	0.0	0.0	0.3333333333333333	1.0	0.0	0.0	0.0	0.0	0.0	0.0	0.0	0.0	0.0	0.0	0.0	0.0	0.0	0.0	0.0	0.0	0.0	0.0	0.0	0.0	0.0	0.0	0.0	0.0	0.0	0.0	0.0	0.0	0.0	0.03125	
Franklin's Gull	0.0	0.0	0.0	0.0	0.0	0.0	0.0	0.0	0.0	0.0	0.0	0.0	0.0	0.0	0.06666666666666667	0.0	0.0	0.0	0.0	0.0	0.0	0.0	0.0	0.0	0.0	0.0	0.0	0.0	0.0	0.0	0.0	0.0	0.0	0.0	0.0	0.0	0.0	0.0	0.0	0.0	0.0	0.0	0.0	0.0	0.0	0.0	0.0	0.0	
Ring-billed Gull	0.0	0.0	0.0	0.0	0.0	0.0	0.0	0.0	0.0	0.0	0.0	0.0	0.0	0.0	0.0	0.0	0.0	0.0	0.0	0.0	0.0	0.0	0.0	0.0	0.0	0.0	0.0	0.0	0.0	0.0	0.0	0.0	0.0	0.0	0.0	0.0	0.0	0.0	0.0	0.0	0.0	0.0	0.0	0.0625	0.0	0.14285714285714285	0.0	0.0	
Gull-billed Tern	0.0	0.0	0.09090909090909091	0.0	0.0	0.0	0.0	0.0	0.0	0.0	0.0	0.0	0.0015	0.13333333333333333	0.06666666666666667	0.0	0.3333333333333333	0.0	0.0	0.0	0.0	0.0	0.0	0.0	0.0	0.0	0.0	0.0	0.0	0.0	0.0	0.0	0.0	0.0	0.0	0.0	0.0	0.0	0.0	0.0	0.0	0.0	0.0	0.0	0.0	0.0	0.0	0.0	
Caspian Tern	0.0	0.0	0.0	0.0	0.0	0.0	0.0	0.0	0.0	0.0	0.0	0.0015	0.0	0.0	0.0	0.0	0.0	0.0	0.0	0.0	0.0	0.0	0.0	0.0	0.0	0.0	0.0	0.0	0.0	0.0	0.0	0.0	0.0	0.0	0.0	0.0	0.0	0.0	0.0	0.0	0.05555555555555555	0.0	0.0	0.0	0.0	0.0	0.0	0.0	
Forster's Tern	0.0	0.0	0.0	0.0	0.0	0.0	0.0	0.0	0.0	0.047619047619047616	0.0	0.0	0.0	0.06666666666666667	0.0	0.14285714285714285	0.0	0.0	0.0	0.0	0.0	0.0	0.0	0.0	0.0	0.0	0.0	0.5	0.0	0.0	0.0	0.0	0.0	0.0	0.0	0.0	0.0	0.0	0.0	0.0	0.0	0.0	0.0	0.0	0.0	0.0	0.0	0.0	
Wood Stork	0.0	0.0	0.0	0.0	0.0	0.0	0.0	0.0	0.0	0.0	0.0	0.0	0.0	0.0	0.0	0.0015	0.0	0.0	0.0	0.0	0.0	0.0	0.0	0.0	0.0	0.0	0.0	0.0	0.0	0.0	0.0	0.0	0.0	0.5	0.0	0.0	0.0	0.0	0.0	0.0	0.05555555555555555	0.0	0.0	0.0	0.0	0.0	0.0	0.0	
Anhinga	0.0625	0.0	0.0	0.0	0.0	0.0	0.0	0.0	0.0	0.0	0.16666666666666666	0.06896551724137931	0.058823529411764705	0.26666666666666666	0.06666666666666667	0.14285714285714285	0.0	0.0	0.0	0.0	0.0	0.0	0.0	0.0	0.0	0.0	0.0	0.0	0.0	0.0	0.0	0.0	0.0	0.0	0.0	0.0	0.0	0.0	0.0	0.0	0.0	0.05	0.0	0.0625	0.0	0.0	0.16666666666666666	0.0015	
Neotropic Cormorant	0.0	0.0	0.0	0.19047619047619047	0.06666666666666667	0.0	0.0	0.06666666666666667	0.05555555555555555	0.09523809523809523	0.08333333333333333	0.10344827586206896	0.0	0.26666666666666666	0.13333333333333333	0.14285714285714285	0.0	0.0	0.3333333333333333	0.0	0.0	0.0	0.0	0.0	0.0	0.0	0.0	0.0	0.0	0.0	0.0	0.0	0.0	0.0	0.0	0.0	0.0	0.0	0.0	0.0	0.0	0.05	0.0	0.0625	0.0	0.0	0.16666666666666666	0.125	
Double-crested Cormorant	0.0	0.0	0.09090909090909091	0.09523809523809523	0.0	0.058823529411764705	0.0	0.26666666666666666	0.2222222222222222	0.09523809523809523	0.0	0.0015	0.0	0.0	0.0	0.0	0.0	0.0	0.0	0.0	0.0	0.0	0.0	0.0	0.0	0.0	0.0	0.0	0.0	0.0	0.0	0.0	0.0	0.0	0.0	0.0	0.0	0.0	0.0	0.0	0.0	0.05	0.0	0.0	0.0	0.0	0.0	0.0625	
cormorant sp.	0.0	0.0	0.0	0.0	0.0	0.0	0.0	0.0	0.0	0.0	0.0	0.0	0.11764705882352941	0.06666666666666667	0.0	0.0	0.0	0.0	0.0	0.0	0.0	0.0	0.0	0.0	0.0	0.0	0.0	0.0	0.0	0.0	0.0	0.0	0.0	0.0	0.0	0.0	0.0	0.0	0.0	0.0	0.0	0.0	0.0	0.0	0.0	0.0	0.0	0.0	
American White Pelican	0.125	0.17647058823529413	0.0	0.047619047619047616	0.0	0.058823529411764705	0.0	0.0	0.05555555555555555	0.0	0.0	0.034482758620689655	0.17647058823529413	0.06666666666666667	0.0	0.0	0.0	0.0	0.0	0.0	0.0	0.0	0.0	0.0	0.0	0.0	0.0	0.0	0.0	0.0	0.0	0.0	0.0	0.0	0.0	0.0	0.0	0.0	0.0	0.0	0.1111111111111111	0.1	0.0	0.125	0.0	0.0	0.16666666666666666	0.0625	
American Bittern	0.0	0.0	0.0	0.0	0.0	0.0	0.0	0.0	0.0	0.0	0.0	0.0	0.0	0.0	0.0	0.0	0.0	0.0	0.0	0.0	0.0	0.0	0.0	0.0	0.0	0.0	0.0	0.0	0.0	0.0	0.0	0.0	0.0	0.0	0.0	0.0	0.0	0.0	0.0	0.0	0.05555555555555555	0.0	0.0	0.0	0.0	0.0	0.0	0.0	
Least Bittern	0.0	0.0	0.0	0.0	0.0	0.0	0.0	0.0	0.0	0.0	0.0	0.13793103448275862	0.058823529411764705	0.13333333333333333	0.2	0.0015	0.0	0.0	0.0	0.0	0.0	0.0	0.0	0.0	0.0	0.0	0.0	0.0	0.0	0.0	0.0	0.0	0.0	0.0	0.0	0.0	0.0	0.0	0.0	0.0	0.0	0.0	0.0	0.0	0.0	0.0	0.0	0.0	
Great Blue Heron	0.0625	0.0	0.0	0.14285714285714285	0.0015	0.11764705882352941	0.15384615384615385	0.13333333333333333	0.16666666666666666	0.047619047619047616	0.08333333333333333	0.10344827586206896	0.17647058823529413	0.2	0.13333333333333333	0.14285714285714285	0.0	0.0	0.0	0.0	0.0	0.0	0.0	0.0	0.0	0.0	1.0	0.0	0.0	0.0	0.0	0.0	0.0	0.0	0.0	0.0	1.0	0.0	0.0	0.0	0.05555555555555555	0.15	0.125	0.25	0.0	0.2857142857142857	0.3333333333333333	0.21875	
Great Egret	0.0625	0.11764705882352941	0.09090909090909091	0.38095238095238093	0.26666666666666666	0.23529411764705882	0.3076923076923077	0.26666666666666666	0.4444444444444444	0.47619047619047616	0.16666666666666666	0.4482758620689655	0.4117647058823529	0.6	0.3333333333333333	0.14285714285714285	0.6666666666666666	0.0	0.3333333333333333	0.5	0.0	0.0	0.0	0.0	0.0	0.0	0.0	0.0	0.0	0.0	0.0	0.0	0.0	0.0	0.0	0.0	0.0	0.0	0.0	0.2	0.2777777777777778	0.15	0.125	0.1875	0.0	0.14285714285714285	0.16666666666666666	0.28125	
Snowy Egret	0.0625	0.058823529411764705	0.0	0.0	0.13333333333333333	0.11764705882352941	0.15384615384615385	0.26666666666666666	0.05555555555555555	0.09523809523809523	0.16666666666666666	0.10344827586206896	0.23529411764705882	0.26666666666666666	0.2	0.5714285714285714	0.6666666666666666	0.0	0.0	0.0	0.0	0.0	0.5	0.0	0.0	0.0	1.0	0.5	0.0	0.0	0.0	0.0	0.0	0.0	0.0	0.0	0.0	0.0	0.0	0.0	0.05555555555555555	0.1	0.0	0.0625	0.0	0.0	0.16666666666666666	0.0625	
Little Blue Heron	0.0	0.0	0.0	0.047619047619047616	0.2	0.058823529411764705	0.0	0.06666666666666667	0.1111111111111111	0.047619047619047616	0.08333333333333333	0.2413793103448276	0.23529411764705882	0.3333333333333333	0.13333333333333333	0.0015	0.3333333333333333	0.0	0.0	0.0	1.0	0.0	0.0	0.0	0.0	0.0	0.0	0.0	0.0	0.0	0.0	0.0	0.0	0.5	0.0	0.0	1.0	0.0	0.0	0.0	0.05555555555555555	0.0	0.0	0.0	0.0	0.0	0.0	0.0	
Tricolored Heron	0.0	0.0	0.0	0.047619047619047616	0.0	0.058823529411764705	0.0015	0.0	0.1111111111111111	0.047619047619047616	0.08333333333333333	0.034482758620689655	0.11764705882352941	0.2	0.26666666666666666	0.2857142857142857	0.6666666666666666	0.0	0.3333333333333333	0.0	0.0	0.0	0.0	0.0	0.0	0.0	0.0	0.0	0.0	0.0	0.0	0.0	0.0	0.0	0.0	0.0	0.0	0.0	0.0	0.0	0.1111111111111111	0.0	0.0	0.0	0.0	0.0	0.0	0.0	
Cattle Egret	0.0	0.0	0.09090909090909091	0.047619047619047616	0.0	0.0	0.0	0.0	0.0	0.047619047619047616	0.0	0.034482758620689655	0.0	0.2	0.06666666666666667	0.14285714285714285	0.0	0.0	0.6666666666666666	0.0	0.0	0.0	0.0	0.0	0.0	0.0	1.0	0.0	0.0	0.0	0.0	0.0	0.0	0.0	0.0	0.0	0.0	0.0	0.0	0.0	0.0	0.05	0.0	0.0	0.0	0.0	0.16666666666666666	0.0	
Green Heron	0.0	0.0	0.0	0.0	0.13333333333333333	0.0	0.0	0.0	0.05555555555555555	0.09523809523809523	0.0015	0.13793103448275862	0.11764705882352941	0.06666666666666667	0.13333333333333333	0.0	0.3333333333333333	0.0	0.0	0.5	0.0	0.0	0.0	0.0	0.0	0.0	0.0	0.0	0.0	0.0	0.0	0.0	0.0	0.5	0.0	0.0	0.0	0.0	0.0	0.0	0.0	0.0	0.0	0.0625	0.0	0.0	0.0	0.0	
Black-crowned Night-Heron	0.0	0.0	0.0	0.0	0.0	0.0	0.0	0.0	0.0	0.0	0.0015	0.0	0.0	0.0	0.0	0.0	0.0	0.0	0.0	0.0	0.0	0.0	0.0	0.0	0.0	0.0	0.0	0.0	0.0	0.0	0.0	0.0	0.0	0.5	0.0	0.0	0.0	0.0	0.0	0.0	0.0	0.05	0.0	0.0	0.0	0.0	0.0	0.0	
Yellow-crowned Night-Heron	0.0	0.0	0.0	0.0	0.0	0.0	0.0	0.0	0.0	0.0	0.0015	0.034482758620689655	0.0	0.0	0.0	0.14285714285714285	0.0	0.0	0.3333333333333333	0.0	0.0	0.0	0.0	0.0	0.0	0.0	0.0	0.0	0.0	0.0	0.0	0.0	0.0	0.0	0.0	0.0	0.0	0.0	0.0	0.0	0.05555555555555555	0.15	0.0	0.0	0.0	0.0	0.0	0.0	
White Ibis	0.0625	0.35294117647058826	0.09090909090909091	0.47619047619047616	0.0	0.23529411764705882	0.0	0.06666666666666667	0.1111111111111111	0.09523809523809523	0.0015	0.13793103448275862	0.23529411764705882	0.26666666666666666	0.2	0.14285714285714285	0.3333333333333333	0.0	0.0	0.0	0.0	0.0	0.0	0.0	0.0	0.0	0.0	0.0	0.0	0.0	0.0	0.0	0.0	0.0	0.0	0.0	0.0	0.0	0.0	0.4	0.16666666666666666	0.05	0.0	0.0	0.0	0.0	0.0	0.0625	
White-faced Ibis	0.3125	0.17647058823529413	0.45454545454545453	0.23809523809523808	0.2	0.35294117647058826	0.07692307692307693	0.26666666666666666	0.2777777777777778	0.38095238095238093	0.4166666666666667	0.27586206896551724	0.5294117647058824	0.26666666666666666	0.4	0.42857142857142855	0.6666666666666666	0.0	0.0	0.0	0.0	0.0	0.0	0.0	0.0	0.0	0.0	0.0	0.0	0.0	0.0	0.0	0.0	0.0	0.0	0.0	0.0	0.0	0.0	0.0	0.2222222222222222	0.05	0.0	0.0625	0.0	0.0	0.0	0.0625	
Glossy/White-faced Ibis	0.0	0.058823529411764705	0.0	0.14285714285714285	0.0	0.0	0.0	0.06666666666666667	0.0	0.047619047619047616	0.0	0.0	0.11764705882352941	0.06666666666666667	0.0	0.0	0.0	0.0	0.0	0.0	0.0	0.0	0.0	0.0	0.0	0.0	0.0	0.0	0.0	0.0	0.0	0.0	0.0	0.0	0.0	0.0	0.0	0.0	0.0	0.0	0.0	0.0	0.0	0.0625	0.0	0.0	0.0	0.03125	
Roseate Spoonbill	0.0	0.058823529411764705	0.0	0.0	0.0	0.0	0.0	0.0	0.0	0.047619047619047616	0.0015	0.0	0.058823529411764705	0.26666666666666666	0.06666666666666667	0.2857142857142857	0.0	0.0	0.0	0.0	0.0	0.0	0.0	0.0	0.0	0.0	0.0	0.0	0.0	0.0	0.0	0.0	0.0	0.0	0.0	0.0	0.0	0.0	0.0	0.0	0.05555555555555555	0.0	0.0	0.0	0.0	0.0	0.0	0.03125	
Black Vulture	0.0625	0.0	0.0	0.0	0.2	0.058823529411764705	0.0	0.06666666666666667	0.16666666666666666	0.047619047619047616	0.08333333333333333	0.10344827586206896	0.058823529411764705	0.0	0.06666666666666667	0.14285714285714285	0.0	0.0	0.0	0.0015	0.0	0.0	0.0	0.0	0.0	0.0	0.0	0.0	0.0	0.0	0.0	0.0	0.0	0.0	0.0	0.0	0.0	0.0	0.0	0.0	0.1111111111111111	0.0	0.0	0.0625	0.0	0.0	0.16666666666666666	0.0625	
Turkey Vulture	0.375	0.5882352941176471	0.6363636363636364	0.3333333333333333	0.6666666666666666	0.5882352941176471	0.23076923076923078	0.6	0.4444444444444444	0.47619047619047616	0.25	0.5517241379310345	0.5882352941176471	0.4666666666666667	0.6666666666666666	0.7142857142857143	0.3333333333333333	0.0	0.6666666666666666	0.0015	1.0	1.0	0.0	0.0015	0.0	0.0	1.0	0.5	0.0	0.0	0.0	0.0	0.0	0.5	1.0	0.0	0.0	0.0	0.0	0.2	0.2222222222222222	0.25	0.375	0.5	0.2	0.2857142857142857	0.8333333333333334	0.5625	
Osprey	0.0	0.11764705882352941	0.0	0.09523809523809523	0.06666666666666667	0.11764705882352941	0.15384615384615385	0.0	0.05555555555555555	0.047619047619047616	0.0	0.0	0.0	0.0	0.06666666666666667	0.0	0.0	0.0	0.0	0.0	0.0	0.0	0.0	0.0	0.0	0.0	0.0	0.0	0.0	0.0	0.0	0.0	0.0	0.0	0.0	0.0	0.0	0.0	0.0	0.0	0.0	0.0	0.0	0.0625	0.0	0.0	0.0	0.09375	
White-tailed Kite	0.0015	0.058823529411764705	0.0015	0.047619047619047616	0.06666666666666667	0.0	0.0	0.0	0.05555555555555555	0.0	0.25	0.10344827586206896	0.058823529411764705	0.0	0.06666666666666667	0.0	0.0	0.0	0.0	0.0	0.0	0.0	0.0	0.0	0.0	0.0	0.0	0.0	0.0	0.0	0.0	0.0	0.0	0.5	0.0	0.0	0.0	0.0	0.0	0.0	0.05555555555555555	0.05	0.125	0.0	0.0	0.14285714285714285	0.0	0.0	
Hook-billed Kite	0.0	0.0	0.0	0.0	0.0	0.0	0.0	0.0	0.0	0.0	0.0	0.0	0.0	0.0	0.0015	0.0	0.0	0.0	0.0	0.0	0.0	0.0	0.0	0.0	0.0	0.0	0.0	0.0	0.0	0.0	0.0	0.0	0.0	0.0	0.0	0.0	0.0	0.0	0.0	0.0	0.0	0.0	0.0	0.0625	0.0	0.0	0.0	0.0	
Swallow-tailed Kite	0.0	0.0	0.0	0.0	0.0	0.0	0.0	0.0	0.05555555555555555	0.0	0.0	0.034482758620689655	0.0	0.0	0.0	0.0	0.0	0.0	0.0	0.0	0.0	0.0	0.0	0.0	0.0	0.0	0.0	0.0	0.0	0.0	0.0	0.0	0.0	0.0	0.0	0.0	0.0	0.0	0.0	0.0	0.0	0.0	0.0	0.0	0.0	0.0	0.0	0.0	
Mississippi Kite	0.0	0.0	0.0	0.0	0.0	0.0	0.0	0.0	0.0	0.0	0.0	0.0	0.0015	0.0	0.13333333333333333	0.14285714285714285	0.0	0.0	0.0	0.0	0.0	0.0	0.0	0.0	0.0	0.0	0.0	0.0	0.0	0.0	0.0	0.0	0.0	0.0	0.0	0.0	0.0	0.0	0.0	0.0	0.0	0.0	0.0	0.0	0.0	0.0	0.0	0.0	
Northern Harrier	0.0625	0.11764705882352941	0.09090909090909091	0.19047619047619047	0.0	0.058823529411764705	0.07692307692307693	0.06666666666666667	0.05555555555555555	0.047619047619047616	0.0	0.034482758620689655	0.0	0.0	0.0	0.14285714285714285	0.0	0.0	0.0	0.0	0.0	0.0	0.0	0.0	0.0	0.0	0.0	0.0	0.0	0.0	0.0	0.0	0.0	0.0	0.0	0.0	0.0	0.0	0.0	0.0	0.05555555555555555	0.35	0.0	0.375	0.0	0.0	0.16666666666666666	0.125	
Sharp-shinned Hawk	0.0	0.0	0.0	0.0	0.06666666666666667	0.11764705882352941	0.07692307692307693	0.0	0.05555555555555555	0.0	0.0	0.06896551724137931	0.0	0.0	0.13333333333333333	0.0	0.0	0.0	0.0	0.0	0.0	0.0	0.0	0.0	0.0	0.0	0.0	0.0	0.0	0.0	0.0	0.0	0.0	0.0	0.0	0.0	0.0	0.0	0.0	0.2	0.0	0.15	0.0	0.125	0.0	0.0	0.0	0.03125	
Cooper's Hawk	0.0	0.11764705882352941	0.09090909090909091	0.19047619047619047	0.2	0.11764705882352941	0.07692307692307693	0.0	0.05555555555555555	0.09523809523809523	0.0	0.2413793103448276	0.058823529411764705	0.0	0.06666666666666667	0.14285714285714285	0.0	0.0	0.0	0.0	0.0	0.0	0.0	0.0	0.0	0.0	0.0	0.0	0.0	0.0	0.0	0.0	0.0	0.0	0.0	0.0	1.0	0.0	0.0	0.4	0.05555555555555555	0.2	0.25	0.0625	0.2	0.0	0.3333333333333333	0.09375	
Accipiter sp.	0.0625	0.0	0.0	0.0	0.0	0.0	0.0	0.0	0.0	0.0	0.0	0.0	0.0	0.0	0.0	0.0	0.0	0.0	0.0	0.0	0.0	0.0	0.0	0.0	0.0	0.0	0.0	0.0	0.0	0.0	0.0	0.0	0.0	0.0	0.0	0.0	0.0	0.0	0.0	0.0	0.0	0.0	0.0	0.0	0.2	0.0	0.0	0.0	
Harris's Hawk	0.5	0.5294117647058824	0.45454545454545453	0.5714285714285714	0.5333333333333333	0.35294117647058826	0.46153846153846156	0.4	0.5555555555555556	0.2857142857142857	0.5833333333333334	0.41379310344827586	0.5294117647058824	0.26666666666666666	0.2	0.2857142857142857	0.3333333333333333	0.0	0.3333333333333333	0.0	0.0	1.0	0.0	0.0015	0.0	0.0	1.0	0.0	0.0	0.0	0.0	0.0	0.0	0.5	0.0	0.0	1.0	0.0	0.5	0.8	0.4444444444444444	0.5	0.25	0.6875	0.2	0.42857142857142855	0.6666666666666666	0.6875	
White-tailed Hawk	0.0	0.11764705882352941	0.0	0.047619047619047616	0.0	0.058823529411764705	0.07692307692307693	0.0	0.05555555555555555	0.047619047619047616	0.0	0.06896551724137931	0.0	0.0	0.0	0.14285714285714285	0.3333333333333333	0.0	0.3333333333333333	0.5	0.0	0.0	0.0	0.0	0.0	0.0	0.0	0.0	0.0	0.0	0.0	0.0	0.0	0.0	0.0	0.0	0.0	0.0	0.0	0.0	0.0	0.0	0.0	0.0	0.0	0.0	0.0	0.03125	
Gray Hawk	0.25	0.058823529411764705	0.09090909090909091	0.0	0.06666666666666667	0.11764705882352941	0.15384615384615385	0.06666666666666667	0.1111111111111111	0.2857142857142857	0.0	0.13793103448275862	0.058823529411764705	0.06666666666666667	0.13333333333333333	0.0	0.0	0.0	0.0	0.0	0.0	0.0	0.5	0.0	0.0	0.0	0.0	0.0	0.0	0.0	0.0	0.0	0.0	0.0	0.0	0.0	0.0	0.0	0.0	0.0	0.16666666666666666	0.05	0.25	0.375	0.0	0.14285714285714285	0.3333333333333333	0.09375	
Red-shouldered Hawk	0.0	0.058823529411764705	0.09090909090909091	0.047619047619047616	0.13333333333333333	0.058823529411764705	0.07692307692307693	0.0	0.05555555555555555	0.09523809523809523	0.0015	0.034482758620689655	0.0	0.0015	0.06666666666666667	0.0	0.3333333333333333	0.0	0.0	0.0	0.0	0.0	0.0	0.0	0.0	0.0	0.0	0.0	0.0	0.0	0.0	0.0	0.0	0.0	0.0	0.0	0.0	0.0	0.0	0.0	0.16666666666666666	0.1	0.0	0.3125	0.2	0.0	0.3333333333333333	0.15625	
Broad-winged Hawk	0.0	0.0	0.0	0.047619047619047616	0.0	0.0	0.0	0.0	0.05555555555555555	0.14285714285714285	0.16666666666666666	0.27586206896551724	0.5294117647058824	0.13333333333333333	0.26666666666666666	0.0015	0.0015	0.0	0.0	0.0	0.0	0.0	0.0	0.0	0.0	0.0	0.0	0.0	0.0	0.0	0.0	0.0	0.0	0.0	0.0	0.0	0.0	0.0	0.0	0.0	0.0	0.0	0.0	0.0	0.0	0.0	0.0	0.0	
Swainson's Hawk	0.0	0.0	0.0	0.0	0.0	0.0	0.0	0.0	0.0	0.0	0.16666666666666666	0.2413793103448276	0.35294117647058826	0.13333333333333333	0.2	0.14285714285714285	0.0	0.0	0.0	0.0	0.0	0.0	0.0	0.0	0.0	0.0	0.0	0.0	1.0	0.0	0.0	0.0	0.0	0.0	0.0	0.0	0.0	0.0	0.0	0.0	0.0	0.0	0.0	0.0	0.0	0.0	0.0	0.0	
Zone-tailed Hawk	0.0	0.0	0.0	0.0	0.0	0.0	0.0	0.0	0.0	0.0	0.0	0.0	0.0	0.0	0.0	0.0	0.0	0.0	0.0	0.0	0.0	0.0	0.0	0.0	0.0	0.0	0.0	0.0	0.0	0.0	0.0	0.0	0.0	0.0	0.0	0.0	0.0	0.0	0.0	0.0	0.0	0.1	0.0	0.0	0.0	0.0	0.16666666666666666	0.0	
Red-tailed Hawk	0.0	0.11764705882352941	0.0	0.047619047619047616	0.0	0.11764705882352941	0.0	0.06666666666666667	0.05555555555555555	0.0	0.0	0.10344827586206896	0.0	0.0	0.0	0.0	0.3333333333333333	0.0	0.0	0.0	0.0	0.0	0.0	0.0	0.0	0.0	0.0	0.0	0.0	0.0	0.0	0.0	0.0	0.0	0.0	0.0	0.0	0.0	0.0	0.0	0.0	0.0	0.0	0.3125	0.0	0.0	0.0	0.03125	
Buteo sp.	0.0	0.0	0.0	0.0	0.0	0.0	0.0	0.0	0.0	0.0	0.0	0.0	0.058823529411764705	0.0	0.0	0.0	0.0	0.0	0.0	0.0	0.0	0.0	0.0	0.0	0.0	0.0	0.0	0.0	0.0	0.0	0.0	0.0	0.0	0.0	0.0	0.0	0.0	0.0	0.0	0.0	0.0	0.05	0.0	0.0	0.0	0.0	0.0	0.0	
hawk sp.	0.0	0.0	0.0	0.0	0.0	0.0	0.0	0.0	0.0	0.0	0.0	0.0	0.0	0.0	0.0	0.0	0.0	0.0	0.0	0.0	0.0	0.0	0.0	0.0	0.0	0.0	0.0	0.0	0.0	0.0	0.0	0.0	0.0	0.0	0.0	0.0	0.0	0.0	0.0	0.0	0.05555555555555555	0.0	0.125	0.0	0.0	0.0	0.0	0.03125	
Barn Owl	0.0	0.0	0.0	0.0	0.0	0.0	0.0	0.0	0.0	0.0	0.0	0.0	0.0	0.0	0.0	0.0	0.0	0.0	0.0	0.0	0.0	0.0	0.0	0.0	0.0	0.0	0.0	0.0	0.0	0.0	0.0	0.0	0.0	0.0	0.0	0.0	0.0	0.0	0.0	0.0	0.0	0.0	0.0	0.0	0.0	0.0	0.0	0.03125	
Eastern Screech-Owl	0.0	0.0	0.0	0.0	0.0	0.0	0.0	0.0	0.0	0.0	0.08333333333333333	0.10344827586206896	0.11764705882352941	0.06666666666666667	0.0	0.0	0.0	0.0	0.3333333333333333	0.0	0.0	0.0	0.0	0.0	0.0	0.0	0.0	0.0	0.0	0.0	0.0	0.0	0.0	0.0	0.0	0.0	0.0	0.0	0.0	0.0	0.0	0.0	0.0	0.0	0.0	0.0	0.16666666666666666	0.0	
Great Horned Owl	0.0	0.0	0.0	0.047619047619047616	0.13333333333333333	0.0	0.07692307692307693	0.06666666666666667	0.0	0.0015	0.0015	0.0	0.0	0.0	0.0	0.0	0.0	0.0	0.0	0.0	0.0	0.0	0.0	0.0	0.0	0.0	0.0	0.0	0.0	0.0	0.0	0.0	0.0	0.0	0.0	0.0	0.0	0.0	0.0	0.0	0.0	0.0	0.0	0.0	0.0	0.0	0.0	0.0	
Ringed Kingfisher	0.0625	0.058823529411764705	0.09090909090909091	0.09523809523809523	0.0	0.11764705882352941	0.07692307692307693	0.0	0.05555555555555555	0.09523809523809523	0.0	0.06896551724137931	0.11764705882352941	0.0	0.06666666666666667	0.0015	0.0	0.0	0.0	0.0	0.0	0.0	0.5	0.0	0.0	0.0	0.0	0.0	0.0	0.0	0.0	0.0	0.0	0.0	0.0	0.0	0.0	0.0	0.0	0.0	0.0	0.2	0.0	0.0	0.0	0.0	0.0	0.03125	
Belted Kingfisher	0.0625	0.29411764705882354	0.2727272727272727	0.14285714285714285	0.2	0.23529411764705882	0.23076923076923078	0.2	0.0	0.0	0.4166666666666667	0.27586206896551724	0.23529411764705882	0.2	0.0	0.0	0.0	0.0	0.0	0.0	0.0	0.0	0.0	0.0	0.0	0.0	0.0	0.0	0.0	0.0	0.0	0.0	0.0	0.0	0.0	0.0	0.0	0.0	0.0	0.2	0.05555555555555555	0.25	0.25	0.1875	0.0	0.0	0.0	0.03125	
Green Kingfisher	0.1875	0.23529411764705882	0.36363636363636365	0.38095238095238093	0.0	0.11764705882352941	0.15384615384615385	0.06666666666666667	0.16666666666666666	0.14285714285714285	0.0015	0.034482758620689655	0.11764705882352941	0.2	0.0	0.0	0.0	0.0	0.0	0.0	0.0	0.0	0.0	0.0	0.0	0.0	0.0	0.0	0.0	0.0	0.0015	0.0	0.0	0.0	0.0	0.0	0.0	0.0	0.0	0.2	0.1111111111111111	0.2	0.0	0.0	0.0	0.0015	0.3333333333333333	0.1875	
Yellow-bellied Sapsucker	0.125	0.058823529411764705	0.0	0.09523809523809523	0.0	0.11764705882352941	0.0	0.0	0.0	0.0	0.25	0.0	0.0	0.0	0.0	0.0	0.0	0.0	0.0	0.0	0.0	0.0	0.0	0.0	0.0	0.0	0.0	0.0	0.0	0.0	0.0	0.0	0.0	0.0	0.0	0.0	0.0	0.0	0.0	0.0	0.05555555555555555	0.05	0.125	0.0625	0.0	0.0	0.0	0.125	
Golden-fronted Woodpecker	0.5625	0.5882352941176471	0.5454545454545454	0.47619047619047616	0.4666666666666667	0.7058823529411765	0.5384615384615384	0.6	0.7777777777777778	0.6190476190476191	0.6666666666666666	0.7586206896551724	0.8235294117647058	0.8	0.8	0.7142857142857143	1.0	1.0	1.0	1.0	0.5	0.0	1.0	0.0	0.0	0.0	1.0	1.0	1.0	0.0	0.0015	0.0	0.0	0.5	1.0	0.0	1.0	0.0	0.5	0.2	0.7777777777777778	0.5	0.625	0.875	0.6	0.42857142857142855	1.0	0.625	
Ladder-backed Woodpecker	0.5625	0.8235294117647058	0.2727272727272727	0.5238095238095238	0.4666666666666667	0.5882352941176471	0.46153846153846156	0.4666666666666667	0.7222222222222222	0.38095238095238093	0.6666666666666666	0.5172413793103449	0.4117647058823529	0.26666666666666666	0.26666666666666666	0.5714285714285714	1.0	0.0	0.6666666666666666	0.0015	0.5	0.0	1.0	0.0	0.0	0.0	1.0	0.0015	0.0	0.0	0.0015	0.0	0.0	0.0	1.0	0.0	1.0	0.0	0.0	0.6	0.6111111111111112	0.55	0.75	0.625	0.6	0.2857142857142857	0.5	0.5625	
Crested Caracara	0.0625	0.058823529411764705	0.2727272727272727	0.0	0.06666666666666667	0.0	0.0	0.0	0.05555555555555555	0.09523809523809523	0.08333333333333333	0.10344827586206896	0.0	0.06666666666666667	0.06666666666666667	0.14285714285714285	0.0	0.0	0.0	0.0	0.5	0.0	0.0	0.0	0.0	0.0	0.0	0.0	0.0	0.0	0.0	0.0	0.0	0.0	0.0	0.0	0.0	0.0	0.0	0.0	0.0	0.0	0.125	0.25	0.0	0.2857142857142857	0.0	0.09375	
American Kestrel	0.1875	0.17647058823529413	0.2727272727272727	0.14285714285714285	0.13333333333333333	0.23529411764705882	0.0015	0.0	0.16666666666666666	0.14285714285714285	0.08333333333333333	0.0	0.0	0.0	0.0	0.0	0.0	0.0	0.0	0.0	0.0	0.0	0.0	0.0	0.0	0.0	0.0	0.0	0.0	0.0	0.0	0.0	0.0	0.0	0.0	0.0	0.0	0.0	0.0	0.2	0.3333333333333333	0.45	0.5	0.375	0.0	0.14285714285714285	0.8333333333333334	0.1875	
Merlin	0.0	0.17647058823529413	0.0	0.047619047619047616	0.0	0.0	0.0	0.06666666666666667	0.05555555555555555	0.0	0.0	0.0	0.0	0.0	0.0	0.0	0.0	0.0	0.0	0.0	0.0	0.0	0.0	0.0	0.0	0.0	0.0	0.0	0.0	0.0	0.0	0.0	0.0	0.0	0.0	0.0	0.0	0.0	0.0	0.0	0.0	0.1	0.125	0.0625	0.0	0.14285714285714285	0.0	0.0625	
Peregrine Falcon	0.0625	0.058823529411764705	0.0	0.0	0.0	0.058823529411764705	0.07692307692307693	0.06666666666666667	0.05555555555555555	0.0	0.0	0.034482758620689655	0.0	0.0	0.0	0.0	0.0	0.0	0.0	0.0	0.0	0.0	0.0	0.0	0.0	0.0	0.0	0.0	0.0	0.0	0.0	0.0	0.0	0.0	0.0	0.0	1.0	0.0	0.0	0.0	0.05555555555555555	0.0	0.0	0.0	0.0	0.0	0.0	0.0	
large falcon sp.	0.0625	0.0	0.0	0.0	0.0	0.0	0.0	0.0	0.0	0.0	0.0	0.0	0.0	0.0	0.0	0.0	0.0	0.0	0.0	0.0	0.0	0.0	0.0	0.0	0.0	0.0	0.0	0.0	0.0	0.0	0.0	0.0	0.0	0.0	0.0	0.0	0.0	0.0	0.0	0.0	0.0	0.0	0.0	0.0	0.0	0.0	0.0	0.0	
Monk Parakeet	0.0	0.0	0.0	0.0	0.0	0.0	0.0	0.0	0.0	0.0	0.0	0.0	0.0	0.0	0.0	0.0015	0.0	0.0	0.0	0.0	0.0	0.0	0.0	0.0	0.0	0.0	0.0	0.0	0.0	0.0	0.0	0.0	0.0	0.0	0.0	0.0	0.0	0.0	0.0	0.0	0.0	0.0	0.0	0.0	0.0	0.0	0.0	0.0	
Green Parakeet	0.0	0.0	0.0	0.0	0.0	0.0	0.0	0.0	0.0	0.0	0.0	0.034482758620689655	0.0	0.0	0.06666666666666667	0.0	0.0	0.0	0.0	0.0	0.0	0.0	0.0	0.0	0.0	0.0	0.0	0.0	0.0	0.0	0.0	0.0	0.0	0.0	0.0	0.0	0.0	0.0	0.0	0.0	0.0	0.0	0.0	0.0	0.0	0.0	0.0	0.0	
Northern Beardless-Tyrannulet	0.25	0.23529411764705882	0.09090909090909091	0.14285714285714285	0.13333333333333333	0.17647058823529413	0.0015	0.13333333333333333	0.0	0.0	0.25	0.2413793103448276	0.23529411764705882	0.2	0.2	0.14285714285714285	0.0	1.0	0.6666666666666666	0.5	0.0	0.0	0.5	0.0	0.0	0.0	0.0	0.0	0.0	0.0	0.0	0.0	0.0	0.0	0.0	0.0	0.0	0.0	0.0	0.0	0.1111111111111111	0.0	0.375	0.125	0.2	0.0	0.3333333333333333	0.1875	
Olive-sided Flycatcher	0.0	0.0	0.0	0.0	0.0	0.0	0.0	0.0	0.0	0.0	0.0	0.0	0.0	0.0	0.0	0.0	0.3333333333333333	0.0	0.3333333333333333	0.5	0.0	0.0	0.0	0.0	0.0	0.0	0.0	0.0	0.0	0.0	0.0	0.0	0.0	0.0	0.0	0.0	0.0	0.0	0.0	0.0	0.0	0.0	0.0	0.0	0.0	0.0	0.0	0.0	
Eastern Wood-Pewee	0.0	0.0	0.0	0.0	0.0	0.0	0.0	0.0	0.0	0.0	0.0	0.0	0.0	0.0	0.0	0.14285714285714285	0.0	0.0	0.6666666666666666	0.0	0.0	0.0	0.0	0.0	0.0	0.0	0.0	0.0	0.0	0.0	0.0	0.0	0.0	0.0	1.0	0.0	0.0	0.0	0.0	0.0	0.05555555555555555	0.0	0.0	0.0	0.0	0.0	0.0	0.0	
Yellow-bellied Flycatcher	0.0	0.0	0.0	0.0	0.0	0.0	0.0	0.0	0.0	0.0	0.0	0.0	0.0	0.0	0.0	0.0	0.3333333333333333	0.0	0.0	0.0	0.0	0.0	0.0	0.0	0.0	0.0	0.0	0.0	0.0	0.0	0.0	0.0	0.0	0.0	0.0	0.0	0.0	0.0	0.0	0.0	0.0	0.0	0.0	0.0	0.0	0.0	0.0	0.0	
Acadian Flycatcher	0.0	0.0	0.0	0.0	0.0	0.0	0.0	0.0	0.0	0.0	0.0	0.0	0.0	0.0	0.0	0.0	0.3333333333333333	0.0	0.0	0.0	0.0	0.0	0.0	0.0	0.0	0.0	0.0	0.0	0.0	0.0	0.0	0.0	0.0	0.0	0.0	0.0	0.0	0.0	0.0	0.0	0.0	0.0	0.0	0.0	0.0	0.0	0.0	0.0	
Alder Flycatcher	0.0	0.0	0.0	0.0	0.0	0.0	0.0	0.0	0.0	0.0	0.0	0.0	0.0	0.0	0.0	0.0	0.0	0.0	0.0	0.0015	0.0	0.0	0.0	0.0	0.0	0.0	0.0	0.0	0.0	0.0	0.0	0.0	0.0	0.0	0.0	0.0	0.0	0.0	0.0	0.0	0.0	0.0	0.0	0.0	0.0	0.0	0.0	0.0	
Least Flycatcher	0.0625	0.0	0.09090909090909091	0.0	0.06666666666666667	0.058823529411764705	0.07692307692307693	0.0	0.1111111111111111	0.047619047619047616	0.08333333333333333	0.06896551724137931	0.0	0.0	0.0	0.0	0.0	0.0	0.0	0.0	0.0	0.0	0.0	0.0	0.0	0.0	1.0	0.0	0.0	0.0	0.0	0.0	0.0	0.0	0.0	0.0	0.0	0.0	0.0	0.0	0.0	0.0	0.0	0.0	0.0	0.0	0.16666666666666666	0.03125	
Empidonax sp.	0.0	0.0	0.0	0.0	0.0	0.0	0.07692307692307693	0.06666666666666667	0.0	0.0	0.0	0.0	0.0	0.0	0.06666666666666667	0.0	0.0	0.0	0.0	0.5	0.0	0.0	0.0	0.0	0.0	0.0	0.0	0.0	0.0	0.0	0.0	0.0	0.0	0.5	0.0	0.0	0.0	0.0	0.0	0.0	0.0	0.0	0.0	0.0	0.0	0.0	0.0	0.0	
Black Phoebe	0.0015	0.0	0.0	0.09523809523809523	0.0	0.0	0.07692307692307693	0.06666666666666667	0.0	0.0	0.0	0.0	0.0	0.0	0.0	0.0015	0.0	0.0	0.0	0.0	0.0	0.0	0.0	0.0	0.0	0.0	0.0	0.0	0.0	0.0	0.0	0.0	0.0	0.0	0.0	0.0	0.0	0.0	0.0	0.0015	0.0	0.0	0.0	0.0	0.0	0.0	0.0	0.0	
Eastern Phoebe	0.5625	0.8235294117647058	0.7272727272727273	0.6666666666666666	0.5333333333333333	0.6470588235294118	0.5384615384615384	0.4666666666666667	0.3333333333333333	0.5238095238095238	0.16666666666666666	0.10344827586206896	0.0	0.0	0.0	0.0	0.0	0.0	0.0	0.0	0.0	0.0	0.0	0.0	0.0	0.0	0.0	0.0	0.0	0.0	0.0	0.0	0.0	0.0	0.0	0.0	0.0	0.0	0.0	0.8	0.6666666666666666	0.5	0.5	0.6875	0.6	0.42857142857142855	0.8333333333333334	0.6875	
Say's Phoebe	0.0	0.0	0.0	0.0	0.0	0.0	0.0	0.0	0.0	0.0	0.0	0.0	0.0	0.0	0.0	0.0	0.0	0.0	0.0	0.0	0.0	0.0	0.0	0.0	0.0	0.0	0.0	0.0	0.0	0.0	0.0	0.0	0.0	0.0	0.0	0.0	0.0	0.0	0.0	0.0	0.0	0.0	0.0	0.0	0.2	0.0	0.0	0.0	
Vermilion Flycatcher	0.125	0.11764705882352941	0.09090909090909091	0.09523809523809523	0.06666666666666667	0.058823529411764705	0.23076923076923078	0.26666666666666666	0.16666666666666666	0.19047619047619047	0.08333333333333333	0.034482758620689655	0.0	0.0	0.0	0.0	0.0	0.0	0.3333333333333333	0.0	0.0	0.0	0.0	0.0	0.0	0.0	0.0	0.0	0.0	0.0	0.0	0.0	0.0	0.0	0.0	0.0	0.0	0.0	0.5	0.0	0.0	0.1	0.25	0.1875	0.0	0.14285714285714285	0.5	0.25	
Ash-throated Flycatcher	0.0	0.0	0.0	0.0	0.0	0.0	0.0	0.0	0.0	0.0	0.0	0.0	0.0	0.0	0.06666666666666667	0.0	0.0	0.0	0.0	0.0	0.0	0.0	0.0	0.0	0.0	0.0	0.0	0.0	0.0	0.0	0.0	0.0	0.0	0.0	0.0	0.0	0.0	0.0	0.0	0.0	0.0	0.0	0.0	0.0	0.0	0.0	0.0	0.03125	
Great Crested Flycatcher	0.0	0.0	0.0	0.0	0.0	0.0	0.0	0.0	0.0	0.0	0.08333333333333333	0.13793103448275862	0.058823529411764705	0.0	0.06666666666666667	0.14285714285714285	0.0015	0.0	0.0	0.0	0.0	0.0	0.0	0.0	0.0	0.0	0.0	0.0	0.0	0.0	0.0	0.0	0.0	0.5	1.0	0.0	0.0	0.0	0.0	0.0	0.0	0.0	0.0	0.0	0.0	0.0	0.0	0.0	
Brown-crested Flycatcher	0.0	0.0	0.0	0.0	0.0	0.0	0.0	0.0	0.0	0.0	0.0	0.034482758620689655	0.058823529411764705	0.2	0.5333333333333333	0.5714285714285714	1.0	1.0	0.6666666666666666	0.0015	0.5	0.0	1.0	0.0	0.0	0.0	1.0	1.0	1.0	0.0	0.0	0.0	0.0	0.0	0.0	0.0	0.0	0.0	0.0	0.0	0.0	0.0	0.0	0.0	0.0	0.0	0.0	0.0	
Great Kiskadee	0.8125	0.8235294117647058	0.9090909090909091	0.7142857142857143	0.8	0.7647058823529411	0.7692307692307693	0.8666666666666667	0.7777777777777778	0.7142857142857143	1.0	0.6551724137931034	0.8235294117647058	0.8	0.8666666666666667	0.7142857142857143	0.6666666666666666	1.0	1.0	1.0	0.5	1.0	0.5	0.0015	0.0	0.0	1.0	1.0	1.0	0.0	0.0015	0.0	0.0	0.5	1.0	0.0	1.0	0.0	1.0	1.0	0.8888888888888888	0.55	0.75	0.9375	1.0	0.7142857142857143	1.0	0.8125	
Tropical Kingbird	0.0625	0.17647058823529413	0.09090909090909091	0.09523809523809523	0.13333333333333333	0.11764705882352941	0.07692307692307693	0.0	0.05555555555555555	0.09523809523809523	0.25	0.10344827586206896	0.17647058823529413	0.26666666666666666	0.06666666666666667	0.42857142857142855	0.3333333333333333	0.0	0.0	0.0015	0.0	0.0	0.5	0.0	0.0	0.0	0.0	0.5	0.0	0.0	0.0	0.0	0.0	0.5	0.0	0.0	0.0	0.0	0.0	0.0	0.16666666666666666	0.05	0.125	0.0625	0.0	0.0015	0.0	0.125	
Couch's Kingbird	0.0625	0.11764705882352941	0.0	0.2857142857142857	0.2	0.23529411764705882	0.0	0.26666666666666666	0.3888888888888889	0.47619047619047616	0.9166666666666666	0.6896551724137931	0.7058823529411765	0.5333333333333333	0.8	0.2857142857142857	0.6666666666666666	1.0	0.6666666666666666	1.0	0.5	0.0	1.0	0.0	0.0	0.0	1.0	1.0	1.0	0.0	0.0	0.0	0.0	1.0	1.0	0.0	1.0	0.0	1.0	0.4	0.4444444444444444	0.2	0.375	0.0625	0.4	0.0	0.3333333333333333	0.0625	
Tropical/Couch's Kingbird	0.0015	0.058823529411764705	0.09090909090909091	0.09523809523809523	0.26666666666666666	0.0	0.15384615384615385	0.06666666666666667	0.05555555555555555	0.047619047619047616	0.25	0.10344827586206896	0.11764705882352941	0.13333333333333333	0.2	0.2857142857142857	0.0	0.0	0.3333333333333333	0.0	0.5	0.0	0.0	0.0	0.0	0.0	0.0	0.0	0.0	0.0	0.0	0.0	0.0	0.5	0.0	0.0	1.0	0.0	0.0	0.0	0.05555555555555555	0.1	0.0	0.0625	0.0	0.0	0.0	0.0625	
Western Kingbird	0.0	0.0	0.0	0.0	0.0	0.0	0.0	0.0	0.0	0.0	0.0	0.034482758620689655	0.0	0.06666666666666667	0.0	0.2857142857142857	0.0	0.0	0.0	0.0	0.0	0.0	0.0	0.0	0.0	0.0	1.0	0.0	0.0	0.0	0.0	0.0	0.0	0.0	0.0	0.0	0.0	0.0	0.0	0.0	0.0	0.0	0.0	0.0	0.0	0.0	0.0	0.0	
yellow-bellied kingbird sp.	0.0	0.0	0.0	0.0	0.0	0.0	0.0	0.0	0.0	0.0	0.0	0.0	0.058823529411764705	0.0	0.0	0.14285714285714285	0.0	1.0	0.3333333333333333	0.0	0.0	0.0	0.0	0.0	0.0	0.0	0.0	0.0	0.0	0.0	0.0	0.0	0.0	0.0	0.0	0.0	0.0	0.0	0.0	0.0	0.0	0.0	0.0	0.0	0.0	0.0	0.0	0.0	
Eastern Kingbird	0.0	0.0	0.0	0.0	0.0	0.0	0.0	0.0	0.0	0.0	0.0	0.0	0.0	0.0	0.06666666666666667	0.0	0.0	0.0	0.6666666666666666	0.0	0.0	0.0	0.0	0.0	0.0	0.0	0.0	0.0	0.0	0.0	0.0	0.0	0.0	0.0	1.0	0.0	0.0	0.0	0.0	0.0	0.0	0.0	0.0	0.0	0.0	0.0	0.0	0.0	
Scissor-tailed Flycatcher	0.0	0.0	0.0	0.0	0.0	0.0	0.0	0.0	0.0	0.0	0.0	0.3103448275862069	0.7058823529411765	0.2	0.26666666666666666	0.2857142857142857	0.6666666666666666	0.0	0.6666666666666666	0.0	0.0	0.0	0.0	0.0	0.0	0.0	0.0	0.0	0.0	0.0	0.0	0.0	0.0	0.0	0.0	0.0	0.0	0.0	0.5	0.4	0.0	0.0	0.0	0.0	0.0	0.0	0.0	0.0	
flycatcher sp. (Tyrannidae sp.)	0.0	0.0	0.0	0.0	0.0	0.0	0.07692307692307693	0.0	0.0	0.0	0.0	0.0	0.0	0.0	0.0	0.14285714285714285	0.0	0.0	0.0	0.0	0.0	0.0	0.0	0.0	0.0	0.0	0.0	0.0	0.0	0.0	0.0	0.0	0.0	0.0	0.0	0.0	1.0	0.0	0.0	0.0	0.0	0.0	0.0	0.0625	0.0	0.0	0.0	0.0	
Rose-throated Becard	0.0	0.0	0.0015	0.0	0.0	0.0	0.0	0.0	0.0	0.0	0.0	0.0	0.0	0.0	0.0	0.0	0.0	0.0	0.0	0.0	0.0	0.0	0.0	0.0	0.0	0.0	0.0	0.0	0.0	0.0	0.0	0.0	0.0	0.0	0.0	0.0	0.0	0.0	0.0	0.0	0.0	0.0	0.0	0.0	0.0	0.0	0.0	0.0	
Loggerhead Shrike	0.0625	0.058823529411764705	0.09090909090909091	0.09523809523809523	0.0	0.058823529411764705	0.07692307692307693	0.13333333333333333	0.0	0.047619047619047616	0.08333333333333333	0.0	0.0	0.0	0.0	0.0	0.0	0.0	0.0	0.0	0.0	0.0	0.0	0.0	0.0	0.0	0.0	0.0	0.0	0.0	0.0	0.0	0.0	0.0	0.0	0.0	0.0	0.0	0.0	0.0	0.0	0.0	0.0	0.0	0.0	0.0	0.16666666666666666	0.03125	
White-eyed Vireo	0.4375	0.5294117647058824	0.36363636363636365	0.42857142857142855	0.5333333333333333	0.4117647058823529	0.38461538461538464	0.7333333333333333	0.4444444444444444	0.2857142857142857	0.5833333333333334	0.5172413793103449	0.35294117647058826	0.4	0.26666666666666666	0.0015	0.3333333333333333	0.0	0.6666666666666666	0.0	0.0	1.0	0.0	0.0	0.0	0.0	1.0	0.5	0.0	0.0	0.0	0.0	0.0	0.0	0.0	0.0	0.0	0.0	0.0	0.0	0.3888888888888889	0.1	0.875	0.5	0.2	0.2857142857142857	0.6666666666666666	0.46875	
Yellow-throated Vireo	0.0	0.0	0.0	0.0	0.0	0.0	0.0	0.0	0.0	0.0	0.0	0.0	0.0	0.0	0.0	0.14285714285714285	0.0	0.0	0.0	0.0	0.0	0.0	0.0	0.0	0.0	0.0	0.0	0.0	0.0	0.0	0.0	0.0	0.0	0.0	0.0	0.0	0.0	0.0	0.0	0.0	0.0	0.0	0.0	0.0	0.0	0.0	0.0	0.0	
Blue-headed Vireo	0.125	0.0	0.0	0.0015	0.06666666666666667	0.11764705882352941	0.0	0.0	0.05555555555555555	0.14285714285714285	0.0	0.0	0.0	0.0	0.0	0.14285714285714285	0.0	0.0	0.0	0.0	0.0	0.0	0.0	0.0	0.0	0.0	0.0	0.0	0.0	0.0	0.0	0.0	0.0	0.0	0.0	0.0	0.0	0.0	0.0	0.2	0.0	0.05	0.0	0.0625	0.0	0.14285714285714285	0.0	0.125	
Red-eyed Vireo	0.0	0.0	0.0	0.0	0.0	0.0	0.0	0.0	0.0	0.0	0.0	0.0	0.0	0.0	0.0	0.0	0.0	0.0	0.0	0.0	0.0	0.0	0.0	0.0	0.0	0.0	0.0	0.0	0.0	0.0	0.0	0.0	0.0	0.0	1.0	0.0	0.0	0.0	0.0	0.0	0.0	0.0	0.0	0.0	0.0	0.0	0.0	0.0	
Green Jay	0.5	0.8235294117647058	0.45454545454545453	0.7142857142857143	0.5333333333333333	0.4117647058823529	0.46153846153846156	0.5333333333333333	0.3888888888888889	0.38095238095238093	0.9166666666666666	0.41379310344827586	0.35294117647058826	0.5333333333333333	0.5333333333333333	0.7142857142857143	0.6666666666666666	0.0	1.0	0.5	0.0	0.0	1.0	0.0015	0.0	0.0	1.0	1.0	1.0	0.0	0.0015	0.0	0.0	1.0	1.0	0.0	1.0	0.0	0.5	0.6	0.6666666666666666	0.6	1.0	0.8125	1.0	0.8571428571428571	0.8333333333333334	0.75	
Horned Lark	0.0	0.0	0.0	0.0	0.0	0.0	0.0	0.0	0.0	0.0	0.0	0.0	0.0	0.0	0.0	0.0	0.0	0.0	0.0	0.0	0.0	0.0	0.0	0.0	0.0	0.0	0.0	0.0	0.0	0.0	0.0	0.0	0.0	0.0	0.0	0.0	0.0	0.0	0.0	0.0	0.0	0.0	0.125	0.0	0.0	0.0	0.0	0.0	
Northern Rough-winged Swallow	0.0	0.0	0.09090909090909091	0.0	0.06666666666666667	0.058823529411764705	0.15384615384615385	0.06666666666666667	0.1111111111111111	0.42857142857142855	0.4166666666666667	0.27586206896551724	0.35294117647058826	0.13333333333333333	0.13333333333333333	0.14285714285714285	0.3333333333333333	0.0	0.0	0.0	0.0	0.0	0.0	0.0	0.0	0.0	0.0	0.5	0.0	0.0	0.0	0.0	0.0	0.5	0.0	0.0	0.0	0.0	0.0	0.0	0.3333333333333333	0.1	0.125	0.0	0.0	0.0	0.16666666666666666	0.0625	
Purple Martin	0.0	0.0	0.0	0.0	0.0	0.11764705882352941	0.0	0.06666666666666667	0.2222222222222222	0.0	0.0	0.06896551724137931	0.058823529411764705	0.0	0.06666666666666667	0.0	0.0	0.0	0.0	0.0	0.0	0.0	0.5	0.0	0.0	0.0	0.0	1.0	0.0	0.0	0.0	0.0	0.0	0.0	0.0	0.0	0.0	0.0	0.0	0.0	0.0	0.0	0.0	0.0	0.0	0.0	0.0	0.0	
Tree Swallow	0.375	0.5294117647058824	0.2727272727272727	0.2857142857142857	0.26666666666666666	0.35294117647058826	0.07692307692307693	0.2	0.2777777777777778	0.23809523809523808	0.25	0.3793103448275862	0.29411764705882354	0.2	0.06666666666666667	0.14285714285714285	0.0	0.0	0.0	0.0	0.0	0.0	0.0	0.0	0.0	0.0	0.0	0.0	0.0	0.0	0.0	0.0	0.0	0.0	0.0	0.0	0.0	0.0	0.0	0.0	0.1111111111111111	0.2	0.25	0.3125	0.4	0.14285714285714285	0.3333333333333333	0.34375	
Bank Swallow	0.0625	0.0	0.09090909090909091	0.0	0.0	0.0	0.0	0.0	0.0	0.0	0.0	0.06896551724137931	0.0	0.0	0.0	0.0	0.6666666666666666	0.0	0.3333333333333333	0.0	0.0	0.0	0.0	0.0	0.0	0.0	0.0	0.0	0.0	0.0	0.0	0.0	0.0	0.0	0.0	0.0	0.0	0.0	0.0	0.0	0.0	0.05	0.0	0.0	0.0	0.0	0.0	0.0	
Barn Swallow	0.0625	0.0	0.09090909090909091	0.047619047619047616	0.0	0.0	0.07692307692307693	0.13333333333333333	0.16666666666666666	0.2857142857142857	0.08333333333333333	0.13793103448275862	0.11764705882352941	0.26666666666666666	0.26666666666666666	0.42857142857142855	0.3333333333333333	0.0	0.0	0.0	0.0	0.0	0.0	0.0	0.0	0.0	0.0	0.0	0.0	0.0	0.0	0.0	0.0	0.5	0.0	0.0	0.0	0.0	0.0	0.6	0.5	0.25	0.125	0.0	0.0	0.0	0.16666666666666666	0.0625	
Cliff Swallow	0.0	0.0	0.0	0.0	0.0	0.0	0.0	0.0	0.0	0.047619047619047616	0.0	0.034482758620689655	0.0	0.06666666666666667	0.06666666666666667	0.0	0.3333333333333333	0.0	0.0	0.0	0.5	0.0	0.0	0.0	0.0	0.0	0.0	0.0	0.0	0.0	0.0	0.0	0.0	0.0	0.0	0.0	0.0	0.0	0.0	0.0	0.0	0.05	0.0	0.0	0.0	0.0	0.0	0.0	
Cave Swallow	0.375	0.4117647058823529	0.18181818181818182	0.0	0.13333333333333333	0.11764705882352941	0.23076923076923078	0.0	0.1111111111111111	0.047619047619047616	0.0	0.0015	0.058823529411764705	0.06666666666666667	0.26666666666666666	0.0015	0.0	0.0	0.0	0.0	0.0	0.0	0.0	0.0	0.0	0.0	0.0	0.0	0.0	0.0	0.0	0.0	0.0	0.5	0.0	0.0	0.0	0.0	0.0	0.0	0.16666666666666666	0.05	0.25	0.0625	0.0	0.14285714285714285	0.16666666666666666	0.21875	
Cliff/Cave Swallow	0.0625	0.0	0.0	0.047619047619047616	0.0	0.0	0.0	0.0	0.0	0.0	0.0	0.034482758620689655	0.0	0.0	0.0	0.0	0.0	0.0	0.0	0.0	0.0	0.0	0.0	0.0	0.0	0.0	0.0	0.0	0.0	0.0	0.0	0.0	0.0	0.0	0.0	0.0	0.0	0.0	0.0	0.0	0.0	0.0	0.0	0.0	0.0	0.0	0.0	0.0	
swallow sp.	0.0	0.058823529411764705	0.0	0.0	0.06666666666666667	0.058823529411764705	0.07692307692307693	0.13333333333333333	0.05555555555555555	0.0	0.0	0.1724137931034483	0.11764705882352941	0.13333333333333333	0.0	0.0	0.0	0.0	0.0	0.0	0.0	0.0	0.0	0.0	0.0	0.0	0.0	0.0	0.0	0.0	0.0	0.0	0.0	0.0	0.0	0.0	0.0	0.0	0.0	0.0	0.05555555555555555	0.0	0.0	0.0	0.0	0.0	0.0	0.0625	
Black-crested Titmouse	0.5	0.7058823529411765	0.45454545454545453	0.5714285714285714	0.4666666666666667	0.7058823529411765	0.6153846153846154	0.6	0.6111111111111112	0.6190476190476191	0.9166666666666666	0.5862068965517241	0.4117647058823529	0.5333333333333333	0.5333333333333333	0.5714285714285714	0.6666666666666666	1.0	0.6666666666666666	1.0	0.5	0.0	1.0	0.0015	0.0	0.0	1.0	1.0	1.0	0.0	0.0	0.0	0.0	1.0	0.0	0.0	1.0	0.0	0.0	0.4	0.3333333333333333	0.45	0.625	0.8125	1.0	0.5714285714285714	0.8333333333333334	0.78125	
Verdin	0.1875	0.058823529411764705	0.18181818181818182	0.14285714285714285	0.13333333333333333	0.29411764705882354	0.07692307692307693	0.13333333333333333	0.2222222222222222	0.047619047619047616	0.16666666666666666	0.3103448275862069	0.058823529411764705	0.13333333333333333	0.13333333333333333	0.0	0.0	0.0	0.3333333333333333	0.0	0.0	0.0	0.0	0.0	0.0	0.0	1.0	0.0	0.0	0.0	0.0	0.0	0.0	0.0	0.0	0.0	0.0	0.0	0.0	0.0	0.1111111111111111	0.1	0.25	0.125	0.0	0.0	0.16666666666666666	0.15625	
House Wren	0.4375	0.5294117647058824	0.2727272727272727	0.3333333333333333	0.13333333333333333	0.4117647058823529	0.07692307692307693	0.13333333333333333	0.3333333333333333	0.19047619047619047	0.3333333333333333	0.20689655172413793	0.17647058823529413	0.2	0.0	0.0	0.0	0.0	0.0	0.0	0.0	0.0	0.0	0.0	0.0	0.0	0.0	0.0	0.0	0.0	0.0	0.0	0.0	0.0	0.0	0.0	0.0	0.0	0.0	0.0	0.4444444444444444	0.3	0.5	0.3125	0.6	0.2857142857142857	0.8333333333333334	0.34375	
Winter Wren	0.0	0.0	0.0	0.0	0.0	0.11764705882352941	0.0	0.0	0.05555555555555555	0.0	0.0	0.0	0.0	0.0	0.0	0.0	0.0	0.0	0.0	0.0	0.0	0.0	0.0	0.0	0.0	0.0	0.0	0.0	0.0	0.0	0.0	0.0	0.0	0.0	0.0	0.0	0.0	0.0	0.0	0.0	0.0	0.0	0.0	0.0	0.0	0.0	0.0	0.0	
Sedge Wren	0.0	0.0	0.0	0.0	0.06666666666666667	0.0	0.0	0.0	0.0	0.0	0.0	0.0	0.0	0.0	0.0	0.0	0.0	0.0	0.0	0.0	0.0	0.0	0.0	0.0	0.0	0.0	0.0	0.0	0.0	0.0	0.0	0.0	0.0	0.0	0.0	0.0	0.0	0.0	0.0	0.0	0.0	0.0	0.0	0.0	0.0	0.0	0.0	0.0	
Marsh Wren	0.1875	0.11764705882352941	0.09090909090909091	0.0	0.0	0.11764705882352941	0.0	0.0	0.05555555555555555	0.19047619047619047	0.0	0.06896551724137931	0.058823529411764705	0.13333333333333333	0.13333333333333333	0.0015	0.0	0.0	0.0	0.0	0.0	0.0	0.0	0.0	0.0	0.0	0.0	0.0	0.0	0.0	0.0	0.0	0.0	0.0	0.0	0.0	0.0	0.0	0.0	0.0	0.05555555555555555	0.1	0.25	0.0	0.0	0.14285714285714285	0.0	0.09375	
Carolina Wren	0.5	0.4117647058823529	0.36363636363636365	0.3333333333333333	0.26666666666666666	0.23529411764705882	0.07692307692307693	0.4	0.3888888888888889	0.3333333333333333	0.5833333333333334	0.5172413793103449	0.29411764705882354	0.4	0.26666666666666666	0.42857142857142855	0.6666666666666666	1.0	1.0	0.5	0.5	0.0	0.0	0.0	0.0	0.0	1.0	1.0	1.0	0.0	0.0	0.0	0.0	0.5	1.0	0.0	0.0	0.0	0.0	0.0	0.3888888888888889	0.2	0.625	0.25	0.4	0.2857142857142857	0.3333333333333333	0.46875	
Bewick's Wren	0.0	0.0	0.0	0.047619047619047616	0.13333333333333333	0.0	0.0	0.06666666666666667	0.0	0.047619047619047616	0.0	0.034482758620689655	0.0	0.0	0.06666666666666667	0.0	0.0	0.0	0.0	0.5	0.0	0.0	0.0	0.0	0.0	0.0	0.0	0.5	1.0	0.0	0.0	0.0	0.0	0.0	0.0	0.0	0.0	0.0	0.0	0.0	0.05555555555555555	0.05	0.0	0.125	0.0	0.0015	0.0	0.09375	
Cactus Wren	0.0	0.0	0.0	0.0	0.0	0.0	0.0	0.0	0.0	0.0	0.0	0.0	0.0	0.0	0.06666666666666667	0.0	0.0	0.0	0.0	0.0	0.0	0.0	0.0	0.0	0.0	0.0	0.0	0.0	0.0	0.0	0.0	0.0	0.0	0.0	0.0	0.0	0.0	0.0	0.0	0.0	0.0	0.0	0.0	0.0	0.0	0.0	0.0	0.0	
wren sp.	0.0	0.0	0.0	0.0	0.0	0.0	0.0	0.0	0.0	0.0	0.0	0.0	0.0	0.0	0.0	0.0	0.0	0.0	0.0	0.0	0.0	0.0	0.0	0.0	0.0	0.0	0.0	0.0	0.0	0.0	0.0	0.0	0.0	0.0	0.0	0.0	0.0	0.0	0.0	0.0	0.0	0.0	0.0	0.0	0.0	0.0	0.0	0.03125	
Blue-gray Gnatcatcher	0.75	0.8235294117647058	0.45454545454545453	0.5714285714285714	0.6666666666666666	0.6470588235294118	0.38461538461538464	0.7333333333333333	0.6666666666666666	0.42857142857142855	0.9166666666666666	0.6206896551724138	0.29411764705882354	0.13333333333333333	0.06666666666666667	0.14285714285714285	0.0	0.0	0.0	0.0	0.0	0.0	0.0	0.0	0.0	0.0	0.0	0.5	1.0	0.0	0.0	0.0	0.0	0.5	1.0	0.0	1.0	0.0	0.5	0.2	0.3888888888888889	0.65	1.0	0.75	0.6	0.5714285714285714	0.6666666666666666	0.71875	
Golden-crowned Kinglet	0.0	0.058823529411764705	0.0	0.0	0.0	0.0	0.0	0.06666666666666667	0.0	0.0	0.0	0.0	0.0	0.0	0.0	0.0	0.0	0.0	0.0	0.0	0.0	0.0	0.0	0.0	0.0	0.0	0.0	0.0	0.0	0.0	0.0	0.0	0.0	0.0	0.0	0.0	0.0	0.0	0.0	0.0	0.0	0.0	0.0	0.0625	0.2	0.0	0.16666666666666666	0.03125	
Ruby-crowned Kinglet	0.5625	0.5294117647058824	0.36363636363636365	0.5714285714285714	0.6666666666666666	0.47058823529411764	0.46153846153846156	0.6	0.2222222222222222	0.23809523809523808	0.5833333333333334	0.20689655172413793	0.058823529411764705	0.06666666666666667	0.0	0.0	0.0	0.0	0.0	0.0	0.0	0.0	0.0	0.0	0.0	0.0	0.0	0.0	0.0	0.0	0.0	0.0	0.0	0.0	0.0	0.0	0.0	0.0	0.5	0.0	0.2222222222222222	0.45	0.375	0.6875	0.6	0.5714285714285714	0.8333333333333334	0.75	
Eastern Bluebird	0.0	0.0	0.0	0.0	0.0	0.0	0.0	0.0	0.0	0.0	0.0	0.0	0.0	0.0	0.0	0.0	0.0	0.0	0.0	0.0	0.0	0.0	0.0	0.0	0.0	0.0	0.0	0.0	0.0	0.0	0.0	0.0	0.0	0.0	0.0	0.0	0.0	0.0	0.0	0.0	0.05555555555555555	0.0	0.0	0.0625	0.0	0.0	0.0	0.0	
Hermit Thrush	0.0	0.0	0.0	0.0	0.0	0.0	0.0	0.0	0.0	0.0	0.0	0.0	0.0	0.0	0.0	0.0	0.0	0.0	0.0	0.0	0.0	0.0	0.0	0.0	0.0	0.0	0.0	0.0	0.0	0.0	0.0	0.0	0.0	0.0	0.0	0.0	0.0	0.0	0.0	0.0	0.0	0.05	0.0	0.0625	0.0	0.0	0.0	0.0625	
Clay-colored Thrush	0.0	0.0	0.09090909090909091	0.0	0.06666666666666667	0.11764705882352941	0.15384615384615385	0.2	0.05555555555555555	0.09523809523809523	0.0	0.1724137931034483	0.23529411764705882	0.3333333333333333	0.26666666666666666	0.42857142857142855	0.6666666666666666	0.0	0.6666666666666666	0.0	0.0	0.0	0.5	0.0015	0.0	0.0	1.0	1.0	1.0	0.0	0.0	0.0	0.0	0.5	0.0	0.0	0.0	0.0	0.0	0.0	0.05555555555555555	0.15	0.0	0.25	0.2	0.14285714285714285	0.0	0.28125	
American Robin	0.0	0.0	0.0	0.0	0.0	0.0	0.0	0.0	0.0	0.0	0.0	0.0	0.0	0.0	0.0	0.0	0.0	0.0	0.0	0.0	0.0	0.0	0.0	0.0	0.0	0.0	0.0	0.0	0.0	0.0	0.0	0.0	0.0	0.0	0.0	0.0	0.0	0.0	0.0	0.0	0.0	0.0	0.0	0.0625	0.0	0.14285714285714285	0.16666666666666666	0.0	
Gray Catbird	0.0	0.0	0.0	0.0	0.0	0.0	0.07692307692307693	0.0	0.0	0.09523809523809523	0.08333333333333333	0.06896551724137931	0.0	0.0	0.06666666666666667	0.14285714285714285	0.0	0.0	0.0	0.0	0.0	0.0	0.0	0.0	0.0	0.0	0.0	0.0	0.0	0.0	0.0	0.0	0.0	0.0	0.0	0.0	0.0	0.0	0.0	0.0	0.0	0.05	0.125	0.0	0.0	0.0	0.3333333333333333	0.03125	
Curve-billed Thrasher	0.125	0.0	0.0	0.0	0.06666666666666667	0.0	0.07692307692307693	0.0	0.05555555555555555	0.047619047619047616	0.08333333333333333	0.0	0.058823529411764705	0.0	0.0	0.14285714285714285	0.3333333333333333	0.0	0.0	0.0015	0.0	0.0	0.0	0.0	0.0	0.0	0.0	0.0	1.0	0.0	0.0	0.0	0.0	0.0	0.0	0.0	0.0	0.0	0.0	0.0	0.0	0.1	0.0	0.0	0.2	0.0	0.0	0.0625	
Long-billed Thrasher	0.3125	0.29411764705882354	0.2727272727272727	0.38095238095238093	0.26666666666666666	0.4117647058823529	0.46153846153846156	0.26666666666666666	0.3888888888888889	0.3333333333333333	0.5	0.3448275862068966	0.23529411764705882	0.3333333333333333	0.3333333333333333	0.42857142857142855	0.3333333333333333	0.0	0.6666666666666666	0.5	0.5	0.0	0.5	0.0015	0.0	0.0	1.0	1.0	1.0	0.0	0.0	0.0	0.0	0.5	0.0	0.0	0.0	0.0	0.0	0.0015	0.3888888888888889	0.45	0.375	0.5	0.6	0.0	0.5	0.3125	
Northern Mockingbird	0.5	0.5294117647058824	0.6363636363636364	0.3333333333333333	0.3333333333333333	0.29411764705882354	0.3076923076923077	0.4	0.3333333333333333	0.3333333333333333	0.4166666666666667	0.5172413793103449	0.47058823529411764	0.5333333333333333	0.6	0.7142857142857143	1.0	0.0	1.0	1.0	1.0	0.0	0.5	0.0015	0.0	0.0	1.0	0.5	1.0	0.0	0.0	0.0	0.0	0.5	1.0	0.0	0.0	0.0	0.0	0.0	0.6111111111111112	0.45	0.5	0.5625	0.2	0.42857142857142855	0.5	0.46875	
European Starling	0.0625	0.0	0.09090909090909091	0.047619047619047616	0.2	0.17647058823529413	0.0	0.0	0.1111111111111111	0.0	0.08333333333333333	0.10344827586206896	0.058823529411764705	0.2	0.13333333333333333	0.0	0.0	0.0	0.0	0.0	0.0	0.0	0.0	0.0	0.0	0.0	0.0	0.0	0.0	0.0	0.0	0.0	0.0	0.0	0.0	0.0	0.0	0.0	0.0	0.2	0.1111111111111111	0.1	0.25	0.25	0.0	0.14285714285714285	0.5	0.1875	
American Pipit	0.125	0.0	0.09090909090909091	0.047619047619047616	0.0	0.11764705882352941	0.07692307692307693	0.0	0.0	0.0	0.0	0.0015	0.0	0.0	0.0	0.0	0.0	0.0	0.0	0.0	0.0	0.0	0.0	0.0	0.0	0.0	0.0	0.0	0.0	0.0	0.0	0.0	0.0	0.0	0.0	0.0	0.0	0.0	0.0	0.0	0.1111111111111111	0.0	0.0	0.125	0.0	0.0	0.0	0.09375	
Cedar Waxwing	0.0	0.0	0.0	0.0	0.0	0.0	0.0	0.0	0.05555555555555555	0.0	0.0	0.0	0.0	0.0	0.0	0.0	0.3333333333333333	0.0	0.0	0.0	0.0	0.0	0.0	0.0	0.0	0.0	0.0	0.0	0.0	0.0	0.0	0.0	0.0	0.0	0.0	0.0	0.0	0.0	0.0	0.0	0.0	0.0	0.0	0.0	0.0	0.0	0.0	0.0	
Lesser Goldfinch	0.0	0.0	0.0	0.19047619047619047	0.06666666666666667	0.058823529411764705	0.0015	0.06666666666666667	0.0	0.14285714285714285	0.0015	0.10344827586206896	0.058823529411764705	0.0	0.13333333333333333	0.14285714285714285	0.3333333333333333	0.0	0.0	0.0	0.0	0.0	1.0	0.0	0.0	0.0	1.0	0.5	0.0	0.0	0.0	0.0	0.0	0.0	1.0	0.0	0.0	0.0	0.0	0.2	0.1111111111111111	0.0	0.125	0.1875	0.2	0.0	0.0	0.0625	
American Goldfinch	0.0625	0.11764705882352941	0.18181818181818182	0.047619047619047616	0.06666666666666667	0.0	0.0	0.0	0.0	0.047619047619047616	0.0	0.06896551724137931	0.0	0.0	0.0	0.0	0.0	0.0	0.0	0.0	0.0	0.0	0.0	0.0	0.0	0.0	0.0	0.0	0.0	0.0	0.0	0.0	0.0	0.0	0.0	0.0	0.0	0.0	0.0	0.0	0.0	0.0	0.0	0.125	0.2	0.0	0.0	0.1875	
Olive Sparrow	0.375	0.35294117647058826	0.45454545454545453	0.38095238095238093	0.4	0.5294117647058824	0.5384615384615384	0.26666666666666666	0.3888888888888889	0.42857142857142855	0.5833333333333334	0.4827586206896552	0.35294117647058826	0.5333333333333333	0.5333333333333333	0.7142857142857143	1.0	1.0	0.3333333333333333	0.5	0.0	0.0	1.0	0.0	0.0	0.0	1.0	1.0	1.0	0.0	0.0	0.0	0.0	0.5	1.0	0.0	0.0	0.0	0.0	0.0015	0.2777777777777778	0.3	0.25	0.25	0.4	0.2857142857142857	0.5	0.375	
Chipping Sparrow	0.0	0.0	0.0	0.0	0.0	0.0	0.0	0.0	0.0	0.0	0.0	0.0	0.0	0.0	0.06666666666666667	0.0	0.3333333333333333	0.0	0.0	0.0	0.0	0.0	0.0	0.0	0.0	0.0	0.0	0.0	0.0	0.0	0.0	0.0	0.0	0.0	0.0	0.0	0.0	0.0	0.0	0.0	0.0	0.0	0.0	0.0	0.0	0.0	0.0	0.0	
Lark Sparrow	0.0	0.0	0.0	0.0	0.0	0.0	0.0	0.0	0.0	0.0	0.08333333333333333	0.0	0.0	0.13333333333333333	0.06666666666666667	0.14285714285714285	0.0	0.0	0.0	0.0	0.0	0.0	0.5	0.0	0.0	0.0	1.0	0.0	0.0	0.0	0.0	0.0	0.0	0.0	0.0	0.0	0.0	0.0	0.0	0.0	0.0	0.0	0.0	0.0	0.0	0.0	0.0	0.03125	
White-crowned Sparrow	0.0	0.0	0.0	0.0	0.06666666666666667	0.0	0.0	0.0	0.0	0.0	0.0	0.0	0.0	0.0	0.0	0.0	0.0	0.0	0.0	0.0	0.0	0.0	0.0	0.0	0.0	0.0	0.0	0.0	0.0	0.0	0.0	0.0	0.0	0.0	0.0	0.0	0.0	0.0	0.0	0.0	0.0	0.0	0.0	0.0	0.0	0.0	0.0	0.03125	
White-throated Sparrow	0.0	0.0	0.0	0.0	0.0	0.0	0.0	0.0	0.0	0.0	0.0	0.0	0.0	0.0	0.0	0.0	0.0	0.0	0.0	0.0	0.0	0.0	0.0	0.0	0.0	0.0	0.0	0.0	0.0	0.0	0.0	0.0	0.0	0.0	0.0	0.0	0.0	0.0	0.0	0.0	0.0	0.0	0.0	0.0625	0.0	0.0	0.0	0.0	
Vesper Sparrow	0.0	0.0	0.0	0.0	0.0	0.0	0.0	0.06666666666666667	0.05555555555555555	0.0	0.0	0.0	0.0015	0.0	0.0	0.0	0.0	0.0	0.0	0.0	0.0	0.0	0.0	0.0	0.0	0.0	0.0	0.0	0.0	0.0	0.0	0.0	0.0	0.0	0.0	0.0	0.0	0.0	0.0	0.0	0.0	0.0	0.0	0.0	0.0	0.0	0.0	0.0	
Savannah Sparrow	0.0	0.0	0.0	0.047619047619047616	0.0	0.0	0.0	0.0	0.2222222222222222	0.0	0.0	0.0	0.0	0.0	0.0	0.0	0.0	0.0	0.0	0.0	0.0	0.0	0.0	0.0	0.0	0.0	0.0	0.0	0.0	0.0	0.0	0.0	0.0	0.0	0.0	0.0	0.0	0.0	0.0	0.0	0.0	0.0	0.0	0.0	0.0	0.0	0.0	0.0015	
Song Sparrow	0.0	0.0	0.0	0.0	0.0	0.058823529411764705	0.0	0.0	0.0	0.0	0.0	0.0	0.0	0.0	0.0	0.0	0.0	0.0	0.0	0.0	0.0	0.0	0.0	0.0	0.0	0.0	0.0	0.0	0.0	0.0	0.0	0.0	0.0	0.0	0.0	0.0	0.0	0.0	0.0	0.0	0.0	0.0	0.0	0.0625	0.0	0.0	0.0	0.03125	
Lincoln's Sparrow	0.1875	0.17647058823529413	0.2727272727272727	0.47619047619047616	0.3333333333333333	0.23529411764705882	0.15384615384615385	0.06666666666666667	0.1111111111111111	0.19047619047619047	0.3333333333333333	0.1724137931034483	0.17647058823529413	0.06666666666666667	0.0	0.0	0.0	0.0	0.0	0.0	0.0	0.0	0.0	0.0	0.0	0.0	0.0	0.0	0.0	0.0	0.0	0.0	0.0	0.0	0.0	0.0	0.0	0.0	0.0	0.0	0.2222222222222222	0.1	0.0	0.125	0.0	0.0	0.6666666666666666	0.1875	
Swamp Sparrow	0.0	0.0	0.09090909090909091	0.0	0.06666666666666667	0.058823529411764705	0.0	0.0	0.0	0.0	0.08333333333333333	0.06896551724137931	0.0	0.0	0.0	0.0	0.0	0.0	0.0	0.0	0.0	0.0	0.0	0.0	0.0	0.0	0.0	0.0	0.0	0.0	0.0	0.0	0.0	0.0	0.0	0.0	0.0	0.0	0.0	0.0	0.1111111111111111	0.0	0.0	0.0	0.0	0.0	0.0	0.03125	
Yellow-breasted Chat	0.0	0.0	0.0	0.0	0.0	0.0	0.0	0.0	0.0	0.0	0.0	0.0	0.0	0.0	0.06666666666666667	0.14285714285714285	0.0	0.0	0.0	0.0	0.0	0.0	0.0	0.0	0.0	0.0	0.0	0.0	0.0	0.0	0.0	0.0	0.0	0.5	0.0	0.0	0.0	0.0	0.0	0.0	0.0	0.0	0.0	0.0	0.0	0.0	0.0	0.0	
Western Meadowlark	0.0	0.0	0.0015	0.0	0.0	0.058823529411764705	0.0	0.06666666666666667	0.0	0.0	0.0	0.0	0.0	0.0	0.0	0.0	0.0	0.0	0.0	0.0	0.0	0.0	0.0	0.0	0.0	0.0	0.0	0.0	0.0	0.0	0.0	0.0	0.0	0.0	0.0	0.0	0.0	0.0	0.0	0.0	0.0	0.0	0.0	0.0	0.0	0.0	0.0	0.0	
Eastern Meadowlark	0.0	0.058823529411764705	0.0	0.0	0.0	0.0	0.0	0.0	0.1111111111111111	0.0	0.0	0.0	0.0	0.06666666666666667	0.0	0.0	0.0	0.0	0.0	0.0	0.0	0.0	0.0	0.0	0.0	0.0	0.0	0.0	0.0	0.0	0.0	0.0	0.0	0.0	0.0	0.0	0.0	0.0	0.0	0.0	0.0	0.0	0.0	0.0	0.0	0.0	0.0	0.0	
Western/Eastern Meadowlark	0.0625	0.058823529411764705	0.0	0.0	0.0	0.0	0.0015	0.13333333333333333	0.05555555555555555	0.0	0.0	0.0	0.0	0.0	0.0	0.0	0.0	0.0	0.0	0.0	0.0	0.0	0.0	0.0	0.0	0.0	0.0	0.0	0.0	0.0	0.0	0.0	0.0	0.0	0.0	0.0	0.0	0.0	0.0	0.0	0.0	0.0	0.0	0.0625	0.0	0.0	0.0	0.03125	
Orchard Oriole	0.0	0.0	0.0	0.0	0.0	0.0	0.0	0.0	0.0	0.0	0.0	0.0	0.0	0.0	0.06666666666666667	0.42857142857142855	0.0	0.0	0.0	0.0	0.0	0.0	0.0	0.0	0.0	0.0	0.0	0.5	1.0	0.0	0.0	0.0	0.0	0.0	0.0	0.0	0.0	0.0	0.0	0.0	0.0	0.0	0.0	0.0	0.0	0.0	0.0	0.0	
Hooded Oriole	0.0	0.0	0.0	0.0	0.0	0.058823529411764705	0.0	0.0	0.0	0.047619047619047616	0.25	0.13793103448275862	0.17647058823529413	0.3333333333333333	0.13333333333333333	0.2857142857142857	0.0	0.0	0.3333333333333333	0.0	0.5	0.0	0.5	0.0	0.0	0.0	1.0	0.0015	1.0	0.0	0.0	0.0	0.0	0.0	0.0	0.0	0.0	0.0	0.0	0.0	0.1111111111111111	0.05	0.0	0.0	0.0	0.0	0.16666666666666666	0.0625	
Bullock's Oriole	0.0	0.0	0.0	0.0	0.0	0.0	0.0	0.0	0.05555555555555555	0.0	0.0	0.0	0.0015	0.0	0.0	0.0	0.0	0.0	0.0	0.0	0.0	0.0	0.0	0.0	0.0	0.0	0.0	0.0	0.0	0.0	0.0	0.0	0.0	0.0	0.0	0.0	0.0	0.0	0.0	0.0	0.0	0.0	0.0	0.0	0.0	0.0	0.0	0.0	
Altamira Oriole	0.125	0.29411764705882354	0.45454545454545453	0.42857142857142855	0.3333333333333333	0.35294117647058826	0.46153846153846156	0.4	0.2777777777777778	0.2857142857142857	0.5833333333333334	0.3448275862068966	0.47058823529411764	0.4	0.4666666666666667	0.2857142857142857	0.3333333333333333	1.0	0.6666666666666666	0.0	0.5	1.0	0.5	0.0	0.0	0.0	0.0	0.0	0.0	0.0	0.0	0.0	0.0	0.5	0.0	0.0	0.0	0.0	0.5	0.0	0.5555555555555556	0.45	0.375	0.3125	0.2	0.14285714285714285	0.3333333333333333	0.46875	
Baltimore Oriole	0.0	0.0	0.0	0.0	0.0	0.0	0.0	0.0	0.0	0.0	0.0	0.0	0.0	0.0	0.06666666666666667	0.2857142857142857	0.0	0.0	0.0	0.0	0.0	0.0	0.0	0.0	0.0	0.0	0.0	0.0	0.0	0.0	0.0	0.0	0.0	0.0	0.0	0.0	0.0	0.0	0.0	0.0	0.0	0.0	0.0	0.0	0.0	0.0	0.0	0.0	
new world oriole sp.	0.0	0.0	0.0	0.0	0.0	0.0	0.0	0.0	0.0	0.0	0.0	0.0	0.0	0.0	0.0	0.0	0.0	0.0	0.0	0.0	0.5	1.0	0.0	0.0	0.0	0.0	0.0	0.0	0.0	0.0	0.0	0.0	0.0	0.0	0.0	0.0	0.0	0.0	0.0	0.0	0.0	0.0	0.0	0.0	0.0	0.0	0.0	0.0	
Red-winged Blackbird	0.625	0.7647058823529411	0.7272727272727273	0.7142857142857143	0.8	0.7058823529411765	0.6153846153846154	0.8	0.8333333333333334	0.6666666666666666	0.8333333333333334	0.7931034482758621	0.7647058823529411	0.7333333333333333	0.6666666666666666	0.5714285714285714	0.6666666666666666	0.0	0.6666666666666666	0.0015	0.5	1.0	0.5	0.0	0.0	0.0	1.0	0.5	1.0	0.0	0.0	0.0	0.0	1.0	1.0	0.0	1.0	0.0	0.5	0.4	0.6666666666666666	0.55	0.625	0.625	0.2	0.2857142857142857	0.6666666666666666	0.625	
Bronzed Cowbird	0.0	0.0	0.0	0.0	0.0	0.0	0.07692307692307693	0.0	0.0	0.0	0.0015	0.034482758620689655	0.29411764705882354	0.3333333333333333	0.3333333333333333	0.5714285714285714	0.6666666666666666	0.0	1.0	1.0	0.5	0.0	1.0	0.0015	0.0	0.0	1.0	1.0	0.0	0.0	0.0	0.0	0.0	0.0	0.0	0.0	0.0	0.0	0.0	0.0	0.0	0.0	0.0	0.0	0.0	0.0	0.0	0.0	
Brown-headed Cowbird	0.0	0.058823529411764705	0.0	0.0	0.06666666666666667	0.0	0.0	0.0	0.05555555555555555	0.047619047619047616	0.08333333333333333	0.034482758620689655	0.058823529411764705	0.06666666666666667	0.13333333333333333	0.2857142857142857	0.0	0.0	0.3333333333333333	0.0	1.0	0.0	0.0	0.0	0.0	0.0	0.0	0.0	0.0	0.0	0.0	0.0	0.0	0.0	0.0	0.0	0.0	0.0	0.0	0.0	0.05555555555555555	0.0	0.0	0.0	0.0	0.0	0.16666666666666666	0.0	
Bronzed/Brown-headed Cowbird	0.0	0.0	0.0	0.0	0.0	0.0	0.0	0.0	0.0	0.0	0.0	0.0	0.058823529411764705	0.0	0.0	0.0	0.0	0.0	0.0	0.0	0.0	0.0	0.0	0.0	0.0	0.0	0.0	0.0	0.0	0.0	0.0	0.0	0.0	0.0	0.0	0.0	0.0	0.0	0.0	0.0	0.0	0.0	0.0	0.0	0.0	0.0	0.0	0.0	
Rusty Blackbird	0.0	0.0	0.0	0.0	0.0	0.0	0.0	0.0	0.05555555555555555	0.19047619047619047	0.0	0.0	0.0	0.0	0.0	0.0	0.0	0.0	0.0	0.0	0.0	0.0	0.0	0.0	0.0	0.0	0.0	0.0	0.0	0.0	0.0	0.0	0.0	0.0	0.0	0.0	0.0	0.0	0.0	0.0	0.0	0.0	0.0	0.0	0.0	0.0	0.0	0.0	
Great-tailed Grackle	0.125	0.23529411764705882	0.09090909090909091	0.23809523809523808	0.2	0.058823529411764705	0.23076923076923078	0.26666666666666666	0.2777777777777778	0.3333333333333333	0.25	0.4482758620689655	0.4117647058823529	0.6	0.4	0.5714285714285714	0.3333333333333333	1.0	1.0	1.0	0.5	0.0	0.5	0.0	0.0	0.0	0.0	1.0	1.0	0.0	0.0	0.0	0.0	0.5	0.0	0.0	0.0	0.0	0.0	0.0	0.4444444444444444	0.4	0.25	0.375	0.4	0.14285714285714285	0.5	0.28125	
blackbird sp.	0.0	0.0	0.0	0.0	0.0	0.0	0.0	0.0	0.0	0.0	0.0	0.0	0.058823529411764705	0.0	0.0	0.0	0.0	0.0	0.0	0.0	0.0	0.0	0.0	0.0	0.0	0.0	0.0	0.0	0.0	0.0	0.0	0.0	0.0	0.0	0.0	0.0	0.0	0.0	0.0	0.0	0.0	0.0	0.0	0.0	0.0	0.0	0.0	0.0	
Ovenbird	0.0	0.0	0.0	0.0	0.0	0.0	0.0	0.0	0.0	0.0	0.0	0.0	0.0	0.06666666666666667	0.0	0.0	0.0	0.0	0.0	0.0	0.0	0.0	0.0	0.0	0.0	0.0	0.0	0.0	0.0	0.0	0.0	0.0	0.0	0.0	0.0	0.0	0.0	0.0	0.0	0.0	0.0	0.0	0.0	0.0	0.0	0.0	0.0	0.0	
Louisiana Waterthrush	0.0	0.0	0.0	0.0	0.0	0.0	0.0	0.0	0.0	0.0	0.0015	0.13793103448275862	0.0	0.0	0.0	0.0	0.0	0.0	0.0	0.0	0.0	0.0	0.0	0.0	0.0	0.0	0.0	0.0	0.0	0.0	0.0	0.0	0.0	0.0	0.0	0.0	0.0	0.0	0.0	0.0	0.0	0.0	0.0	0.0	0.0	0.0	0.0	0.0	
Northern Waterthrush	0.0	0.0	0.0	0.0	0.0	0.0	0.0	0.0	0.0	0.0	0.0	0.0	0.0	0.0	0.0	0.2857142857142857	0.3333333333333333	0.0	0.0	0.0	0.0	0.0	0.0	0.0	0.0	0.0	0.0	0.0	0.0	0.0	0.0	0.0	0.0	0.5	0.0	0.0	0.0	0.0	0.0	0.0	0.0	0.0	0.0	0.0625	0.0	0.0	0.0	0.0	
Golden-winged Warbler	0.0	0.0	0.0	0.0	0.0	0.0	0.0	0.0	0.0	0.0	0.0	0.0	0.0	0.0	0.0	0.14285714285714285	0.0	0.0	0.0	0.0	0.0	0.0	0.0	0.0	0.0	0.0	0.0	0.0	0.0	0.0	0.0	0.0	0.0	0.0	0.0	0.0	0.0	0.0	0.0	0.0	0.0	0.0	0.0	0.0	0.0	0.0	0.0	0.0	
Blue-winged Warbler	0.0	0.0	0.0	0.0	0.0	0.0	0.0	0.0	0.0	0.0	0.0	0.0	0.0	0.06666666666666667	0.06666666666666667	0.0	0.0	0.0	0.0	0.0	0.0	0.0	0.0	0.0	0.0	0.0	0.0	0.0	0.0	0.0	0.0	0.0	0.0	0.0	0.0	0.0	0.0	0.0	0.0	0.0	0.0	0.0	0.0	0.0	0.0	0.0	0.0	0.0	
Black-and-white Warbler	0.125	0.29411764705882354	0.09090909090909091	0.047619047619047616	0.06666666666666667	0.0	0.0	0.06666666666666667	0.1111111111111111	0.14285714285714285	0.25	0.27586206896551724	0.058823529411764705	0.06666666666666667	0.0	0.14285714285714285	0.3333333333333333	0.0	0.0	0.0	0.0	0.0	0.0	0.0	0.0	0.0	0.0	0.5	0.0	0.0	0.0	0.0	0.0	0.0	0.0	0.0	0.0	0.0	0.0	0.2	0.05555555555555555	0.1	0.0	0.0625	0.2	0.2857142857142857	0.16666666666666666	0.1875	
Prothonotary Warbler	0.0	0.0	0.0	0.0	0.0	0.0	0.0	0.0	0.0	0.0	0.0	0.0	0.058823529411764705	0.0	0.0	0.0	0.0	0.0	0.0	0.0	0.0	0.0	0.0	0.0	0.0	0.0	0.0	0.0	0.0	0.0	0.0	0.0	0.0	0.0	0.0	0.0	0.0	0.0	0.0	0.0	0.0	0.0	0.0	0.0	0.0	0.0	0.0	0.0	
Tennessee Warbler	0.0	0.0	0.0	0.0	0.0	0.0	0.0	0.0	0.0	0.0	0.0	0.034482758620689655	0.0	0.0	0.0	0.42857142857142855	0.0	0.0	0.0	0.0	0.0	0.0	0.0	0.0	0.0	0.0	0.0	0.0	0.0	0.0	0.0	0.0	0.0	0.0	1.0	0.0	0.0	0.0	0.0	0.0	0.0	0.0	0.125	0.0	0.0	0.0	0.0	0.0	
Orange-crowned Warbler	0.6875	0.7647058823529411	0.6363636363636364	0.6666666666666666	0.5333333333333333	0.5882352941176471	0.38461538461538464	0.6	0.5	0.42857142857142855	0.3333333333333333	0.27586206896551724	0.11764705882352941	0.0	0.0	0.14285714285714285	0.0	0.0	0.0	0.0	0.0	0.0	0.0	0.0	0.0	0.0	0.0	0.0	0.0	0.0	0.0	0.0	0.0	0.0	0.0	0.0	0.0	0.0	0.0	0.2	0.3333333333333333	0.25	0.375	0.5625	0.6	0.2857142857142857	0.6666666666666666	0.6875	
Nashville Warbler	0.1875	0.058823529411764705	0.18181818181818182	0.19047619047619047	0.0	0.17647058823529413	0.0	0.06666666666666667	0.05555555555555555	0.0	0.0015	0.06896551724137931	0.058823529411764705	0.0	0.0	0.14285714285714285	0.0	0.0	0.0	0.0	0.0	0.0	0.0	0.0	0.0	0.0	0.0	0.0	0.0	0.0	0.0	0.0	0.0	0.0	0.0	0.0	1.0	0.0	0.0	0.0	0.2222222222222222	0.15	0.125	0.125	0.2	0.0	0.3333333333333333	0.09375	
Mourning Warbler	0.0	0.0	0.0	0.0	0.0	0.0	0.0	0.0	0.0	0.0	0.0	0.0	0.0	0.0	0.0	0.0	0.0	0.0	0.0	0.0	0.0	0.0	0.0	0.0	0.0	0.0	0.0	0.0	0.0	0.0	0.0	0.0	0.0	0.0	1.0	0.0	0.0	0.0	0.0	0.0	0.0	0.0	0.0	0.0	0.0	0.0	0.0	0.0	
Kentucky Warbler	0.0	0.0	0.0	0.0	0.0	0.0	0.0	0.0	0.0	0.0	0.0	0.0	0.0	0.0	0.0	0.0	0.0	0.0	0.0	0.0	0.0	0.0	0.0	0.0	0.0	0.0	0.0	0.0	0.0	0.0	0.0	0.0	0.0	0.0015	0.0	0.0	0.0	0.0	0.0	0.0	0.0	0.0	0.0	0.0	0.0	0.0	0.0	0.0	
Common Yellowthroat	0.6875	0.4117647058823529	0.45454545454545453	0.5238095238095238	0.6	0.5882352941176471	0.23076923076923078	0.3333333333333333	0.2777777777777778	0.42857142857142855	0.3333333333333333	0.4827586206896552	0.35294117647058826	0.2	0.13333333333333333	0.2857142857142857	0.3333333333333333	0.0	0.3333333333333333	0.0	0.0	0.0	0.0	0.0	0.0	0.0	1.0	0.0	0.0	0.0	0.0	0.0	0.0	0.0	0.0	0.0	0.0	0.0	0.0	0.0	0.3333333333333333	0.25	0.5	0.3125	0.2	0.14285714285714285	0.5	0.5625	
American Redstart	0.0	0.0	0.0	0.0	0.0	0.0	0.0	0.0	0.0	0.0	0.0	0.0	0.0	0.0	0.0	0.14285714285714285	0.0015	0.0	0.0	0.0	0.0	0.0	0.0	0.0	0.0	0.0	0.0	0.0	0.0	0.0	0.0	0.0	0.0	0.0	0.0	0.0	0.0	0.0	0.0	0.0	0.0	0.0	0.0	0.0	0.0	0.0	0.0	0.0	
Northern Parula	0.0	0.0	0.0	0.0	0.0	0.0	0.0015	0.0	0.0	0.0	0.0	0.10344827586206896	0.058823529411764705	0.0	0.0	0.14285714285714285	0.0	0.0	0.0	0.0	0.0	0.0	0.0	0.0	0.0	0.0	0.0	0.0	0.0	0.0	0.0	0.0	0.0	0.0	0.0	0.0	0.0	0.0	0.0	0.0	0.0	0.0	0.0	0.0	0.0	0.0	0.0	0.0	
Tropical Parula	0.0	0.0	0.0	0.0	0.0	0.0	0.0	0.0	0.0	0.047619047619047616	0.5	0.1724137931034483	0.058823529411764705	0.06666666666666667	0.3333333333333333	0.14285714285714285	0.3333333333333333	0.0	0.0	0.0	0.0	0.0	0.0	0.0	0.0	0.0	0.0	0.0	0.0	0.0	0.0	0.0	0.0	0.0	0.0	0.0	0.0	0.0	0.0	0.0	0.0	0.0	0.0	0.0	0.0	0.0	0.0	0.0	
Northern x Tropical Parula (hybrid)	0.0	0.0	0.0	0.0	0.0	0.0	0.0	0.0	0.0	0.0	0.0	0.0015	0.0	0.0	0.0	0.0	0.0	0.0	0.0	0.0	0.0	0.0	0.0	0.0	0.0	0.0	0.0	0.0	0.0	0.0	0.0	0.0	0.0	0.0	0.0	0.0	0.0	0.0	0.0	0.0	0.0	0.0	0.0	0.0	0.0	0.0	0.0	0.0	
Northern/Tropical Parula	0.0	0.0	0.0	0.0	0.0	0.0	0.0	0.0	0.0	0.0	0.08333333333333333	0.034482758620689655	0.11764705882352941	0.0	0.0	0.0	0.0	0.0	0.0	0.0	0.0	0.0	0.0	0.0	0.0	0.0	0.0	0.0	0.0	0.0	0.0	0.0	0.0	0.0	0.0	0.0	0.0	0.0	0.0	0.0	0.0	0.0	0.0	0.0	0.0	0.0	0.0	0.0	
Magnolia Warbler	0.0	0.0	0.0	0.0	0.0	0.0	0.0	0.0	0.0	0.0	0.0	0.0	0.0	0.0	0.0	0.14285714285714285	0.0	0.0	0.0	0.0	0.0	0.0	0.0	0.0	0.0	0.0	0.0	0.0	0.0	0.0	0.0	0.0	0.0	0.0	0.0	0.0	0.0	0.0	0.0	0.0	0.0	0.0	0.0	0.0	0.0	0.0	0.0	0.0	
Blackburnian Warbler	0.0	0.0	0.0	0.0	0.0	0.0	0.0	0.0	0.0	0.0	0.0	0.0	0.0	0.0	0.0	0.14285714285714285	0.0	0.0	0.0	0.0	0.0	0.0	0.0	0.0	0.0	0.0	0.0	0.0	0.0	0.0	0.0	0.0	0.0	0.0	0.0	0.0	0.0	0.0	0.0	0.0	0.0	0.0	0.0	0.0	0.0	0.0	0.0	0.0	
Yellow Warbler	0.0	0.0	0.0	0.0	0.0	0.0	0.0	0.0	0.0	0.0	0.0	0.034482758620689655	0.0	0.0	0.0	0.0	0.0015	0.0	0.0	0.0	0.0	0.0	0.0	0.0	0.0	0.0	0.0	0.0	0.0	0.0	0.0	0.0	0.0	0.0	1.0	0.0	0.0	0.0	0.0	0.0015	0.0	0.0	0.0	0.0	0.0	0.0	0.0	0.0	
Pine Warbler	0.125	0.0	0.09090909090909091	0.0	0.13333333333333333	0.0	0.0	0.0	0.0	0.0	0.0	0.0	0.0	0.0	0.0	0.0	0.0	0.0	0.0	0.0	0.0	0.0	0.0	0.0	0.0	0.0	0.0	0.0	0.0	0.0	0.0	0.0	0.0	0.0	0.0	0.0	0.0	0.0	0.0	0.0	0.0	0.0	0.0	0.0	0.0	0.0	0.0	0.0625	
Yellow-rumped Warbler	0.6875	0.5294117647058824	0.7272727272727273	0.6190476190476191	0.6	0.5294117647058824	0.3076923076923077	0.3333333333333333	0.16666666666666666	0.47619047619047616	0.16666666666666666	0.06896551724137931	0.0	0.0	0.0	0.0	0.0	0.0	0.0	0.0	0.0	0.0	0.0	0.0	0.0	0.0	0.0	0.0	0.0	0.0	0.0	0.0	0.0	0.0	0.0	0.0	0.0	0.0	0.0	0.0	0.0	0.0	0.0	0.4375	0.4	0.0	0.5	0.625	
Yellow-throated Warbler	0.125	0.0	0.0	0.047619047619047616	0.0	0.0	0.07692307692307693	0.0	0.05555555555555555	0.0	0.0	0.034482758620689655	0.0	0.0	0.0	0.0	0.0	0.0	0.0	0.0	0.0	0.0	0.0	0.0	0.0	0.0	0.0	0.0	0.0	0.0	0.0	0.0	0.0	0.0	0.0	0.0	0.0	0.0	0.0	0.0	0.05555555555555555	0.0	0.0	0.0	0.0	0.0	0.16666666666666666	0.0015	
Black-throated Gray Warbler	0.0	0.0	0.0	0.0	0.06666666666666667	0.0	0.0	0.0	0.0	0.0	0.0	0.0	0.0	0.0	0.0	0.0	0.0	0.0	0.0	0.0	0.0	0.0	0.0	0.0	0.0	0.0	0.0	0.0	0.0	0.0	0.0	0.0	0.0	0.0	0.0	0.0	0.0	0.0	0.0	0.0	0.0	0.0	0.0	0.0	0.0	0.0015	0.0	0.0	
Townsend's Warbler	0.0	0.0	0.0	0.0	0.0	0.0	0.0	0.0	0.0	0.0	0.0	0.0	0.0	0.0	0.0	0.0	0.0	0.0	0.0	0.0	0.0	0.0	0.0	0.0	0.0	0.0	0.0	0.0	0.0	0.0	0.0	0.0	0.0	0.0	1.0	0.0	0.0	0.0	0.0	0.0	0.0	0.0	0.0	0.0	0.0	0.0	0.0	0.0	
Black-throated Green Warbler	0.0	0.0	0.0	0.0	0.0	0.0	0.0	0.0	0.0	0.0	0.08333333333333333	0.034482758620689655	0.058823529411764705	0.0	0.0	0.42857142857142855	0.3333333333333333	0.0	0.0	0.0	0.0	0.0	0.0	0.0	0.0	0.0	0.0	0.0	0.0	0.0	0.0	0.0	0.0	0.0	0.0	0.0	0.0	0.0	0.0	0.0	0.0	0.15	0.0	0.0	0.0	0.0	0.0	0.03125	
Canada Warbler	0.0	0.0	0.0	0.0	0.0	0.0	0.0	0.0	0.0	0.0	0.0	0.0	0.0	0.0	0.0	0.0	0.0	1.0	0.0	0.0	0.0	0.0	0.0	0.0	0.0	0.0	0.0	0.0	0.0	0.0	0.0	0.0	0.0	0.0	0.0	0.0	0.0	0.0	0.0	0.0	0.0	0.0	0.0	0.0	0.0	0.0	0.0	0.0	
Wilson's Warbler	0.0	0.0	0.0	0.0	0.06666666666666667	0.0	0.0	0.0	0.0	0.0	0.0	0.06896551724137931	0.0	0.0	0.0	0.0	0.0015	0.0	0.3333333333333333	0.0	0.0	0.0	0.0	0.0	0.0	0.0	0.0	0.0	0.0	0.0	0.0	0.0	0.0	1.0	0.0	0.0	1.0	0.0	0.0	0.0	0.0	0.0	0.0	0.0	0.0	0.0	0.0	0.03125	
warbler sp. (Parulidae sp.)	0.0	0.0	0.0	0.0	0.0	0.0	0.0	0.0	0.0	0.0	0.0	0.034482758620689655	0.0	0.0	0.0	0.0	0.0	0.0	0.0	0.0	0.0	0.0	0.0	0.0	0.0	0.0	0.0	0.0	0.0	0.0	0.0	0.0	0.0	0.0	0.0	0.0	0.0	0.0	0.0	0.0	0.05555555555555555	0.0	0.0	0.0	0.0	0.0	0.0	0.0	
Summer Tanager	0.0	0.0	0.0	0.0	0.0	0.0	0.0	0.0	0.0	0.0	0.0015	0.034482758620689655	0.058823529411764705	0.0	0.0	0.0	0.0	0.0	0.0	0.0	0.0	0.0	0.0	0.0	0.0	0.0	0.0	0.0	0.0	0.0	0.0	0.0	0.0	0.0	1.0	0.0	0.0	0.0	0.0	0.0	0.0	0.05	0.0	0.0	0.0	0.0	0.0	0.03125	
Western Tanager	0.0	0.0	0.0	0.0	0.0	0.0	0.0	0.0	0.0	0.0	0.0	0.0	0.0	0.0	0.0	0.0	0.0	0.0	0.0	0.0	0.0	0.0	0.0	0.0	0.0	0.0	0.0	0.0	0.0	0.0	0.0	0.0	0.0	0.0	0.0	0.0	0.0	0.0	0.0	0.0	0.0	0.05	0.0	0.0	0.0	0.0	0.0	0.0	
Northern Cardinal	0.5	0.5882352941176471	0.5454545454545454	0.6190476190476191	0.4	0.5294117647058824	0.38461538461538464	0.5333333333333333	0.3888888888888889	0.5238095238095238	0.6666666666666666	0.5172413793103449	0.47058823529411764	0.6	0.6	0.5714285714285714	0.6666666666666666	1.0	1.0	1.0	0.5	1.0	1.0	0.0	0.0	0.0	1.0	1.0	1.0	0.0	0.0	0.0	0.0	0.5	0.0	0.0	1.0	0.0	0.0	0.4	0.2222222222222222	0.35	0.375	0.5	0.2	0.42857142857142855	0.6666666666666666	0.53125	
Pyrrhuloxia	0.0	0.11764705882352941	0.0	0.0	0.0	0.0	0.0	0.0	0.0	0.0	0.0	0.0	0.0	0.0	0.0	0.0	0.0	0.0	0.0	0.0	0.0	0.0	0.0	0.0	0.0	0.0	0.0	0.0	0.0	0.0	0.0	0.0	0.0	0.0	0.0	0.0	0.0	0.0	0.0	0.0	0.05555555555555555	0.0	0.125	0.0625	0.0	0.0	0.0	0.0	
Northern Cardinal/Pyrrhuloxia	0.0	0.0	0.0	0.047619047619047616	0.0	0.0	0.0	0.0	0.05555555555555555	0.0	0.0	0.0	0.0	0.0	0.0	0.0	0.0	0.0	0.0	0.0	0.0	0.0	0.0	0.0	0.0	0.0	0.0	0.0	0.0	0.0	0.0	0.0	0.0	0.0	0.0	0.0	0.0	0.0	0.0	0.0	0.0	0.0	0.0	0.0	0.0	0.0	0.0	0.03125	
Rose-breasted Grosbeak	0.0	0.0	0.0	0.0	0.0	0.0	0.0	0.0	0.0	0.0	0.0	0.0	0.0	0.0	0.0	0.0	0.3333333333333333	0.0	0.0	0.0	0.0	0.0	0.0	0.0	0.0	0.0	0.0	0.0	0.0	0.0	0.0	0.0	0.0	0.0	0.0	0.0	0.0	0.0	0.0	0.0	0.0	0.0	0.0	0.0	0.0	0.0	0.0	0.0	
Indigo Bunting	0.0	0.0	0.0	0.0	0.06666666666666667	0.0	0.0	0.0	0.0	0.09523809523809523	0.0	0.06896551724137931	0.0	0.0	0.0	0.14285714285714285	0.0	0.0	0.0	0.0	0.0	0.0	0.0	0.0	0.0	0.0	0.0	0.0	0.0	0.0	0.0	0.0	0.0	0.0	0.0	0.0	0.0	0.0	0.0	0.0	0.05555555555555555	0.1	0.125	0.0625	0.4	0.0	0.3333333333333333	0.0625	
Painted Bunting	0.0	0.0	0.0	0.0	0.0	0.0	0.0	0.0	0.0	0.0	0.0	0.0	0.0	0.0	0.0	0.2857142857142857	0.3333333333333333	0.0	0.0	0.0	0.0	0.0	0.0	0.0	0.0	0.0	0.0	0.0	0.0	0.0	0.0	0.0	0.0	0.0	0.0	0.0	0.0	0.0	0.0	0.0	0.0	0.0	0.0	0.0	0.0	0.0	0.0	0.0	
Dickcissel	0.0	0.0	0.0	0.0	0.0	0.0	0.0	0.0	0.0	0.0	0.0	0.0	0.0	0.0	0.0	0.0	0.0	0.0	0.3333333333333333	0.0	0.0	0.0	0.0	0.0	0.0	0.0	0.0	0.0	0.0	0.0	0.0	0.0	0.0	0.0	0.0	0.0	0.0	0.0	0.0	0.0	0.0	0.0	0.0	0.0	0.0	0.0	0.0	0.0	
House Sparrow	0.125	0.058823529411764705	0.18181818181818182	0.14285714285714285	0.2	0.058823529411764705	0.23076923076923078	0.26666666666666666	0.2222222222222222	0.14285714285714285	0.08333333333333333	0.20689655172413793	0.17647058823529413	0.13333333333333333	0.13333333333333333	0.14285714285714285	0.0	0.0	0.6666666666666666	0.0015	0.5	0.0	0.0	0.0	0.0	0.0	0.0	0.0015	1.0	0.0	0.0	0.0	0.0	0.0	1.0	0.0	0.0	0.0	0.5	0.2	0.1111111111111111	0.15	0.125	0.1875	0.0	0.14285714285714285	0.16666666666666666	0.1875	
passerine sp.	0.0	0.0	0.0	0.0	0.0	0.0	0.0	0.0	0.05555555555555555	0.0	0.0	0.0	0.058823529411764705	0.0	0.0	0.0	0.0	0.0	0.0	0.0	0.0	0.0	0.0	0.0	0.0	0.0	0.0	0.0	0.0	0.0	0.0	0.0	0.0	0.0	0.0	0.0	0.0	0.0	0.0	0.0	0.0	0.0	0.0	0.0	0.0	0.0	0.0	0.0	

