









Frequency of observations in the selected location(s).:
Number of taxa: 	290

	Jan				Feb				Mar				Apr				May				Jun				Jul				Aug				Sep				Oct				Nov				Dec				
Sample Size:	4.0	11.0	9.0	19.0	9.0	20.0	22.0	21.0	7.0	12.0	16.0	25.0	14.0	9.0	11.0	4.0	3.0	2.0	1.0	3.0	2.0	1.0	3.0	0.0	0.0	2.0	1.0	1.0	3.0	0.0	0.0	1.0	0.0	0.0	2.0	1.0	1.0	3.0	4.0	8.0	24.0	19.0	7.0	11.0	8.0	7.0	3.0	23.0	

Black-bellied Whistling-Duck	0.0	0.0	0.0	0.42105263157894735	0.3333333333333333	0.0	0.18181818181818182	0.23809523809523808	0.14285714285714285	0.3333333333333333	0.5	0.76	0.9285714285714286	0.8888888888888888	0.8181818181818182	0.75	1.0	0.5	1.0	1.0	0.5	0.0	0.6666666666666666	0.0	0.0	1.0	1.0	1.0	0.6666666666666666	0.0	0.0	1.0	0.0	0.0	1.0	0.0	0.0	0.0	1.0	0.625	0.5	0.5789473684210527	0.2857142857142857	0.09090909090909091	0.375	0.0	0.3333333333333333	0.13043478260869565	
Fulvous Whistling-Duck	0.0	0.0	0.2222222222222222	0.05263157894736842	0.3333333333333333	0.2	0.45454545454545453	0.38095238095238093	0.14285714285714285	0.3333333333333333	0.375	0.2	0.21428571428571427	0.3333333333333333	0.18181818181818182	0.5	0.0	0.5	0.0	0.3333333333333333	0.0	0.0	0.0	0.0	0.0	0.0	0.0	0.0	0.0	0.0	0.0	0.0	0.0	0.0	0.0	0.0	0.0	0.0	0.0	0.0	0.16666666666666666	0.10526315789473684	0.0	0.09090909090909091	0.0	0.0	0.0	0.08695652173913043	
Snow Goose	0.0	0.0	0.0	0.0	0.0	0.0	0.0	0.0	0.0	0.0	0.0	0.0	0.0	0.0	0.0	0.0	0.0	0.0	0.0	0.0	0.0	0.0	0.0	0.0	0.0	0.0	0.0	0.0	0.0	0.0	0.0	0.0	0.0	0.0	0.0	0.0	0.0	0.0	0.0	0.0	0.041666666666666664	0.0	0.0	0.0	0.0	0.0	0.0	0.0	
Greater White-fronted Goose	0.0	0.0	0.1111111111111111	0.0	0.0	0.0	0.0	0.0	0.0	0.0	0.0	0.0	0.0	0.0	0.0	0.0	0.0	0.0	0.0	0.0	0.0	0.0	0.0	0.0	0.0	0.0	0.0	0.0	0.0	0.0	0.0	0.0	0.0	0.0	0.0	0.0	0.0	0.0	0.0	0.125	0.041666666666666664	0.10526315789473684	0.0	0.0	0.0	0.14285714285714285	0.3333333333333333	0.0	
Wood Duck	0.0	0.0	0.0	0.0	0.0	0.0	0.0	0.0	0.0	0.0	0.0	0.0	0.07142857142857142	0.0	0.0	0.0	0.0	0.0	0.0	0.0	0.0	0.0	0.0	0.0	0.0	0.0	0.0	0.0	0.0	0.0	0.0	0.0	0.0	0.0	0.0	0.0	0.0	0.0	0.0	0.0	0.041666666666666664	0.10526315789473684	0.0	0.0	0.0	0.0	0.0	0.0	
Blue-winged Teal	0.75	0.36363636363636365	0.6666666666666666	0.7368421052631579	0.8888888888888888	0.95	0.8181818181818182	0.8095238095238095	0.8571428571428571	0.6666666666666666	1.0	0.8	0.8571428571428571	1.0	0.8181818181818182	0.75	1.0	1.0	0.0	0.3333333333333333	0.0	0.0	0.0	0.0	0.0	0.0	1.0	0.0	0.0015	0.0	0.0	0.0	0.0	0.0	1.0	0.0	0.0	1.0	1.0	0.75	0.7916666666666666	0.8421052631578947	0.8571428571428571	0.6363636363636364	0.875	1.0	0.3333333333333333	0.7391304347826086	
Cinnamon Teal	0.0	0.2727272727272727	0.3333333333333333	0.631578947368421	0.4444444444444444	0.65	0.36363636363636365	0.6666666666666666	0.7142857142857143	0.4166666666666667	0.5	0.12	0.21428571428571427	0.1111111111111111	0.0	0.0	0.0	0.0	0.0	0.0	0.0	0.0	0.0	0.0	0.0	0.0	0.0	0.0	0.0	0.0	0.0	0.0	0.0	0.0	0.0	0.0	0.0	0.0	0.0	0.25	0.2916666666666667	0.3684210526315789	0.0	0.09090909090909091	0.0	0.42857142857142855	0.0	0.13043478260869565	
Blue-winged/Cinnamon Teal	0.0	0.0	0.0	0.0	0.0	0.05	0.0	0.0	0.0	0.08333333333333333	0.0	0.0	0.0	0.0	0.0	0.0	0.0	0.0	0.0	0.0	0.0	0.0	0.0	0.0	0.0	0.0	0.0	0.0	0.0	0.0	0.0	0.0	0.0	0.0	0.0	0.0	0.0	0.0	0.0	0.0	0.0	0.0	0.0	0.0	0.0	0.0	0.0	0.0	
Northern Shoveler	0.5	0.6363636363636364	0.6666666666666666	0.7894736842105263	0.8888888888888888	0.95	0.7727272727272727	0.8095238095238095	0.8571428571428571	0.6666666666666666	0.875	0.64	0.5714285714285714	0.7777777777777778	0.2727272727272727	0.5	0.3333333333333333	0.0	0.0	0.0	0.0	0.0	0.0	0.0	0.0	0.0	0.0	0.0	0.0	0.0	0.0	0.0	0.0	0.0	0.5	0.0	0.0	0.3333333333333333	0.25	0.75	0.7916666666666666	0.8947368421052632	1.0	0.7272727272727273	0.875	1.0	1.0	0.8260869565217391	
Gadwall	0.0	0.45454545454545453	0.5555555555555556	0.7368421052631579	0.6666666666666666	0.7	0.6818181818181818	0.6190476190476191	0.5714285714285714	0.5	0.375	0.24	0.5	0.3333333333333333	0.2727272727272727	0.25	0.0	1.0	0.0	0.0	0.0	0.0	0.0	0.0	0.0	0.0	0.0	0.0	0.0	0.0	0.0	0.0	0.0	0.0	0.0	0.0	0.0	0.0	0.0	0.375	0.5416666666666666	0.7368421052631579	0.5714285714285714	0.5454545454545454	0.625	1.0	0.3333333333333333	0.5652173913043478	
American Wigeon	0.0	0.18181818181818182	0.1111111111111111	0.15789473684210525	0.3333333333333333	0.1	0.045454545454545456	0.047619047619047616	0.2857142857142857	0.3333333333333333	0.25	0.16	0.14285714285714285	0.1111111111111111	0.0	0.0	0.0	0.0	0.0	0.0	0.0	0.0	0.0	0.0	0.0	0.0	0.0	0.0	0.0	0.0	0.0	0.0	0.0	0.0	0.0	0.0	0.0	0.0	0.25	0.125	0.125	0.3684210526315789	0.0	0.0	0.125	0.14285714285714285	0.0	0.17391304347826086	
Mallard	0.0	0.0	0.0	0.0	0.0	0.0	0.0	0.0	0.0	0.0	0.0	0.0	0.0	0.0	0.0	0.0	0.0	0.0	0.0	0.0	0.0	0.0	0.0	0.0	0.0	0.0	0.0	0.0	0.0	0.0	0.0	0.0	0.0	0.0	0.0	0.0	0.0	0.0	0.0	0.0	0.0	0.0	0.14285714285714285	0.0	0.0	0.0	0.0	0.0	
Mallard (Domestic type)	0.0	0.0	0.0	0.0	0.0	0.0	0.0	0.047619047619047616	0.0	0.0	0.0	0.0	0.0	0.0	0.09090909090909091	0.0	0.0	0.0	0.0	0.0	0.0	0.0	0.0	0.0	0.0	0.0	0.0	0.0	0.0	0.0	0.0	0.0	0.0	0.0	0.0	0.0	0.0	0.0	0.0	0.0	0.0	0.0	0.0	0.0	0.0	0.0	0.0	0.0	
Mexican Duck	0.25	0.0	0.0	0.0	0.0	0.0	0.0	0.0	0.0	0.08333333333333333	0.0	0.0	0.0	0.0	0.0	0.25	0.0	0.0	0.0	0.0	0.0	0.0	0.0	0.0	0.0	0.0	0.0	0.0	0.0	0.0	0.0	0.0	0.0	0.0	0.0	0.0	0.0	0.3333333333333333	0.0	0.25	0.041666666666666664	0.0	0.0	0.09090909090909091	0.0	0.0	0.0	0.043478260869565216	
Mallard/Mexican Duck	0.0	0.0	0.0	0.0	0.1111111111111111	0.0	0.045454545454545456	0.0	0.0	0.0	0.0	0.04	0.07142857142857142	0.0	0.09090909090909091	0.0	0.0	0.0	0.0	0.0	0.0	0.0	0.0	0.0	0.0	0.0	0.0	0.0	0.0	0.0	0.0	0.0	0.0	0.0	0.5	0.0	0.0	0.0	0.0	0.125	0.041666666666666664	0.05263157894736842	0.0	0.0	0.0	0.0	0.0	0.043478260869565216	
Mottled Duck	0.25	0.36363636363636365	0.5555555555555556	0.47368421052631576	0.7777777777777778	0.35	0.3181818181818182	0.6190476190476191	0.42857142857142855	0.3333333333333333	0.625	0.56	0.5	0.5555555555555556	0.5454545454545454	0.25	0.6666666666666666	1.0	1.0	0.6666666666666666	0.0	0.0	0.6666666666666666	0.0	0.0	0.5	0.0	1.0	0.3333333333333333	0.0	0.0	0.0	0.0	0.0	0.0	0.0	0.0015	0.6666666666666666	1.0	0.5	0.625	0.7368421052631579	0.5714285714285714	0.2727272727272727	0.375	0.8571428571428571	0.3333333333333333	0.30434782608695654	
Mallard x Mottled Duck (hybrid)	0.0	0.0	0.0	0.0	0.0	0.0	0.0	0.0	0.0	0.0	0.0	0.0	0.0	0.0	0.0	0.0	0.0	0.0	0.0	0.0	0.0	0.0	0.0	0.0	0.0	0.0	0.0	0.0	0.0	0.0	0.0	0.0	0.0	0.0	0.0	0.0	0.0	0.0	0.0	0.0	0.0	0.0	0.14285714285714285	0.0	0.0	0.0	0.0	0.0	
Mallard/Mottled Duck	0.0	0.0	0.0	0.0	0.0	0.0	0.0	0.0	0.0	0.0	0.0	0.0	0.0	0.0	0.0	0.0	0.0	0.0	0.0	0.0	0.0	0.0	0.0	0.0	0.0	0.0	0.0	0.0	0.0	0.0	0.0	0.0	0.0	0.0	0.0	0.0	0.0	0.3333333333333333	0.0	0.125	0.0	0.0	0.2857142857142857	0.0	0.0	0.0	0.0	0.0	
Northern Pintail	0.75	0.7272727272727273	0.3333333333333333	0.5789473684210527	0.4444444444444444	0.6	0.36363636363636365	0.3333333333333333	0.42857142857142855	0.08333333333333333	0.0625	0.04	0.14285714285714285	0.0	0.0	0.0	0.0	0.0	0.0	0.0	0.0	0.0	0.0	0.0	0.0	0.0	0.0	0.0	0.0	0.0	0.0	0.0	0.0	0.0	0.0	0.0	0.0	0.3333333333333333	0.25	0.25	0.4166666666666667	0.47368421052631576	0.5714285714285714	0.6363636363636364	0.875	0.8571428571428571	0.6666666666666666	0.5217391304347826	
Green-winged Teal	0.5	0.5454545454545454	0.5555555555555556	0.7368421052631579	0.6666666666666666	0.65	0.5	0.6666666666666666	0.5714285714285714	0.4166666666666667	0.875	0.36	0.21428571428571427	0.1111111111111111	0.0	0.0	0.0	0.0	0.0	0.0	0.0	0.0	0.0	0.0	0.0	0.0	0.0	0.0	0.0	0.0	0.0	0.0	0.0	0.0	0.0	0.0	0.0	0.0	0.5	0.375	0.4166666666666667	0.5789473684210527	0.7142857142857143	0.5454545454545454	0.75	0.5714285714285714	0.0	0.6521739130434783	
dabbling duck sp.	0.0	0.0	0.0	0.0	0.0	0.0	0.0	0.0	0.0	0.0	0.0	0.0	0.0	0.0	0.0	0.0	0.0	0.0	0.0	0.0	0.0	0.0	0.0	0.0	0.0	0.0	0.0	0.0	0.0	0.0	0.0	0.0	0.0	0.0	0.0	0.0	0.0	0.0	0.0	0.125	0.0	0.0	0.0	0.0	0.0	0.0	0.0	0.0	
Canvasback	0.0	0.09090909090909091	0.0	0.05263157894736842	0.0	0.0	0.0	0.0	0.0015	0.0	0.0	0.0	0.0	0.0	0.0	0.0	0.0	0.0	0.0	0.0	0.0	0.0	0.0	0.0	0.0	0.0	0.0	0.0	0.0	0.0	0.0	0.0	0.0	0.0	0.0	0.0	0.0	0.0	0.0	0.0	0.041666666666666664	0.0	0.14285714285714285	0.0015	0.0	0.0	0.0	0.13043478260869565	
Redhead	0.0	0.09090909090909091	0.3333333333333333	0.3684210526315789	0.4444444444444444	0.3	0.22727272727272727	0.23809523809523808	0.0015	0.08333333333333333	0.0625	0.0	0.07142857142857142	0.1111111111111111	0.0	0.25	0.0	0.0	0.0	0.0	0.0	0.0	0.0	0.0	0.0	0.0	0.0	0.0	0.0	0.0	0.0	0.0	0.0	0.0	0.0	0.0	0.0	0.0	0.0	0.0	0.08333333333333333	0.0	0.0	0.0	0.0	0.0	0.0	0.08695652173913043	
Ring-necked Duck	0.25	0.45454545454545453	0.3333333333333333	0.3684210526315789	0.3333333333333333	0.35	0.2727272727272727	0.2857142857142857	0.0	0.08333333333333333	0.0625	0.0	0.0	0.1111111111111111	0.0	0.0	0.0	0.0	0.0	0.0	0.0	0.0	0.0	0.0	0.0	0.0	0.0	0.0	0.0	0.0	0.0	0.0	0.0	0.0	0.0	0.0	0.0	0.0	0.0	0.0	0.4166666666666667	0.42105263157894735	0.7142857142857143	0.45454545454545453	0.25	0.5714285714285714	0.3333333333333333	0.30434782608695654	
Greater Scaup	0.0	0.0	0.0	0.0	0.0	0.0	0.0	0.0	0.14285714285714285	0.0015	0.0	0.0	0.0	0.0	0.0	0.0	0.0	0.0	0.0	0.0	0.0	0.0	0.0	0.0	0.0	0.0	0.0	0.0	0.0	0.0	0.0	0.0	0.0	0.0	0.0	0.0	0.0	0.0	0.0	0.0	0.0	0.0	0.0	0.0	0.0	0.0	0.0	0.0	
Lesser Scaup	0.0	0.09090909090909091	0.2222222222222222	0.3684210526315789	0.3333333333333333	0.0	0.0	0.09523809523809523	0.14285714285714285	0.08333333333333333	0.125	0.0	0.0	0.0	0.0	0.0	0.0015	0.0	0.0	0.0	0.0	0.0	0.0	0.0	0.0	0.0	0.0	0.0	0.0	0.0	0.0	0.0	0.0	0.0	0.0	0.0	0.0	0.0	0.0	0.125	0.041666666666666664	0.10526315789473684	0.2857142857142857	0.0015	0.25	0.0	0.0	0.08695652173913043	
Greater/Lesser Scaup	0.0	0.0	0.0	0.0	0.0	0.0	0.0	0.0	0.0	0.0	0.0625	0.0	0.0	0.0	0.0	0.0	0.0	0.0	0.0	0.0	0.0	0.0	0.0	0.0	0.0	0.0	0.0	0.0	0.0	0.0	0.0	0.0	0.0	0.0	0.0	0.0	0.0	0.0	0.0	0.0	0.0	0.0015	0.0	0.0	0.0	0.0	0.0	0.0	
Bufflehead	0.25	0.09090909090909091	0.1111111111111111	0.3157894736842105	0.2222222222222222	0.15	0.13636363636363635	0.09523809523809523	0.0	0.0	0.0	0.0	0.0	0.0	0.0	0.0	0.0	0.0	0.0	0.0	0.0	0.0	0.0	0.0	0.0	0.0	0.0	0.0	0.0	0.0	0.0	0.0	0.0	0.0	0.0	0.0	0.0	0.0	0.0	0.0	0.0	0.05263157894736842	0.7142857142857143	0.45454545454545453	0.25	0.42857142857142855	0.3333333333333333	0.17391304347826086	
Hooded Merganser	0.0	0.0	0.0	0.0	0.0	0.0	0.0	0.047619047619047616	0.14285714285714285	0.0	0.0625	0.08	0.0	0.0	0.0	0.0	0.0	0.0	0.0	0.0	0.0	0.0	0.0	0.0	0.0	0.0	0.0	0.0	0.0	0.0	0.0	0.0	0.0	0.0	0.0	0.0	0.0	0.0	0.0	0.0	0.0	0.0	0.0	0.0	0.25	0.14285714285714285	0.0	0.043478260869565216	
Ruddy Duck	0.0	0.09090909090909091	0.1111111111111111	0.47368421052631576	0.4444444444444444	0.55	0.5454545454545454	0.5714285714285714	0.42857142857142855	0.16666666666666666	0.25	0.08	0.21428571428571427	0.0	0.2727272727272727	0.25	0.0	0.0	1.0	0.0	0.0	0.0	0.0	0.0	0.0	0.0	0.0	0.0	0.0	0.0	0.0	0.0	0.0	0.0	0.0	0.0	0.0	0.0	0.0	0.125	0.5833333333333334	0.631578947368421	0.5714285714285714	0.36363636363636365	0.625	0.8571428571428571	0.3333333333333333	0.4782608695652174	
duck sp.	0.0	0.0	0.0	0.0	0.1111111111111111	0.0	0.0	0.0	0.14285714285714285	0.0	0.0	0.0	0.0	0.0	0.0	0.0	0.0	0.0	0.0	0.0	0.0	0.0	0.0	0.0	0.0	0.0	0.0	0.0	0.0	0.0	0.0	0.0	0.0	0.0	0.0	0.0	0.0	0.0	0.0	0.0	0.0	0.0	0.14285714285714285	0.0	0.0	0.0	0.0	0.0	
Plain Chachalaca	0.25	0.45454545454545453	0.1111111111111111	0.3684210526315789	0.6666666666666666	0.25	0.22727272727272727	0.19047619047619047	0.2857142857142857	0.25	0.5625	0.44	0.5	0.5555555555555556	0.7272727272727273	0.75	0.3333333333333333	0.5	1.0	0.6666666666666666	1.0	1.0	0.0	0.0	0.0	0.5	0.0	1.0	0.3333333333333333	0.0	0.0	1.0	0.0	0.0	1.0	1.0	0.0	0.6666666666666666	0.75	0.125	0.20833333333333334	0.47368421052631576	0.14285714285714285	0.18181818181818182	0.5	0.0	0.0	0.17391304347826086	
Northern Bobwhite	0.0	0.09090909090909091	0.2222222222222222	0.05263157894736842	0.0	0.0	0.0	0.047619047619047616	0.0015	0.08333333333333333	0.0	0.08	0.0	0.1111111111111111	0.0	0.25	0.3333333333333333	0.0	1.0	0.0	0.0	0.0	0.3333333333333333	0.0	0.0	0.0	0.0	0.0	0.0	0.0	0.0	0.0	0.0	0.0	0.0	0.0	0.0	0.0	0.0	0.0	0.041666666666666664	0.0	0.14285714285714285	0.0	0.0	0.0	0.0	0.043478260869565216	
Least Grebe	0.25	0.18181818181818182	0.4444444444444444	0.631578947368421	0.6666666666666666	0.55	0.5909090909090909	0.6190476190476191	0.2857142857142857	0.5	0.5	0.32	0.42857142857142855	0.1111111111111111	0.5454545454545454	0.25	0.6666666666666666	0.0	0.0	0.0	0.0	0.0	0.6666666666666666	0.0	0.0	0.5	0.0	1.0	0.3333333333333333	0.0	0.0	0.0	0.0	0.0	1.0	0.0	0.0	1.0	1.0	0.375	0.5	0.47368421052631576	0.5714285714285714	0.6363636363636364	0.25	0.5714285714285714	0.3333333333333333	0.6956521739130435	
Pied-billed Grebe	0.25	0.18181818181818182	0.4444444444444444	0.5263157894736842	0.7777777777777778	0.65	0.5909090909090909	0.7142857142857143	0.7142857142857143	0.5833333333333334	0.6875	0.48	0.21428571428571427	0.2222222222222222	0.45454545454545453	0.25	0.6666666666666666	0.5	0.0	0.0	0.5	0.0	0.3333333333333333	0.0	0.0	0.0	1.0	1.0	0.6666666666666666	0.0	0.0	0.0	0.0	0.0	0.5	0.0	0.0	1.0	1.0	0.75	0.7916666666666666	0.5263157894736842	0.5714285714285714	0.6363636363636364	0.625	1.0	0.3333333333333333	0.6086956521739131	
Eared Grebe	0.0	0.09090909090909091	0.0	0.15789473684210525	0.4444444444444444	0.3	0.22727272727272727	0.14285714285714285	0.14285714285714285	0.0	0.0	0.0	0.0	0.0	0.0	0.0	0.0	0.0	0.0	0.0	0.0	0.0	0.0	0.0	0.0	0.0	0.0	0.0	0.0	0.0	0.0	0.0	0.0	0.0	0.0	0.0	0.0	0.0	0.0	0.0	0.0	0.0	0.0	0.0	0.0	0.2857142857142857	0.0	0.13043478260869565	
Rock Pigeon	0.0	0.09090909090909091	0.1111111111111111	0.05263157894736842	0.0	0.05	0.045454545454545456	0.047619047619047616	0.0	0.08333333333333333	0.0	0.08	0.0	0.0	0.09090909090909091	0.0	0.0	0.0	0.0	0.0	0.0	0.0	0.3333333333333333	0.0	0.0	0.0	0.0	0.0	0.0	0.0	0.0	0.0	0.0	0.0	0.0	0.0	0.0	0.0	0.0	0.125	0.08333333333333333	0.15789473684210525	0.14285714285714285	0.0	0.25	0.0	0.0	0.043478260869565216	
Eurasian Collared-Dove	0.0	0.0	0.0	0.0	0.0	0.0	0.0	0.0	0.0	0.0	0.0	0.04	0.0	0.0	0.09090909090909091	0.0	0.3333333333333333	0.0	0.0	0.0	0.0	0.0	0.0	0.0	0.0	0.0	0.0	0.0	0.0	0.0	0.0	0.0	0.0	0.0	0.5	0.0	0.0	0.0	0.0	0.0	0.0	0.21052631578947367	0.0	0.0	0.0	0.0	0.3333333333333333	0.043478260869565216	
Inca Dove	0.0	0.09090909090909091	0.1111111111111111	0.10526315789473684	0.3333333333333333	0.15	0.09090909090909091	0.047619047619047616	0.2857142857142857	0.3333333333333333	0.3125	0.12	0.14285714285714285	0.1111111111111111	0.18181818181818182	0.75	0.0	0.5	1.0	1.0	0.5	1.0	0.6666666666666666	0.0	0.0	0.0	0.0	0.0	0.3333333333333333	0.0	0.0	0.0	0.0	0.0	1.0	0.0	0.0	0.0	0.0	0.0	0.2916666666666667	0.3157894736842105	0.42857142857142855	0.6363636363636364	0.25	0.0	0.3333333333333333	0.21739130434782608	
Common Ground-Dove	0.25	0.2727272727272727	0.0	0.10526315789473684	0.0	0.0	0.045454545454545456	0.09523809523809523	0.14285714285714285	0.0	0.0	0.12	0.0	0.2222222222222222	0.0	0.25	0.6666666666666666	1.0	1.0	0.3333333333333333	1.0	0.0	0.3333333333333333	0.0	0.0	0.5	1.0	1.0	0.6666666666666666	0.0	0.0	0.0	0.0	0.0	0.5	0.0	0.0	0.0	0.0	0.375	0.25	0.15789473684210525	0.2857142857142857	0.18181818181818182	0.25	0.2857142857142857	0.3333333333333333	0.0	
White-tipped Dove	0.25	0.36363636363636365	0.1111111111111111	0.15789473684210525	0.8888888888888888	0.15	0.09090909090909091	0.2857142857142857	0.2857142857142857	0.25	0.5	0.32	0.35714285714285715	0.6666666666666666	0.5454545454545454	0.0	0.6666666666666666	0.5	1.0	0.6666666666666666	1.0	0.0	0.3333333333333333	0.0	0.0	0.5	1.0	1.0	0.3333333333333333	0.0	0.0	0.0	0.0	0.0	0.5	0.0	0.0	0.0	0.0	0.125	0.08333333333333333	0.3157894736842105	0.2857142857142857	0.0015	0.25	0.2857142857142857	0.3333333333333333	0.13043478260869565	
White-winged Dove	0.0	0.0	0.0	0.0	0.1111111111111111	0.15	0.0	0.0	0.0015	0.25	0.125	0.24	0.5	0.8888888888888888	0.6363636363636364	0.75	1.0	1.0	1.0	1.0	1.0	1.0	0.6666666666666666	0.0	0.0	0.5	1.0	1.0	0.6666666666666666	0.0	0.0	1.0	0.0	0.0	1.0	1.0	0.0	0.3333333333333333	0.75	0.0	0.125	0.05263157894736842	0.2857142857142857	0.0015	0.125	0.0	0.0	0.08695652173913043	
Mourning Dove	0.25	0.36363636363636365	0.3333333333333333	0.21052631578947367	0.3333333333333333	0.1	0.18181818181818182	0.0	0.42857142857142855	0.16666666666666666	0.3125	0.28	0.5714285714285714	0.3333333333333333	0.36363636363636365	0.25	0.6666666666666666	1.0	1.0	1.0	0.5	0.0	0.6666666666666666	0.0	0.0	0.5	1.0	1.0	0.3333333333333333	0.0	0.0	0.0	0.0	0.0	0.5	1.0	0.0	1.0	0.25	0.25	0.4583333333333333	0.5263157894736842	0.42857142857142855	0.18181818181818182	0.125	0.14285714285714285	0.3333333333333333	0.2608695652173913	
Groove-billed Ani	0.0	0.18181818181818182	0.1111111111111111	0.10526315789473684	0.1111111111111111	0.25	0.0	0.0	0.0	0.0	0.0	0.0	0.0	0.1111111111111111	0.09090909090909091	0.0	0.0015	0.0	1.0	1.0	1.0	1.0	0.3333333333333333	0.0	0.0	1.0	1.0	1.0	1.0	0.0	0.0	1.0	0.0	0.0	0.5	1.0	0.0015	0.0	0.25	0.0	0.0	0.0	0.0	0.0	0.125	0.0	0.0	0.043478260869565216	
Greater Roadrunner	0.0	0.0	0.0	0.0	0.1111111111111111	0.0	0.045454545454545456	0.047619047619047616	0.0	0.08333333333333333	0.0625	0.04	0.0	0.0	0.09090909090909091	0.0	0.0	0.5	0.0	0.3333333333333333	0.5	0.0	0.0	0.0	0.0	0.0	0.0	1.0	0.0	0.0	0.0	0.0	0.0	0.0	0.0	0.0	0.0	0.0	0.0	0.0	0.0	0.0	0.0	0.0	0.0	0.14285714285714285	0.0	0.0	
Yellow-billed Cuckoo	0.0	0.0	0.0	0.0	0.0	0.0	0.0	0.0	0.0	0.0	0.0	0.0	0.0	0.0	0.09090909090909091	0.0	0.3333333333333333	1.0	1.0	1.0	0.5	1.0	1.0	0.0	0.0	1.0	1.0	1.0	0.6666666666666666	0.0	0.0	0.0	0.0	0.0	0.0	0.0	0.0	0.0	0.0	0.0	0.0	0.0	0.0	0.0	0.0	0.0	0.0	0.0	
Black-billed Cuckoo	0.0	0.0	0.0	0.0	0.0	0.0	0.0	0.0	0.0	0.0	0.0	0.0	0.0	0.0	0.0	0.0	0.3333333333333333	0.0	0.0	0.0	0.0	0.0	0.0	0.0	0.0	0.0	0.0	0.0	0.0	0.0	0.0	0.0	0.0	0.0	0.0	0.0	0.0	0.0	0.0	0.0	0.0	0.0	0.0	0.0	0.0	0.0	0.0	0.0	
Lesser Nighthawk	0.0	0.0	0.0	0.0	0.0	0.0	0.0	0.0	0.0	0.0	0.0	0.0	0.0	0.0	0.09090909090909091	0.0	0.0	0.0	0.0	0.0	0.0	0.0	0.0	0.0	0.0	0.0	0.0	0.0	0.0	0.0	0.0	0.0	0.0	0.0	0.0	0.0	0.0	0.0	0.0	0.0	0.0	0.0	0.0	0.0	0.0	0.0	0.0	0.0	
Common Nighthawk	0.0	0.0	0.0	0.0	0.0	0.0	0.0	0.0	0.0	0.0	0.0	0.0	0.0	0.0	0.0	0.0	0.0	0.5	0.0	0.0	0.0	0.0	0.0	0.0	0.0	0.0	0.0	0.0	0.0	0.0	0.0	0.0	0.0	0.0	0.0	0.0	0.0	0.0	0.0	0.0	0.0	0.0	0.0	0.0	0.0	0.0	0.0	0.0	
Common Pauraque	0.0	0.0015	0.0	0.10526315789473684	0.1111111111111111	0.05	0.09090909090909091	0.0	0.0	0.0	0.0625	0.12	0.14285714285714285	0.0	0.09090909090909091	0.0	0.0	0.0	0.0	0.3333333333333333	0.0	0.0	0.0	0.0	0.0	0.0	0.0	0.0	0.0	0.0	0.0	0.0	0.0	0.0	0.0	0.0	0.0	0.0	0.0	0.0	0.0015	0.10526315789473684	0.0	0.18181818181818182	0.125	0.2857142857142857	0.3333333333333333	0.043478260869565216	
Chuck-will's-widow	0.0	0.0	0.0	0.0	0.0	0.0	0.0	0.0	0.0	0.0	0.0	0.0	0.0	0.0	0.09090909090909091	0.0	0.0	0.0	0.0	0.0	0.0	0.0	0.0	0.0	0.0	0.0	0.0	0.0	0.0	0.0	0.0	0.0	0.0	0.0	0.0	0.0	0.0	0.0	0.0	0.0	0.0	0.0	0.0	0.0	0.0	0.0	0.0	0.0	
Chimney Swift	0.0	0.0	0.0	0.0	0.0	0.0	0.0	0.0	0.0	0.0	0.0	0.0	0.14285714285714285	0.1111111111111111	0.0	0.0	0.3333333333333333	0.0	0.0	0.0	0.0	0.0	0.0	0.0	0.0	0.0	0.0	0.0	0.0	0.0	0.0	0.0	0.0	0.0	0.0	0.0	0.0	0.0	0.0	0.0	0.0	0.0	0.0	0.0	0.0	0.0	0.0	0.0	
Ruby-throated Hummingbird	0.0	0.0	0.0	0.0015	0.0	0.0	0.0	0.0	0.0	0.0	0.0625	0.0	0.07142857142857142	0.0	0.09090909090909091	0.0	0.3333333333333333	0.0	0.0	0.0	0.0	0.0	0.0	0.0	0.0	0.0	0.0	0.0	0.0	0.0	0.0	0.0	0.0	0.0	0.0	1.0	0.0	0.0	0.25	0.0	0.041666666666666664	0.0	0.0	0.0	0.0	0.0	0.0	0.0	
Black-chinned Hummingbird	0.0	0.0	0.0	0.0	0.0	0.0	0.0	0.047619047619047616	0.0	0.0	0.0625	0.0	0.0	0.1111111111111111	0.0	0.0	0.0	0.0	0.0	0.0	0.0	0.0	0.0	0.0	0.0	0.0	0.0	0.0	0.0	0.0	0.0	0.0	0.0	0.0	0.0	0.0	0.0	0.0	0.0	0.0	0.0	0.0	0.0	0.0	0.0	0.0	0.0	0.0	
Ruby-throated/Black-chinned Hummingbird	0.0	0.0	0.0	0.05263157894736842	0.0	0.0	0.0	0.0	0.0	0.0	0.0	0.0	0.0	0.0	0.0	0.0	0.0	0.0	0.0	0.0	0.0	0.0	0.0	0.0	0.0	0.0	0.0	0.0	0.0	0.0	0.0	0.0	0.0	0.0	0.0	0.0	0.0	0.0	0.0	0.0	0.0	0.05263157894736842	0.0	0.0	0.125	0.0	0.3333333333333333	0.0	
Buff-bellied Hummingbird	0.0	0.0015	0.0	0.0015	0.1111111111111111	0.0	0.0	0.0	0.0	0.0	0.0625	0.0	0.07142857142857142	0.3333333333333333	0.2727272727272727	0.25	0.3333333333333333	0.0	0.0	0.3333333333333333	0.0	1.0	0.0	0.0	0.0	0.5	0.0	1.0	0.6666666666666666	0.0	0.0	0.0	0.0	0.0	0.5	0.0	0.0	0.0	0.0	0.0	0.0015	0.15789473684210525	0.0	0.0	0.0	0.2857142857142857	0.0	0.043478260869565216	
hummingbird sp.	0.0	0.0	0.0	0.0	0.0	0.0	0.0	0.0	0.0	0.0	0.0625	0.0	0.07142857142857142	0.0	0.0	0.0	0.0	0.0	0.0	0.0	0.0	0.0	0.0	0.0	0.0	0.0	0.0	0.0	0.0	0.0	0.0	0.0	0.0	0.0	0.0	0.0	0.0	0.0	0.0	0.0	0.0	0.0	0.0	0.0	0.0	0.0	0.0	0.0	
King Rail	0.0	0.0	0.0	0.0	0.0	0.0	0.0	0.0	0.0	0.0	0.0	0.0	0.0	0.0	0.0	0.0	0.0	0.0	0.0	0.0	0.0	0.0	0.0	0.0	0.0	0.0	0.0	0.0	0.0	0.0	0.0	0.0	0.0	0.0	0.5	0.0	0.0	0.0	0.0	0.0	0.0	0.0	0.0	0.0	0.0	0.0	0.0	0.0	
Virginia Rail	0.0	0.0	0.0	0.0	0.0	0.1	0.09090909090909091	0.14285714285714285	0.0	0.08333333333333333	0.375	0.08	0.07142857142857142	0.0	0.0	0.0	0.0	0.0	0.0	0.0	0.0	0.0	0.0	0.0	0.0	0.0	0.0	0.0	0.0	0.0	0.0	0.0	0.0	0.0	0.0	0.0	0.0	0.3333333333333333	0.25	0.0	0.041666666666666664	0.0	0.0	0.0	0.0	0.0	0.0	0.13043478260869565	
Sora	0.0	0.0	0.0	0.10526315789473684	0.2222222222222222	0.55	0.2727272727272727	0.3333333333333333	0.2857142857142857	0.16666666666666666	0.375	0.12	0.07142857142857142	0.1111111111111111	0.2727272727272727	0.25	0.0	0.0	0.0	0.0	0.0	0.0	0.0	0.0	0.0	0.0	0.0	0.0	0.0	0.0	0.0	0.0	0.0	0.0	0.0	0.0	1.0	0.3333333333333333	0.75	0.375	0.16666666666666666	0.15789473684210525	0.0	0.2727272727272727	0.125	0.42857142857142855	0.3333333333333333	0.34782608695652173	
Common Gallinule	0.0	0.0	0.1111111111111111	0.05263157894736842	0.2222222222222222	0.05	0.4090909090909091	0.3333333333333333	0.42857142857142855	0.25	0.0	0.28	0.2857142857142857	0.2222222222222222	0.2727272727272727	0.25	0.3333333333333333	0.5	1.0	0.6666666666666666	0.0	0.0	0.3333333333333333	0.0	0.0	1.0	1.0	1.0	0.0	0.0	0.0	0.0	0.0	0.0	0.0	0.0	0.0	0.6666666666666666	0.25	0.5	0.20833333333333334	0.05263157894736842	0.0	0.0	0.125	0.0	0.0	0.21739130434782608	
American Coot	0.5	0.36363636363636365	0.5555555555555556	0.631578947368421	0.8888888888888888	0.9	0.7727272727272727	0.6666666666666666	0.7142857142857143	0.6666666666666666	0.6875	0.48	0.7142857142857143	0.5555555555555556	0.9090909090909091	1.0	0.6666666666666666	0.5	1.0	0.6666666666666666	0.5	0.0	0.3333333333333333	0.0	0.0	0.0	1.0	0.0015	0.3333333333333333	0.0	0.0	0.0	0.0	0.0	0.5	0.0	0.0015	1.0	0.25	0.875	0.7916666666666666	0.7368421052631579	0.8571428571428571	0.9090909090909091	0.875	0.7142857142857143	0.6666666666666666	0.8260869565217391	
rail/crake sp.	0.0	0.0	0.0	0.0	0.0	0.0	0.0	0.0	0.0	0.0	0.0	0.0	0.0	0.0	0.0	0.0	0.0	0.0	0.0	0.0	0.0	0.0	0.0	0.0	0.0	0.0	0.0	0.0	0.0	0.0	0.0	0.0	0.0	0.0	0.0	0.0	0.0	0.0	0.0	0.0	0.0	0.0	0.14285714285714285	0.0	0.0	0.0	0.0	0.0	
Sandhill Crane	0.0	0.0	0.0	0.0	0.0	0.0	0.0	0.0	0.2857142857142857	0.0	0.0	0.0	0.0	0.0	0.0	0.0	0.0	0.0	0.0	0.0	0.0	0.0	0.0	0.0	0.0	0.0	0.0	0.0	0.0	0.0	0.0	0.0	0.0	0.0	0.0	0.0	0.0	0.0	0.0	0.0	0.0	0.0	0.0	0.0	0.0	0.0	0.0	0.0	
Black-necked Stilt	0.75	0.5454545454545454	0.6666666666666666	0.631578947368421	0.8888888888888888	0.9	0.7272727272727273	0.8095238095238095	0.8571428571428571	0.9166666666666666	1.0	0.76	0.7142857142857143	1.0	0.7272727272727273	1.0	1.0	1.0	1.0	0.3333333333333333	0.0	0.0	0.6666666666666666	0.0	0.0	0.5	0.0	1.0	0.3333333333333333	0.0	0.0	0.0	0.0	0.0	1.0	1.0	0.0	0.3333333333333333	1.0	1.0	0.5833333333333334	0.47368421052631576	0.8571428571428571	0.7272727272727273	0.75	0.7142857142857143	0.6666666666666666	0.9130434782608695	
American Avocet	0.25	0.45454545454545453	0.0	0.05263157894736842	0.0	0.05	0.0	0.0	0.0	0.16666666666666666	0.4375	0.16	0.14285714285714285	0.2222222222222222	0.09090909090909091	0.0	0.3333333333333333	0.0	0.0	0.0	0.0	0.0	0.0	0.0	0.0	0.0	0.0	0.0	0.0	0.0	0.0	0.0	0.0	0.0	0.0	0.0	0.0	0.0	1.0	0.375	0.08333333333333333	0.0	0.0	0.0	0.0	0.0	0.0	0.2608695652173913	
American Golden-Plover	0.0	0.0	0.0	0.0	0.0	0.0	0.0	0.0	0.14285714285714285	0.0	0.0	0.0	0.07142857142857142	0.1111111111111111	0.0	0.0	0.0	0.0	0.0	0.0	0.0	0.0	0.0	0.0	0.0	0.0	0.0	0.0	0.0	0.0	0.0	0.0	0.0	0.0	0.0	0.0	0.0	0.0	0.0	0.0	0.0	0.0	0.0	0.0	0.0	0.0	0.0	0.0	
Killdeer	0.75	0.09090909090909091	0.2222222222222222	0.5789473684210527	0.5555555555555556	0.55	0.3181818181818182	0.3333333333333333	0.7142857142857143	0.3333333333333333	0.5	0.36	0.14285714285714285	0.6666666666666666	0.2727272727272727	0.5	0.6666666666666666	0.0	0.0	0.6666666666666666	0.0	0.0	0.6666666666666666	0.0	0.0	0.5	1.0	1.0	0.6666666666666666	0.0	0.0	0.0	0.0	0.0	1.0	1.0	0.0	0.0	0.25	0.375	0.5416666666666666	0.5789473684210527	0.5714285714285714	0.09090909090909091	0.5	0.5714285714285714	0.3333333333333333	0.4782608695652174	
Northern Jacana	0.0	0.0	0.0	0.0	0.1111111111111111	0.2	0.36363636363636365	0.5238095238095238	0.14285714285714285	0.3333333333333333	0.0	0.0	0.0015	0.0	0.0	0.0	0.0	0.0	0.0	0.0	0.0	0.0	0.0	0.0	0.0	0.0	0.0	0.0	0.0	0.0	0.0	0.0	0.0	0.0	0.0	0.0	0.0	0.3333333333333333	0.75	0.0	0.041666666666666664	0.0	0.0	0.0	0.0	0.0	0.0	0.043478260869565216	
Long-billed Curlew	0.0	0.0	0.0	0.0	0.0	0.0	0.0	0.0	0.14285714285714285	0.0	0.0	0.0	0.0	0.0	0.0	0.0	0.0015	0.0	0.0	0.0	0.0	0.0	0.0	0.0	0.0	0.0	0.0	0.0	0.0	0.0	0.0	0.0	0.0	0.0	0.0	0.0	0.0	0.0	0.0	0.0	0.0	0.10526315789473684	0.0	0.0	0.0015	0.0	0.0	0.043478260869565216	
Hudsonian Godwit	0.0	0.0	0.0	0.0	0.0	0.0	0.0	0.0	0.0	0.0	0.0	0.0	0.0	0.0	0.0	0.0	0.3333333333333333	0.0	0.0	0.0	0.0	0.0	0.0	0.0	0.0	0.0	0.0	0.0	0.0	0.0	0.0	0.0	0.0	0.0	0.0	0.0	0.0	0.0	0.0	0.0	0.0	0.0	0.0	0.0	0.0	0.0	0.0	0.0	
Stilt Sandpiper	0.0	0.18181818181818182	0.0	0.0	0.0	0.15	0.18181818181818182	0.23809523809523808	0.14285714285714285	0.4166666666666667	0.25	0.16	0.21428571428571427	0.1111111111111111	0.09090909090909091	0.0	1.0	0.5	0.0	0.0	0.0	0.0	0.0	0.0	0.0	0.0	0.0	0.0015	0.0	0.0	0.0	0.0	0.0	0.0	0.0	0.0	0.0	0.0	0.25	0.25	0.125	0.0	0.14285714285714285	0.0	0.0	0.14285714285714285	0.0	0.2608695652173913	
Dunlin	0.0	0.0	0.0	0.0	0.0	0.0	0.0	0.0	0.0	0.0	0.0	0.0	0.0	0.0	0.0	0.0	0.0	0.0	0.0	0.0	0.0	0.0	0.0	0.0	0.0	0.0	0.0	0.0	0.0	0.0	0.0	0.0	0.0	0.0	0.0	0.0	0.0	0.0	0.0	0.0	0.0	0.05263157894736842	0.0	0.0	0.0	0.0	0.0	0.0	
Baird's Sandpiper	0.0	0.0	0.0	0.0	0.0	0.0	0.0	0.0	0.0	0.0	0.0	0.0	0.0	0.0	0.0	0.0	0.3333333333333333	0.0	0.0	0.0	0.0	0.0	0.0	0.0	0.0	0.0	0.0	0.0	0.0	0.0	0.0	0.0	0.0	0.0	0.0	0.0	0.0	0.0	0.0	0.0	0.0	0.0	0.0	0.0	0.0	0.0	0.0	0.0	
Least Sandpiper	0.5	0.6363636363636364	0.2222222222222222	0.5789473684210527	0.2222222222222222	0.3	0.22727272727272727	0.47619047619047616	0.42857142857142855	0.5833333333333334	0.3125	0.2	0.07142857142857142	0.3333333333333333	0.2727272727272727	0.25	1.0	0.0	0.0	0.0	0.0	0.0	0.0	0.0	0.0	0.0	0.0	1.0	0.0	0.0	0.0	0.0	0.0	0.0	0.5	1.0	0.0	0.3333333333333333	0.75	0.5	0.375	0.3157894736842105	0.42857142857142855	0.36363636363636365	0.5	0.14285714285714285	0.6666666666666666	0.34782608695652173	
White-rumped Sandpiper	0.0	0.0	0.0	0.0	0.0	0.0	0.0	0.0	0.0	0.0	0.0	0.0	0.0	0.0	0.0	0.0	0.6666666666666666	0.0	0.0	0.0	0.0	0.0	0.0	0.0	0.0	0.0	0.0	0.0	0.0	0.0	0.0	0.0	0.0	0.0	0.0	0.0	0.0	0.0	0.0	0.0	0.0	0.0	0.0	0.0	0.0	0.0	0.0	0.0	
Pectoral Sandpiper	0.0	0.0	0.0	0.0	0.0	0.0	0.0	0.0	0.14285714285714285	0.0	0.1875	0.12	0.14285714285714285	0.0	0.0	0.0	1.0	0.5	0.0	0.0	0.0	0.0	0.0	0.0	0.0	0.0	0.0	0.0	0.0	0.0	0.0	0.0	0.0	0.0	0.0	0.0	0.0	0.0	0.0	0.0	0.0	0.0	0.0	0.0	0.0	0.0	0.0	0.0	
Semipalmated Sandpiper	0.0	0.0	0.0	0.0	0.0	0.0	0.0	0.0	0.0	0.0	0.0	0.0	0.07142857142857142	0.0	0.0	0.25	0.3333333333333333	0.0	0.0	0.0	0.0	0.0	0.0	0.0	0.0	0.0	0.0	0.0	0.0	0.0	0.0	0.0	0.0	0.0	0.0	0.0	0.0	0.0	0.0	0.125	0.0	0.0	0.0	0.0	0.0	0.0	0.0	0.0	
Western Sandpiper	0.0	0.0	0.0	0.0	0.0	0.0	0.0	0.0	0.0	0.0	0.0	0.0	0.07142857142857142	0.0	0.0	0.0	0.0	0.0	0.0	0.0	0.0	0.0	0.0	0.0	0.0	0.0	0.0	0.0	0.0	0.0	0.0	0.0	0.0	0.0	0.5	0.0	0.0	0.0	0.0	0.125	0.0	0.05263157894736842	0.14285714285714285	0.0015	0.0	0.0	0.0	0.0	
peep sp.	0.0	0.0	0.0	0.0	0.1111111111111111	0.0	0.0	0.09523809523809523	0.0	0.0	0.3125	0.04	0.07142857142857142	0.0	0.0	0.0	0.3333333333333333	0.0	0.0	0.0	0.0	0.0	0.0	0.0	0.0	0.0	0.0	0.0	0.0	0.0	0.0	0.0	0.0	0.0	0.5	0.0	0.0	0.0	0.0	0.0	0.125	0.05263157894736842	0.14285714285714285	0.0	0.0	0.0	0.0	0.0	
Short-billed Dowitcher	0.0	0.0	0.0	0.0	0.0	0.0	0.0	0.0	0.0	0.0	0.0	0.0	0.0	0.0	0.09090909090909091	0.25	0.0	0.0	0.0	0.0	0.0	0.0	0.0	0.0	0.0	0.0	0.0	0.0	0.0	0.0	0.0	0.0	0.0	0.0	0.0	0.0	0.0	0.0	0.0	0.0	0.0	0.05263157894736842	0.0	0.0	0.0	0.0	0.0	0.0	
Long-billed Dowitcher	0.75	0.36363636363636365	0.1111111111111111	0.2631578947368421	0.4444444444444444	0.65	0.4090909090909091	0.6190476190476191	0.42857142857142855	0.4166666666666667	0.4375	0.24	0.21428571428571427	0.3333333333333333	0.2727272727272727	0.5	1.0	0.0	0.0	0.0	0.0	0.0	0.0	0.0	0.0	0.0	0.0	0.0	0.0	0.0	0.0	0.0	0.0	0.0	0.5	0.0	0.0	0.0	1.0	0.25	0.2916666666666667	0.2631578947368421	0.2857142857142857	0.18181818181818182	0.125	0.2857142857142857	0.3333333333333333	0.5217391304347826	
Short-billed/Long-billed Dowitcher	0.0	0.09090909090909091	0.0	0.0	0.0	0.0	0.0	0.09523809523809523	0.0	0.16666666666666666	0.1875	0.08	0.07142857142857142	0.0	0.0015	0.0	0.0	0.0	0.0	0.0	0.0	0.0	0.0	0.0	0.0	0.0	0.0	0.0	0.0	0.0	0.0	0.0	0.0	0.0	0.0	0.0	0.0	0.3333333333333333	0.0	0.25	0.08333333333333333	0.0	0.0	0.0	0.0	0.0	0.0	0.13043478260869565	
Wilson's Snipe	0.25	0.36363636363636365	0.0	0.2631578947368421	0.5555555555555556	0.6	0.22727272727272727	0.047619047619047616	0.2857142857142857	0.16666666666666666	0.375	0.12	0.0	0.2222222222222222	0.0	0.0	0.0	0.0	0.0	0.0	0.0	0.0	0.0	0.0	0.0	0.0	0.0	0.0	0.0	0.0	0.0	0.0	0.0	0.0	0.0	0.0	0.0	0.3333333333333333	0.0	0.375	0.375	0.3157894736842105	0.42857142857142855	0.18181818181818182	0.25	0.5714285714285714	0.3333333333333333	0.34782608695652173	
Wilson's Phalarope	0.0	0.18181818181818182	0.1111111111111111	0.10526315789473684	0.0	0.0	0.0	0.0	0.0	0.0	0.0	0.08	0.0	0.0	0.0	0.0	0.3333333333333333	0.5	0.0	0.0	0.0	0.0	0.0	0.0	0.0	0.0	0.0	0.0	0.0	0.0	0.0	0.0	0.0	0.0	0.0	0.0	0.0	0.0	0.0	0.0	0.041666666666666664	0.0	0.0	0.0	0.0015	0.0	0.0	0.0	
Spotted Sandpiper	0.25	0.18181818181818182	0.2222222222222222	0.42105263157894735	0.1111111111111111	0.25	0.045454545454545456	0.23809523809523808	0.2857142857142857	0.08333333333333333	0.375	0.04	0.21428571428571427	0.5555555555555556	0.09090909090909091	0.25	0.3333333333333333	0.5	0.0	0.0	0.0	0.0	0.0	0.0	0.0	0.0	1.0	0.0	0.0	0.0	0.0	0.0	0.0	0.0	0.5	0.0	0.0	0.0	0.0	0.375	0.08333333333333333	0.21052631578947367	0.14285714285714285	0.36363636363636365	0.125	0.14285714285714285	0.0	0.13043478260869565	
Solitary Sandpiper	0.0	0.09090909090909091	0.0	0.0015	0.2222222222222222	0.05	0.0	0.047619047619047616	0.0	0.16666666666666666	0.25	0.16	0.0	0.2222222222222222	0.0	0.25	0.3333333333333333	0.5	0.0	0.0	0.0	0.0	0.0	0.0	0.0	0.0	0.0	0.0	0.0	0.0	0.0	0.0	0.0	0.0	0.5	0.0	0.0	0.0	0.0	0.0	0.041666666666666664	0.10526315789473684	0.0	0.0	0.0	0.2857142857142857	0.3333333333333333	0.17391304347826086	
Greater Yellowlegs	0.5	0.36363636363636365	0.3333333333333333	0.631578947368421	0.4444444444444444	0.55	0.5909090909090909	0.5714285714285714	0.5714285714285714	0.75	0.625	0.56	0.35714285714285715	0.4444444444444444	0.18181818181818182	0.5	0.6666666666666666	0.0	0.0	0.0	0.0	0.0	0.0	0.0	0.0	0.0	0.0	0.0	0.0	0.0	0.0	0.0	0.0	0.0	0.5	1.0	0.0	0.0	0.75	0.5	0.5	0.631578947368421	0.42857142857142855	0.2727272727272727	0.25	0.5714285714285714	0.6666666666666666	0.6086956521739131	
Lesser Yellowlegs	0.5	0.2727272727272727	0.1111111111111111	0.5789473684210527	0.4444444444444444	0.6	0.36363636363636365	0.23809523809523808	0.42857142857142855	0.3333333333333333	0.5625	0.4	0.35714285714285715	0.4444444444444444	0.45454545454545453	0.5	0.6666666666666666	1.0	0.0	0.0	0.0	0.0	0.0	0.0	0.0	0.0	0.0	0.0	0.0	0.0	0.0	0.0	0.0	0.0	0.0	0.0	0.0	0.0	0.0	0.125	0.2916666666666667	0.21052631578947367	0.42857142857142855	0.18181818181818182	0.25	0.5714285714285714	0.3333333333333333	0.43478260869565216	
Greater/Lesser Yellowlegs	0.0	0.0	0.2222222222222222	0.05263157894736842	0.1111111111111111	0.15	0.0	0.09523809523809523	0.0	0.08333333333333333	0.0	0.08	0.0	0.0	0.0	0.0	0.0	0.0	0.0	0.0	0.0	0.0	0.0	0.0	0.0	0.0	0.0	0.0	0.0	0.0	0.0	0.0	0.0	0.0	0.0	0.0	0.0	0.0	0.0	0.0	0.041666666666666664	0.0	0.0	0.0	0.0	0.0	0.0	0.08695652173913043	
shorebird sp.	0.0	0.0	0.0	0.0	0.1111111111111111	0.0	0.0	0.0	0.0	0.0	0.0	0.08	0.0	0.0	0.09090909090909091	0.0	0.3333333333333333	0.0	0.0	0.0	0.0	0.0	0.0	0.0	0.0	0.0	0.0	0.0	0.0	0.0	0.0	0.0	0.0	0.0	0.0	0.0	0.0	0.0	0.0	0.0	0.0	0.0	0.14285714285714285	0.0	0.0	0.0	0.0	0.0	
Laughing Gull	0.0	0.0	0.0	0.0	0.0	0.0015	0.0	0.0	0.0	0.0	0.0	0.04	0.0	0.0	0.18181818181818182	0.0	0.6666666666666666	0.0	0.0	0.0	0.0	0.0	0.0	0.0	0.0	0.0	0.0	0.0	0.0	0.0	0.0	0.0	0.0	0.0	0.0	0.0	0.0	0.0	0.0	0.0	0.0	0.15789473684210525	0.0	0.0	0.0	0.0	0.0	0.0	
Ring-billed Gull	0.0	0.0	0.0	0.0015	0.0	0.0	0.0	0.0	0.0	0.08333333333333333	0.0	0.0	0.0	0.0	0.0	0.0	0.0	0.0	0.0	0.0	0.0	0.0	0.0	0.0	0.0	0.0	0.0	0.0	0.0	0.0	0.0	0.0	0.0	0.0	0.0	0.0	0.0	0.0	0.0	0.0	0.0	0.0	0.0	0.0	0.0	0.0	0.0	0.0	
Least Tern	0.0	0.0	0.0	0.0	0.0	0.0	0.0	0.0	0.0	0.0	0.0	0.0	0.0	0.0	0.09090909090909091	0.0	0.0015	0.0	0.0	0.0	0.0	0.0	0.0	0.0	0.0	0.0	0.0	0.0	0.0	0.0	0.0	0.0	0.0	0.0	0.0	0.0	0.0	0.0	0.0	0.0	0.0	0.0	0.0	0.0	0.0	0.0	0.0	0.0	
Gull-billed Tern	0.0	0.0	0.0	0.0	0.0	0.0	0.0	0.0	0.0	0.0	0.0	0.08	0.07142857142857142	0.4444444444444444	0.2727272727272727	0.25	1.0	0.0	0.0	0.0	0.0	0.0	0.0	0.0	0.0	0.0	0.0	0.0	0.0	0.0	0.0	0.0	0.0	0.0	0.0	0.0	0.0	0.0	0.0	0.0	0.0	0.0	0.0	0.0	0.0	0.0	0.0	0.0	
Caspian Tern	0.0	0.0	0.0	0.0	0.0	0.0	0.0	0.0	0.0	0.0	0.0	0.04	0.0	0.0	0.0	0.0	0.0	0.0	0.0	0.3333333333333333	0.0	0.0	0.0	0.0	0.0	0.0	0.0	0.0	0.0	0.0	0.0	0.0	0.0	0.0	0.0	0.0	0.0	0.0	0.0	0.0	0.0	0.05263157894736842	0.0	0.0	0.0	0.0	0.0	0.0	
Forster's Tern	0.0	0.0	0.0	0.0	0.0	0.0	0.0	0.0	0.0	0.0	0.0625	0.16	0.21428571428571427	0.1111111111111111	0.0	0.0	0.0	0.0	0.0	0.0	0.0	0.0	0.0	0.0	0.0	0.0	0.0	0.0	0.0	0.0	0.0	0.0	0.0	0.0	0.0	0.0	0.0	0.0	0.0	0.0	0.0	0.0	0.0	0.0	0.0	0.0	0.0	0.0	
Black Skimmer	0.0	0.0	0.0	0.0	0.0	0.0	0.0	0.0	0.0	0.0	0.0	0.0	0.0	0.0	0.0	0.0	0.0	0.0	0.0	0.0	0.0	0.0	0.0	0.0	0.0	0.0	0.0	0.0	0.0	0.0	0.0	0.0	0.0	0.0	0.0	0.0	0.0	0.0	0.0	0.0015	0.0	0.0	0.0	0.0	0.0	0.0	0.0	0.0	
Wood Stork	0.0	0.0	0.0	0.0	0.0	0.0	0.0	0.0	0.0	0.0	0.0	0.0	0.0	0.0	0.0	0.0	0.0	0.0	0.0	0.3333333333333333	0.0	0.0	0.0	0.0	0.0	0.0	0.0	0.0	0.3333333333333333	0.0	0.0	0.0	0.0	0.0	0.0	0.0	0.0	0.0	0.25	0.375	0.041666666666666664	0.05263157894736842	0.0	0.0	0.0	0.0	0.0	0.0	
Anhinga	0.0	0.09090909090909091	0.0	0.05263157894736842	0.0	0.0	0.0	0.14285714285714285	0.0	0.08333333333333333	0.125	0.08	0.35714285714285715	0.2222222222222222	0.18181818181818182	0.25	0.0	0.0	1.0	0.0	0.0	0.0	0.3333333333333333	0.0	0.0	0.0	0.0	0.0	0.3333333333333333	0.0	0.0	0.0	0.0	0.0	0.5	0.0	0.0	0.0	0.0	0.25	0.08333333333333333	0.15789473684210525	0.42857142857142855	0.36363636363636365	0.25	0.0	0.6666666666666666	0.08695652173913043	
Neotropic Cormorant	0.25	0.2727272727272727	0.0	0.3157894736842105	0.1111111111111111	0.2	0.13636363636363635	0.23809523809523808	0.42857142857142855	0.3333333333333333	0.4375	0.2	0.2857142857142857	0.3333333333333333	0.45454545454545453	0.25	0.6666666666666666	0.0	1.0	0.3333333333333333	0.0	0.0	0.6666666666666666	0.0	0.0	0.5	0.0	0.0	0.0	0.0	0.0	0.0	0.0	0.0	0.5	0.0	0.0	0.6666666666666666	0.75	0.125	0.08333333333333333	0.15789473684210525	0.14285714285714285	0.09090909090909091	0.0	0.14285714285714285	0.3333333333333333	0.30434782608695654	
Double-crested Cormorant	0.0	0.18181818181818182	0.2222222222222222	0.15789473684210525	0.1111111111111111	0.2	0.13636363636363635	0.2857142857142857	0.2857142857142857	0.3333333333333333	0.1875	0.12	0.35714285714285715	0.3333333333333333	0.0015	0.0	0.0015	1.0	1.0	0.3333333333333333	0.0	0.0	0.0	0.0	0.0	0.0	0.0	0.0	0.0	0.0	0.0	0.0	0.0	0.0	0.0	0.0	0.0	0.6666666666666666	0.5	0.0	0.08333333333333333	0.05263157894736842	0.0	0.09090909090909091	0.25	0.14285714285714285	0.3333333333333333	0.043478260869565216	
cormorant sp.	0.0	0.0	0.0	0.0	0.0	0.05	0.0	0.047619047619047616	0.0015	0.08333333333333333	0.0	0.04	0.0	0.0	0.09090909090909091	0.0	0.0	0.0	0.0	0.0	0.5	0.0	0.0	0.0	0.0	0.0	0.0	0.0	0.0	0.0	0.0	0.0	0.0	0.0	0.0	0.0	0.0	0.0	0.0	0.0	0.0	0.0	0.0	0.0	0.0	0.0	0.0	0.0	
American White Pelican	0.0	0.5454545454545454	0.1111111111111111	0.0	0.0	0.05	0.13636363636363635	0.09523809523809523	0.0	0.08333333333333333	0.0	0.16	0.07142857142857142	0.2222222222222222	0.09090909090909091	0.0	0.0	0.0	0.0	0.0	0.0	0.0	0.0	0.0	0.0	0.0	0.0	0.0	0.0	0.0	0.0	0.0	0.0	0.0	0.0	0.0	0.0	0.0	0.0	0.5	0.20833333333333334	0.2631578947368421	0.42857142857142855	0.18181818181818182	0.0	0.14285714285714285	0.3333333333333333	0.08695652173913043	
American Bittern	0.0	0.0	0.0	0.05263157894736842	0.0	0.0	0.0	0.09523809523809523	0.0	0.08333333333333333	0.0	0.0	0.0	0.0	0.0	0.0	0.0	0.0	0.0	0.0	0.0	0.0	0.0	0.0	0.0	0.0	0.0	0.0	0.0	0.0	0.0	0.0	0.0	0.0	0.0	0.0	0.0	0.0	0.0	0.0015	0.0015	0.0	0.0	0.0	0.0	0.0	0.0	0.0	
Least Bittern	0.0	0.0	0.0	0.0	0.0	0.0	0.0	0.0	0.0	0.08333333333333333	0.0	0.0	0.0	0.1111111111111111	0.09090909090909091	0.0	0.0	0.0	0.0	0.0	0.0	0.0	0.0	0.0	0.0	0.0	0.0	0.0	0.0	0.0	0.0	0.0	0.0	0.0	0.0	0.0	0.0	0.0	0.0	0.0	0.0	0.0	0.0	0.0	0.0	0.0	0.0	0.0	
Great Blue Heron	0.0	0.18181818181818182	0.1111111111111111	0.3157894736842105	0.1111111111111111	0.35	0.18181818181818182	0.3333333333333333	0.42857142857142855	0.4166666666666667	0.25	0.12	0.35714285714285715	0.4444444444444444	0.36363636363636365	0.0	1.0	0.5	0.0	0.0	0.0	0.0	0.0	0.0	0.0	0.0	0.0	0.0015	0.3333333333333333	0.0	0.0	1.0	0.0	0.0	0.5	0.0	0.0	0.3333333333333333	1.0	0.625	0.2916666666666667	0.2631578947368421	0.42857142857142855	0.45454545454545453	0.5	0.2857142857142857	0.3333333333333333	0.2608695652173913	
Great Egret	0.5	0.6363636363636364	0.5555555555555556	0.7368421052631579	0.6666666666666666	0.8	0.6818181818181818	0.7619047619047619	0.8571428571428571	0.9166666666666666	0.75	0.68	0.42857142857142855	0.8888888888888888	0.5454545454545454	0.25	1.0	1.0	1.0	0.6666666666666666	0.5	0.0	0.6666666666666666	0.0	0.0	0.5	1.0	1.0	0.3333333333333333	0.0	0.0	0.0	0.0	0.0	1.0	0.0	0.0	1.0	1.0	0.5	0.5833333333333334	0.5263157894736842	0.42857142857142855	0.5454545454545454	0.625	0.42857142857142855	0.3333333333333333	0.5652173913043478	
Snowy Egret	0.75	0.36363636363636365	0.1111111111111111	0.3684210526315789	0.3333333333333333	0.65	0.5	0.23809523809523808	0.14285714285714285	0.75	0.5625	0.48	0.42857142857142855	0.5555555555555556	0.2727272727272727	0.75	1.0	0.5	0.0	0.3333333333333333	0.0	0.0	0.6666666666666666	0.0	0.0	0.0	0.0	0.0015	0.0	0.0	0.0	0.0	0.0	0.0	0.5	1.0	0.0	1.0	0.75	0.25	0.16666666666666666	0.2631578947368421	0.2857142857142857	0.0	0.125	0.2857142857142857	0.0	0.34782608695652173	
Little Blue Heron	0.0	0.09090909090909091	0.2222222222222222	0.10526315789473684	0.3333333333333333	0.2	0.3181818181818182	0.09523809523809523	0.14285714285714285	0.25	0.0625	0.28	0.07142857142857142	0.3333333333333333	0.2727272727272727	0.25	1.0	1.0	1.0	0.3333333333333333	0.0	0.0	0.6666666666666666	0.0	0.0	0.5	0.0	0.0015	0.3333333333333333	0.0	0.0	0.0	0.0	0.0	1.0	1.0	0.0	0.0	0.0	0.0	0.125	0.05263157894736842	0.0	0.0	0.0	0.0	0.0	0.0	
Tricolored Heron	0.25	0.45454545454545453	0.0	0.3157894736842105	0.1111111111111111	0.2	0.045454545454545456	0.0	0.0015	0.16666666666666666	0.0	0.12	0.07142857142857142	0.4444444444444444	0.36363636363636365	0.0	0.6666666666666666	0.0	0.0	0.3333333333333333	0.0	0.0	0.6666666666666666	0.0	0.0	0.0	0.0	0.0015	0.3333333333333333	0.0	0.0	0.0	0.0	0.0	0.5	0.0	0.0	0.3333333333333333	0.5	0.625	0.25	0.05263157894736842	0.14285714285714285	0.09090909090909091	0.125	0.0	0.0	0.13043478260869565	
Cattle Egret	0.0	0.0	0.0	0.10526315789473684	0.1111111111111111	0.05	0.0	0.047619047619047616	0.14285714285714285	0.16666666666666666	0.0	0.12	0.21428571428571427	0.4444444444444444	0.36363636363636365	0.25	0.0	0.0	0.0	0.3333333333333333	0.0	0.0	0.3333333333333333	0.0	0.0	0.5	0.0	1.0	0.0	0.0	0.0	0.0	0.0	0.0	0.5	0.0	0.0	0.0	0.0	0.0	0.25	0.21052631578947367	0.0	0.0	0.125	0.0	0.0	0.0	
white egret sp.	0.0	0.0	0.0	0.0	0.0	0.0	0.0	0.0	0.0	0.0	0.0	0.0	0.0	0.0	0.09090909090909091	0.0	0.0	0.0	0.0	0.0	0.0	1.0	0.0	0.0	0.0	0.0	0.0	0.0	0.0	0.0	0.0	0.0	0.0	0.0	0.0	0.0	0.0	0.0	0.0	0.0	0.0	0.0	0.0	0.0	0.0	0.0	0.0	0.0	
Green Heron	0.0	0.09090909090909091	0.0	0.0	0.0	0.0	0.045454545454545456	0.0	0.0	0.08333333333333333	0.0625	0.12	0.0	0.1111111111111111	0.0	0.0	0.3333333333333333	1.0	0.0	0.3333333333333333	0.0	0.0	0.6666666666666666	0.0	0.0	0.5	1.0	0.0	0.3333333333333333	0.0	0.0	0.0	0.0	0.0	0.5	1.0	0.0	0.0	0.25	0.0015	0.041666666666666664	0.0	0.0	0.09090909090909091	0.125	0.0	0.0	0.08695652173913043	
Black-crowned Night-Heron	0.0	0.0	0.0	0.0	0.1111111111111111	0.0	0.0	0.0	0.0	0.0	0.0625	0.0	0.0	0.0	0.0	0.0	0.0	0.0	0.0	0.0	0.0	0.0	0.3333333333333333	0.0	0.0	0.0	0.0	1.0	0.0	0.0	0.0	0.0	0.0	0.0	0.0	0.0	0.0	0.3333333333333333	0.5	0.0	0.0015	0.05263157894736842	0.0	0.0	0.0	0.0	0.0	0.0	
Yellow-crowned Night-Heron	0.0	0.0	0.0	0.0	0.0	0.0	0.045454545454545456	0.0	0.0	0.0	0.0	0.0	0.0	0.2222222222222222	0.0	0.0	0.3333333333333333	0.0	0.0	0.0	0.5	0.0	0.6666666666666666	0.0	0.0	0.0	1.0	1.0	0.3333333333333333	0.0	0.0	0.0	0.0	0.0	0.0	0.0	0.0	0.0	0.25	0.0	0.0015	0.0	0.0	0.0	0.0	0.0	0.0	0.0	
White Ibis	0.75	0.45454545454545453	0.4444444444444444	0.05263157894736842	0.4444444444444444	0.1	0.13636363636363635	0.09523809523809523	0.42857142857142855	0.75	0.5	0.4	0.2857142857142857	0.5555555555555556	0.36363636363636365	0.5	1.0	1.0	1.0	0.6666666666666666	0.0	0.0	0.3333333333333333	0.0	0.0	0.5	0.0	0.0	0.0	0.0	0.0	1.0	0.0	0.0	0.0	0.0	0.0	0.0	1.0	0.5	0.2916666666666667	0.15789473684210525	0.14285714285714285	0.2727272727272727	0.0	0.14285714285714285	0.0	0.34782608695652173	
Glossy Ibis	0.0	0.0	0.0	0.0015	0.0	0.0	0.045454545454545456	0.0	0.0	0.0	0.0	0.0	0.0	0.0	0.0	0.0	0.0	0.0	0.0	0.0	0.0	0.0	0.0	0.0	0.0	0.0	0.0	0.0	0.0	0.0	0.0	0.0	0.0	0.0	0.0	0.0	0.0	0.0	0.0	0.0	0.0	0.0	0.0	0.0	0.0	0.0	0.0	0.043478260869565216	
White-faced Ibis	0.25	0.09090909090909091	0.3333333333333333	0.47368421052631576	0.5555555555555556	0.6	0.5	0.5714285714285714	0.8571428571428571	1.0	0.625	0.6	0.7142857142857143	0.6666666666666666	0.36363636363636365	0.5	1.0	1.0	0.0	0.0	0.0	0.0	0.3333333333333333	0.0	0.0	0.0	0.0	0.0015	0.0	0.0	0.0	1.0	0.0	0.0	0.0	1.0	1.0	0.0	0.75	0.625	0.4166666666666667	0.3157894736842105	0.5714285714285714	0.09090909090909091	0.25	0.14285714285714285	0.3333333333333333	0.43478260869565216	
Glossy x White-faced Ibis (hybrid)	0.0	0.0	0.0	0.0	0.0	0.0	0.045454545454545456	0.0	0.0	0.0	0.0	0.0	0.0	0.0	0.0	0.0	0.0	0.0	0.0	0.0	0.0	0.0	0.0	0.0	0.0	0.0	0.0	0.0	0.0	0.0	0.0	0.0	0.0	0.0	0.0	0.0	0.0	0.0	0.0	0.0	0.0	0.0	0.0	0.0	0.0	0.0	0.0	0.0	
Glossy/White-faced Ibis	0.0	0.0	0.0	0.0	0.0	0.05	0.045454545454545456	0.047619047619047616	0.14285714285714285	0.0	0.125	0.08	0.07142857142857142	0.0	0.09090909090909091	0.25	0.0	0.0	0.0	0.0	0.0	0.0	0.0	0.0	0.0	0.0	0.0	0.0	0.0	0.0	0.0	0.0	0.0	0.0	0.0	0.0	0.0	0.0	0.0	0.0	0.0	0.0	0.0	0.0	0.0	0.0	0.0	0.0	
Roseate Spoonbill	0.25	0.36363636363636365	0.0	0.05263157894736842	0.0	0.0	0.0	0.0	0.0	0.0	0.1875	0.12	0.14285714285714285	0.2222222222222222	0.09090909090909091	0.0	0.6666666666666666	0.0	0.0	0.0	0.0	0.0	0.3333333333333333	0.0	0.0	0.0	0.0	0.0	0.0	0.0	0.0	0.0	0.0	0.0	0.0	1.0	0.0	0.0	1.0	0.5	0.125	0.0	0.14285714285714285	0.0	0.0	0.14285714285714285	0.0	0.043478260869565216	
Black Vulture	0.0	0.0	0.0	0.05263157894736842	0.4444444444444444	0.25	0.13636363636363635	0.09523809523809523	0.0	0.25	0.1875	0.04	0.21428571428571427	0.0	0.36363636363636365	0.0	0.0	0.0	0.0	0.3333333333333333	0.0	0.0	0.0	0.0	0.0	0.0	0.0	0.0	0.0	0.0	0.0	0.0	0.0	0.0	0.0	0.0	0.0	0.3333333333333333	0.0	0.0	0.08333333333333333	0.0	0.2857142857142857	0.18181818181818182	0.25	0.14285714285714285	0.3333333333333333	0.08695652173913043	
Turkey Vulture	0.75	0.36363636363636365	0.4444444444444444	0.5789473684210527	0.8888888888888888	0.95	0.7272727272727273	0.6190476190476191	0.7142857142857143	0.5	0.5	0.64	0.6428571428571429	0.5555555555555556	0.5454545454545454	0.25	1.0	1.0	1.0	1.0	0.5	1.0	0.6666666666666666	0.0	0.0	0.5	0.0	0.0	0.6666666666666666	0.0	0.0	1.0	0.0	0.0	0.5	0.0	0.0	0.3333333333333333	0.5	0.5	0.4583333333333333	0.42105263157894735	0.2857142857142857	0.5454545454545454	0.5	0.42857142857142855	0.6666666666666666	0.6086956521739131	
Osprey	0.0	0.09090909090909091	0.0	0.21052631578947367	0.2222222222222222	0.3	0.13636363636363635	0.09523809523809523	0.0	0.16666666666666666	0.0	0.0	0.07142857142857142	0.0	0.2727272727272727	0.0	0.0	0.5	0.0	0.0	0.0	0.0	0.0	0.0	0.0	0.0	0.0	0.0	0.0	0.0	0.0	0.0	0.0	0.0	0.0	0.0	0.0	0.0	0.0	0.125	0.25	0.10526315789473684	0.14285714285714285	0.09090909090909091	0.25	0.0	0.0	0.13043478260869565	
White-tailed Kite	0.0	0.18181818181818182	0.2222222222222222	0.21052631578947367	0.4444444444444444	0.05	0.09090909090909091	0.09523809523809523	0.14285714285714285	0.0015	0.0625	0.08	0.14285714285714285	0.4444444444444444	0.2727272727272727	0.0	0.3333333333333333	0.0	0.0	0.3333333333333333	0.0	0.0	0.0	0.0	0.0	0.0	0.0	0.0	0.0	0.0	0.0	0.0	0.0	0.0	0.5	0.0	0.0	0.0	0.0	0.0	0.0	0.0	0.0	0.09090909090909091	0.125	0.14285714285714285	0.0	0.13043478260869565	
Hook-billed Kite	0.0	0.0	0.0	0.0015	0.0	0.05	0.0	0.0	0.0	0.0	0.0	0.0	0.0	0.0	0.0	0.0	0.0	0.0	0.0	0.0	0.0	0.0	0.0	0.0	0.0	0.0	0.0	0.0	0.0	0.0	0.0	0.0	0.0	0.0	0.0	0.0	0.0	0.0	0.0	0.0	0.08333333333333333	0.0	0.0	0.0	0.0	0.0	0.0	0.0	
Swallow-tailed Kite	0.0	0.0	0.0	0.0	0.0	0.0	0.0	0.0	0.14285714285714285	0.0	0.0	0.04	0.0	0.0	0.0	0.0	0.0	0.0	0.0	0.0	0.0	0.0	0.0	0.0	0.0	0.0	0.0	0.0	0.0	0.0	0.0	0.0	0.0	0.0	0.0	0.0	0.0	0.0	0.0	0.0	0.0	0.0	0.0	0.0	0.0	0.0	0.0	0.0	
Mississippi Kite	0.0	0.0	0.0	0.0	0.0	0.0	0.0	0.0	0.0	0.0	0.0	0.0	0.07142857142857142	0.0	0.45454545454545453	0.0	0.0	0.5	0.0	0.0	0.0	0.0	0.0	0.0	0.0	0.0	0.0	0.0	0.0	0.0	0.0	0.0	0.0	0.0	0.0	0.0	0.0	0.0	0.0	0.0	0.0	0.0	0.0	0.0	0.0	0.0	0.0	0.0	
Northern Harrier	0.25	0.18181818181818182	0.3333333333333333	0.15789473684210525	0.2222222222222222	0.25	0.13636363636363635	0.047619047619047616	0.42857142857142855	0.16666666666666666	0.0625	0.12	0.0	0.1111111111111111	0.0	0.0	0.0	0.5	0.0	0.0	0.0	0.0	0.0	0.0	0.0	0.0	0.0	0.0	0.0	0.0	0.0	0.0	0.0	0.0	0.0	0.0	0.0	0.0	0.25	0.0	0.125	0.15789473684210525	0.14285714285714285	0.36363636363636365	0.125	0.5714285714285714	0.6666666666666666	0.13043478260869565	
Sharp-shinned Hawk	0.0	0.09090909090909091	0.1111111111111111	0.10526315789473684	0.0	0.15	0.0	0.09523809523809523	0.0	0.08333333333333333	0.0	0.08	0.14285714285714285	0.1111111111111111	0.0	0.0	0.0	0.0	0.0	0.0	0.0	0.0	0.0	0.0	0.0	0.0	0.0	0.0	0.0	0.0	0.0	0.0	0.0	0.0	0.0	1.0	0.0	0.0	0.0	0.125	0.16666666666666666	0.15789473684210525	0.2857142857142857	0.09090909090909091	0.0	0.0	0.6666666666666666	0.08695652173913043	
Cooper's Hawk	0.0	0.2727272727272727	0.1111111111111111	0.3157894736842105	0.4444444444444444	0.1	0.18181818181818182	0.047619047619047616	0.2857142857142857	0.08333333333333333	0.125	0.04	0.0	0.1111111111111111	0.18181818181818182	0.0	0.0	0.0	0.0	0.0	0.0	0.0	0.0	0.0	0.0	0.0	0.0	0.0	0.0	0.0	0.0	0.0	0.0	0.0	0.0	0.0	0.0	0.0	0.25	0.375	0.25	0.10526315789473684	0.0	0.0	0.125	0.14285714285714285	0.3333333333333333	0.08695652173913043	
Sharp-shinned/Cooper's Hawk	0.0	0.0	0.0	0.0	0.0	0.0	0.0	0.0	0.0	0.0	0.0	0.0	0.0	0.0	0.0	0.0	0.0	0.0	0.0	0.3333333333333333	0.0	0.0	0.0	0.0	0.0	0.0	0.0	0.0	0.0	0.0	0.0	0.0	0.0	0.0	0.0	0.0	0.0	0.0	0.0	0.0	0.0	0.0	0.0	0.0	0.0	0.0	0.0	0.0	
Accipiter sp.	0.0	0.0	0.0	0.05263157894736842	0.0	0.0	0.0	0.0	0.0	0.0	0.0	0.04	0.0	0.0	0.0	0.0	0.0	0.0	0.0	0.0	0.0	0.0	0.0	0.0	0.0	0.0	0.0	0.0	0.0	0.0	0.0	0.0	0.0	0.0	0.0	0.0	0.0	0.0	0.0	0.0	0.0	0.0	0.0	0.0	0.0	0.0	0.0	0.0	
Harris's Hawk	0.75	0.5454545454545454	0.7777777777777778	0.631578947368421	0.4444444444444444	0.6	0.4090909090909091	0.5714285714285714	0.5714285714285714	0.6666666666666666	0.5	0.48	0.42857142857142855	0.6666666666666666	0.7272727272727273	0.0	0.3333333333333333	1.0	1.0	0.6666666666666666	0.0	0.0	0.0	0.0	0.0	0.5	1.0	1.0	0.0	0.0	0.0	0.0	0.0	0.0	1.0	1.0	1.0	0.3333333333333333	0.0	0.25	0.6666666666666666	0.5789473684210527	0.42857142857142855	0.6363636363636364	0.625	0.8571428571428571	0.6666666666666666	0.6086956521739131	
White-tailed Hawk	0.25	0.0015	0.2222222222222222	0.2631578947368421	0.2222222222222222	0.05	0.045454545454545456	0.09523809523809523	0.0	0.0	0.0	0.0	0.07142857142857142	0.2222222222222222	0.09090909090909091	0.0	0.0	0.0	0.0	0.0	0.0	0.0	0.0	0.0	0.0	0.0	0.0	0.0	0.0	0.0	0.0	0.0	0.0	0.0	0.0	0.0	0.0	0.3333333333333333	0.0	0.0	0.041666666666666664	0.0	0.14285714285714285	0.0	0.125	0.0	0.3333333333333333	0.17391304347826086	
Gray Hawk	0.0	0.18181818181818182	0.1111111111111111	0.10526315789473684	0.1111111111111111	0.1	0.13636363636363635	0.23809523809523808	0.2857142857142857	0.08333333333333333	0.0625	0.24	0.14285714285714285	0.2222222222222222	0.2727272727272727	0.0	0.0	0.5	1.0	0.0	0.0	0.0	0.6666666666666666	0.0	0.0	0.5	0.0	0.0	0.0	0.0	0.0	1.0	0.0	0.0	0.0	0.0	0.0	0.3333333333333333	0.25	0.0	0.125	0.2631578947368421	0.2857142857142857	0.45454545454545453	0.375	0.5714285714285714	0.6666666666666666	0.043478260869565216	
Red-shouldered Hawk	0.0	0.2727272727272727	0.2222222222222222	0.21052631578947367	0.1111111111111111	0.05	0.09090909090909091	0.14285714285714285	0.14285714285714285	0.0015	0.0	0.04	0.14285714285714285	0.0	0.09090909090909091	0.0	0.0	0.5	0.0	0.0	0.0	0.0	0.0	0.0015	0.0	0.0	0.0	0.0	0.0	0.0	0.0	0.0	0.0	0.0	0.0	0.0	0.0	0.0	0.0	0.0	0.3333333333333333	0.15789473684210525	0.14285714285714285	0.2727272727272727	0.0	0.2857142857142857	0.3333333333333333	0.08695652173913043	
Broad-winged Hawk	0.0	0.0	0.0	0.0	0.0	0.0	0.0	0.0	0.0	0.0	0.0625	0.32	0.42857142857142855	0.3333333333333333	0.2727272727272727	0.0	0.0	0.0	0.0	0.0	0.0	0.0	0.0	0.0	0.0	0.0	0.0	0.0	0.0	0.0	0.0	0.0	0.0	0.0	0.0	0.0	0.0	0.0	0.0	0.0015	0.041666666666666664	0.0	0.0	0.0	0.0	0.0	0.0	0.0	
Swainson's Hawk	0.0	0.0	0.0	0.0	0.0	0.0	0.0	0.0	0.0	0.0	0.125	0.12	0.2857142857142857	0.2222222222222222	0.45454545454545453	0.0	0.3333333333333333	0.0	0.0	0.0	0.5	0.0	0.3333333333333333	0.0	0.0	0.0	0.0	0.0	0.0	0.0	0.0	0.0	0.0	0.0	0.0	0.0	0.0	0.0	0.0	0.0	0.0	0.0	0.14285714285714285	0.0	0.0	0.0	0.0	0.0	
Zone-tailed Hawk	0.0	0.0	0.0	0.0	0.1111111111111111	0.0	0.0	0.0	0.0	0.0	0.0	0.0	0.0	0.0	0.0	0.0	0.0	0.0	0.0	0.0	0.0	0.0	0.0	0.0	0.0	0.0	0.0	0.0	0.0	0.0	0.0	0.0	0.0	0.0	0.0	0.0	0.0	0.0	0.0	0.0	0.041666666666666664	0.0	0.0	0.0	0.0	0.0	0.0	0.0	
Red-tailed Hawk	0.25	0.18181818181818182	0.0	0.10526315789473684	0.4444444444444444	0.1	0.045454545454545456	0.0	0.0015	0.0015	0.125	0.0	0.0	0.1111111111111111	0.0	0.0	0.0	0.0	0.0	0.0	0.0	0.0	0.0	0.0	0.0	0.0	0.0	0.0	0.0	0.0	0.0	0.0	0.0	0.0	0.0	0.0	0.0	0.0	0.0	0.0	0.041666666666666664	0.15789473684210525	0.0	0.36363636363636365	0.0	0.0	0.6666666666666666	0.13043478260869565	
Buteo sp.	0.0	0.0	0.0	0.0	0.0	0.0	0.0	0.0	0.0	0.0	0.0	0.0	0.0	0.1111111111111111	0.0	0.0	0.0	0.0	0.0	0.0	0.0	0.0	0.0	0.0	0.0	0.0	0.0	0.0	0.0	0.0	0.0	0.0	0.0	0.0	0.0	0.0	0.0	0.0	0.0	0.0	0.0	0.0	0.2857142857142857	0.0	0.0	0.0	0.0	0.043478260869565216	
hawk sp.	0.0	0.0	0.0	0.0	0.0	0.0	0.0	0.047619047619047616	0.0015	0.0	0.0	0.0	0.0	0.0	0.0	0.0	0.0	0.0	0.0	0.0	0.0	0.0	0.0	0.0	0.0	0.0	0.0	0.0	0.0	0.0	0.0	0.0	0.0	0.0	0.0	0.0	0.0	0.0	0.0	0.0	0.0	0.0	0.0	0.0	0.0	0.0	0.0	0.0	
Eastern Screech-Owl	0.0	0.0	0.0	0.0	0.0	0.0	0.0	0.0	0.0	0.0	0.0625	0.0015	0.0	0.0	0.0	0.0	0.0015	0.0	0.0	0.0	0.0	0.0	0.0	0.0	0.0	0.0	0.0	0.0	0.0	0.0	0.0	0.0	0.0	0.0	0.0	0.0	0.0	0.0	0.0	0.0	0.0015	0.0	0.0	0.0	0.0	0.0	0.0	0.0	
Great Horned Owl	0.0	0.0	0.0	0.0	0.0	0.0	0.0	0.0	0.14285714285714285	0.0015	0.0	0.0	0.0	0.0	0.09090909090909091	0.0	0.0	0.0	0.0	0.0	0.0	0.0	0.0	0.0	0.0	0.0	0.0	0.0	0.0	0.0	0.0	0.0	0.0	0.0	0.0	0.0	0.0	0.0	0.0	0.0	0.0	0.0	0.0	0.0	0.0	0.0	0.0	0.0	
Ringed Kingfisher	0.25	0.2727272727272727	0.4444444444444444	0.3684210526315789	0.2222222222222222	0.25	0.13636363636363635	0.2857142857142857	0.14285714285714285	0.16666666666666666	0.1875	0.04	0.14285714285714285	0.3333333333333333	0.09090909090909091	0.0015	0.0	0.0	0.0	0.0	0.0	0.0	0.0	0.0	0.0	0.0	0.0	0.0	0.0	0.0	0.0	0.0	0.0	0.0	0.0	0.0	0.0	0.3333333333333333	0.25	0.0	0.125	0.21052631578947367	0.2857142857142857	0.18181818181818182	0.125	0.14285714285714285	0.0	0.17391304347826086	
Belted Kingfisher	0.0	0.36363636363636365	0.3333333333333333	0.5263157894736842	0.3333333333333333	0.3	0.2727272727272727	0.2857142857142857	0.42857142857142855	0.25	0.1875	0.2	0.2857142857142857	0.2222222222222222	0.18181818181818182	0.0	0.0	0.0	0.0	0.0	0.0	0.0	0.0	0.0	0.0	0.0	0.0	0.0	0.0	0.0	0.0	0.0	0.0	0.0	0.0	0.0	0.0	0.6666666666666666	0.0	0.125	0.125	0.21052631578947367	0.2857142857142857	0.36363636363636365	0.375	0.42857142857142855	0.3333333333333333	0.21739130434782608	
Green Kingfisher	0.0	0.36363636363636365	0.1111111111111111	0.2631578947368421	0.1111111111111111	0.2	0.3181818181818182	0.47619047619047616	0.5714285714285714	0.08333333333333333	0.1875	0.08	0.07142857142857142	0.5555555555555556	0.2727272727272727	0.25	0.3333333333333333	0.5	1.0	0.0	0.0	0.0	0.3333333333333333	0.0	0.0	0.0	0.0	1.0	0.6666666666666666	0.0	0.0	0.0	0.0	0.0	0.0	0.0	0.0	0.3333333333333333	0.75	0.375	0.375	0.42105263157894735	0.2857142857142857	0.5454545454545454	0.25	0.42857142857142855	0.0	0.4782608695652174	
Yellow-bellied Sapsucker	0.0	0.09090909090909091	0.0	0.05263157894736842	0.0	0.0	0.0	0.09523809523809523	0.0	0.0	0.0	0.0	0.0	0.0	0.09090909090909091	0.0	0.0	0.0	0.0	0.0	0.0	0.0	0.0	0.0	0.0	0.0	0.0	0.0	0.0	0.0	0.0	0.0	0.0	0.0	0.0	0.0	0.0	0.0	0.0	0.0	0.0	0.05263157894736842	0.14285714285714285	0.09090909090909091	0.125	0.0	0.0	0.0	
Yellow-bellied/Red-naped Sapsucker	0.0	0.0	0.0	0.0	0.1111111111111111	0.0	0.0	0.0	0.0015	0.0	0.0	0.0	0.0	0.0	0.0	0.0	0.0	0.0	0.0	0.0	0.0	0.0	0.0	0.0	0.0	0.0	0.0	0.0	0.0	0.0	0.0	0.0	0.0	0.0	0.0	0.0	0.0	0.0	0.0	0.0	0.0	0.0	0.0	0.0	0.0	0.0	0.0	0.0	
Golden-fronted Woodpecker	1.0	0.7272727272727273	0.7777777777777778	0.47368421052631576	0.7777777777777778	0.55	0.45454545454545453	0.5238095238095238	0.5714285714285714	0.3333333333333333	0.75	0.68	0.5714285714285714	0.7777777777777778	0.9090909090909091	0.5	1.0	0.5	1.0	1.0	1.0	1.0	1.0	0.0	0.0	0.5	1.0	1.0	0.6666666666666666	0.0	0.0	1.0	0.0	0.0	0.5	1.0	0.0	0.6666666666666666	0.75	0.375	0.4583333333333333	0.7894736842105263	0.7142857142857143	0.7272727272727273	1.0	0.8571428571428571	0.6666666666666666	0.5652173913043478	
Ladder-backed Woodpecker	0.5	0.45454545454545453	0.3333333333333333	0.631578947368421	0.7777777777777778	0.4	0.3181818181818182	0.42857142857142855	0.5714285714285714	0.25	0.4375	0.56	0.42857142857142855	0.6666666666666666	0.6363636363636364	0.25	0.6666666666666666	0.5	1.0	1.0	0.5	1.0	1.0	0.0	0.0	0.5	0.0	1.0	0.3333333333333333	0.0	0.0	0.0	0.0	0.0	0.5	1.0	0.0	0.3333333333333333	0.25	0.125	0.375	0.631578947368421	0.7142857142857143	0.6363636363636364	0.75	0.5714285714285714	0.3333333333333333	0.391304347826087	
Crested Caracara	0.25	0.2727272727272727	0.1111111111111111	0.05263157894736842	0.2222222222222222	0.1	0.18181818181818182	0.047619047619047616	0.14285714285714285	0.16666666666666666	0.0625	0.12	0.0	0.3333333333333333	0.09090909090909091	0.0	0.3333333333333333	0.0	0.0	0.3333333333333333	0.0	0.0	0.0	0.0	0.0	0.0	0.0	0.0015	0.0	0.0	0.0	0.0	0.0	0.0	0.0	0.0	0.0	0.0	0.0	0.0	0.08333333333333333	0.21052631578947367	0.14285714285714285	0.18181818181818182	0.125	0.14285714285714285	0.0	0.13043478260869565	
American Kestrel	0.5	0.45454545454545453	0.6666666666666666	0.6842105263157895	0.5555555555555556	0.45	0.18181818181818182	0.47619047619047616	0.2857142857142857	0.4166666666666667	0.5	0.04	0.0	0.0	0.0	0.0	0.0	0.0	0.0	0.0	0.0	0.0	0.0	0.0	0.0	0.0	0.0	0.0	0.0	0.0	0.0	0.0	0.0	0.0	0.5	0.0	0.0	0.0	0.0	0.375	0.4583333333333333	0.5263157894736842	0.14285714285714285	0.2727272727272727	0.5	0.2857142857142857	0.3333333333333333	0.43478260869565216	
Merlin	0.0	0.0	0.2222222222222222	0.05263157894736842	0.2222222222222222	0.0015	0.0	0.047619047619047616	0.0	0.0	0.0	0.08	0.0	0.0	0.0	0.0	0.0	0.0	0.0	0.0	0.0	0.0	0.0	0.0	0.0	0.0	0.0	0.0	0.0	0.0	0.0	0.0	0.0	0.0	0.0	0.0	0.0	0.0	0.0	0.0	0.125	0.10526315789473684	0.0	0.18181818181818182	0.0	0.14285714285714285	0.0	0.043478260869565216	
Aplomado Falcon	0.0	0.0	0.0	0.0	0.0	0.0	0.0	0.0	0.0	0.0	0.0	0.0	0.0	0.0	0.0	0.0	0.0	0.0	0.0	0.0	0.0	0.0	0.0	0.0	0.0	0.0	0.0	0.0	0.0	0.0	0.0	0.0	0.0	0.0	0.0	0.0	0.0	0.0	0.0	0.0	0.0	0.0	0.0	0.0	0.125	0.0	0.0	0.0	
Peregrine Falcon	0.0	0.0015	0.0	0.10526315789473684	0.1111111111111111	0.0	0.045454545454545456	0.14285714285714285	0.0	0.0	0.125	0.04	0.0	0.1111111111111111	0.09090909090909091	0.0	0.0	0.0	0.0	0.0	0.0	0.0	0.0	0.0	0.0	0.0	0.0	0.0	0.0	0.0	0.0	0.0	0.0	0.0	0.0	0.0	0.0	0.0	0.0	0.0	0.0	0.21052631578947367	0.2857142857142857	0.18181818181818182	0.375	0.2857142857142857	0.0	0.0	
falcon sp.	0.0	0.0	0.0	0.0	0.0	0.0	0.045454545454545456	0.0	0.0	0.0	0.0	0.0	0.0	0.0	0.0	0.0	0.0	0.0	0.0	0.0	0.0	0.0	0.0	0.0	0.0	0.0	0.0	0.0	0.0	0.0	0.0	0.0	0.0	0.0	0.0	0.0	0.0	0.0	0.0	0.0	0.0	0.0	0.0	0.0	0.0	0.0	0.0	0.043478260869565216	
diurnal raptor sp.	0.0	0.0	0.0	0.0	0.0	0.0	0.0	0.0	0.0	0.0	0.0	0.0	0.0	0.0	0.09090909090909091	0.0	0.0	0.0	0.0	0.0	0.0	0.0	0.0	0.0	0.0	0.0	0.0	0.0	0.0	0.0	0.0	0.0	0.0	0.0	0.0	0.0	0.0	0.0	0.0	0.0	0.0	0.0	0.0	0.0	0.0	0.0	0.0	0.0	
Northern Beardless-Tyrannulet	0.25	0.18181818181818182	0.0	0.05263157894736842	0.1111111111111111	0.05	0.09090909090909091	0.14285714285714285	0.14285714285714285	0.0	0.25	0.04	0.2857142857142857	0.2222222222222222	0.36363636363636365	0.0	0.3333333333333333	0.5	1.0	0.0	0.0	0.0	0.6666666666666666	0.0	0.0	0.5	0.0	0.0	0.3333333333333333	0.0	0.0	0.0	0.0	0.0	0.0	0.0	0.0	0.3333333333333333	0.0	0.125	0.08333333333333333	0.21052631578947367	0.0	0.18181818181818182	0.0	0.14285714285714285	0.0	0.0015	
Olive-sided Flycatcher	0.0	0.0	0.0	0.0	0.0	0.0	0.0	0.0	0.0	0.0	0.0	0.0	0.0	0.0	0.0	0.0	0.3333333333333333	0.0	0.0	0.3333333333333333	0.0	0.0	0.0	0.0	0.0	0.0	0.0	0.0	0.0	0.0	0.0	0.0	0.0	0.0	0.0015	0.0	0.0	0.0	0.0	0.0	0.0	0.0	0.0	0.0	0.0	0.0	0.0	0.0	
Eastern Wood-Pewee	0.0	0.0	0.0	0.0	0.0	0.0	0.0	0.0	0.0	0.0	0.0	0.0	0.0	0.0	0.0	0.0	0.3333333333333333	0.5	0.0	0.3333333333333333	0.0	0.0	0.0	0.0	0.0	0.0	0.0	0.0	0.0	0.0	0.0	0.0	0.0	0.0	0.0	0.0	0.0	0.0	0.0	0.0	0.041666666666666664	0.0	0.0	0.0	0.0	0.0	0.0	0.0	
Yellow-bellied Flycatcher	0.0	0.0	0.0	0.0	0.0	0.0	0.0	0.0	0.0	0.0	0.0	0.0	0.0	0.0	0.0	0.0	0.0	0.0	1.0	0.0	0.0	0.0	0.0	0.0	0.0	0.0	0.0	0.0	0.0	0.0	0.0	0.0	0.0	0.0	0.0	0.0	0.0	0.0	0.0	0.0	0.0	0.0	0.0	0.0	0.0	0.0	0.0	0.0	
Willow Flycatcher	0.0	0.0	0.0	0.0	0.0	0.0	0.0	0.0	0.0	0.0	0.0	0.0	0.0	0.0	0.0	0.0	0.0	0.0	1.0	0.0	0.0	0.0	0.0	0.0	0.0	0.0	0.0	0.0	0.0	0.0	0.0	0.0	0.0	0.0	0.0	0.0	0.0	0.0	0.0	0.0	0.0	0.0	0.0	0.0	0.0	0.0	0.0	0.0	
Least Flycatcher	0.0	0.0	0.1111111111111111	0.05263157894736842	0.0	0.05	0.0	0.0	0.0	0.0	0.0	0.04	0.0	0.1111111111111111	0.09090909090909091	0.0	0.0	0.0	0.0	0.3333333333333333	0.0	0.0	0.0	0.0	0.0	0.0	0.0	1.0	0.3333333333333333	0.0	0.0	0.0	0.0	0.0	0.0	0.0	0.0	0.0	0.0	0.0	0.0	0.0	0.0	0.09090909090909091	0.125	0.0	0.0	0.0	
Black Phoebe	0.0	0.0	0.0	0.0	0.0	0.0	0.0	0.0	0.0015	0.08333333333333333	0.0	0.0	0.0	0.0	0.0	0.0	0.3333333333333333	0.0	0.0	0.0	0.0	0.0	0.0	0.0	0.0	0.0	0.0	0.0	0.0	0.0	0.0	0.0	0.0	0.0	0.0	0.0	0.0	0.0	0.25	0.0	0.041666666666666664	0.05263157894736842	0.0	0.0	0.125	0.0	0.0	0.043478260869565216	
Eastern Phoebe	0.75	0.6363636363636364	0.5555555555555556	0.7368421052631579	0.7777777777777778	0.75	0.4090909090909091	0.38095238095238093	0.7142857142857143	0.6666666666666666	0.125	0.08	0.0	0.0	0.0	0.0	0.0	0.0	0.0	0.0	0.0	0.0	0.0	0.0	0.0	0.0	0.0	0.0	0.0	0.0	0.0	0.0	0.0	0.0	0.0	0.0	0.0	0.3333333333333333	0.5	0.375	0.75	0.631578947368421	0.8571428571428571	0.5454545454545454	0.625	0.7142857142857143	0.6666666666666666	0.6521739130434783	
Vermilion Flycatcher	0.25	0.36363636363636365	0.1111111111111111	0.42105263157894735	0.2222222222222222	0.45	0.13636363636363635	0.5238095238095238	0.2857142857142857	0.3333333333333333	0.1875	0.16	0.07142857142857142	0.0	0.0	0.0	0.0	0.0	0.0	0.0	0.0	0.0	0.0	0.0	0.0	0.0	0.0	0.0	0.0	0.0	0.0	0.0	0.0	0.0	0.0	0.0	0.0	0.0	0.25	0.125	0.2916666666666667	0.2631578947368421	0.5714285714285714	0.5454545454545454	0.375	0.42857142857142855	0.3333333333333333	0.4782608695652174	
Ash-throated Flycatcher	0.0	0.09090909090909091	0.0	0.0	0.0	0.0	0.0	0.0015	0.0	0.0	0.0	0.0	0.0	0.0	0.09090909090909091	0.0	0.0	0.0	1.0	0.0	0.0	0.0	0.0	0.0	0.0	0.0	0.0	0.0	0.0	0.0	0.0	0.0	0.0	0.0	0.0	1.0	0.0	0.0	0.0	0.0	0.041666666666666664	0.0	0.0	0.0	0.0	0.0	0.0	0.0	
Great Crested Flycatcher	0.0	0.0	0.0	0.0	0.0	0.0	0.0	0.0	0.0	0.0	0.0625	0.08	0.0	0.0	0.0	0.0	0.0	0.5	0.0	0.0	0.0	0.0	0.0	0.0	0.0	0.0	0.0	0.0	0.0	0.0	0.0	0.0	0.0	0.0	0.0	0.0	0.0	0.0	0.0	0.0	0.0	0.0	0.0	0.0	0.0	0.0	0.0	0.0	
Brown-crested Flycatcher	0.0	0.0	0.0	0.0	0.0	0.0	0.0	0.0	0.0	0.0	0.0	0.0	0.14285714285714285	0.6666666666666666	0.45454545454545453	0.25	0.3333333333333333	0.5	1.0	0.3333333333333333	0.5	0.0	0.3333333333333333	0.0	0.0	0.5	1.0	1.0	0.0	0.0	0.0	0.0	0.0	0.0	0.0	0.0	0.0	0.0	0.0	0.0	0.0	0.0	0.0	0.0	0.0	0.0	0.0	0.0	
Myiarchus sp.	0.0	0.0	0.0	0.0	0.0	0.0	0.0	0.0	0.0	0.0	0.0	0.0	0.0	0.0	0.0	0.25	0.3333333333333333	0.0	0.0	0.3333333333333333	0.5	0.0	0.0	0.0	0.0	0.0	0.0	0.0	0.0	0.0	0.0	0.0	0.0	0.0	0.0	0.0	0.0	0.0	0.0	0.0	0.0	0.0	0.0	0.0	0.0	0.0	0.0	0.0	
Great Kiskadee	0.75	0.9090909090909091	1.0	1.0	0.8888888888888888	0.9	0.7727272727272727	0.9047619047619048	0.8571428571428571	0.8333333333333334	0.8125	0.8	0.7142857142857143	0.6666666666666666	0.6363636363636364	0.75	1.0	1.0	1.0	1.0	1.0	1.0	0.3333333333333333	0.0	0.0	0.0	1.0	1.0	1.0	0.0	0.0	1.0	0.0	0.0	1.0	1.0	1.0	0.6666666666666666	1.0	1.0	0.9166666666666666	1.0	0.8571428571428571	0.9090909090909091	1.0	1.0	0.6666666666666666	0.8695652173913043	
Tropical Kingbird	0.25	0.0015	0.2222222222222222	0.0015	0.0	0.2	0.09090909090909091	0.14285714285714285	0.42857142857142855	0.08333333333333333	0.0	0.12	0.42857142857142855	0.5555555555555556	0.36363636363636365	0.0	0.6666666666666666	0.0	0.0	0.0	0.0	0.0	0.6666666666666666	0.0	0.0	0.5	0.0	1.0	0.0	0.0	0.0	0.0	0.0	0.0	1.0	1.0	1.0	0.0	0.0	0.125	0.2916666666666667	0.10526315789473684	0.14285714285714285	0.09090909090909091	0.0	0.14285714285714285	0.0	0.08695652173913043	
Couch's Kingbird	0.0	0.0	0.0	0.15789473684210525	0.2222222222222222	0.15	0.045454545454545456	0.047619047619047616	0.14285714285714285	0.08333333333333333	0.5625	0.68	0.7142857142857143	0.7777777777777778	0.8181818181818182	0.75	0.6666666666666666	1.0	1.0	1.0	1.0	0.0	1.0	0.0	0.0	0.5	1.0	1.0	0.6666666666666666	0.0	0.0	1.0	0.0	0.0	0.5	1.0	1.0	1.0	1.0	0.5	0.2916666666666667	0.3157894736842105	0.2857142857142857	0.36363636363636365	0.125	0.14285714285714285	0.0	0.13043478260869565	
Tropical/Couch's Kingbird	0.25	0.18181818181818182	0.1111111111111111	0.10526315789473684	0.2222222222222222	0.1	0.045454545454545456	0.09523809523809523	0.14285714285714285	0.08333333333333333	0.0625	0.12	0.21428571428571427	0.2222222222222222	0.09090909090909091	0.0	0.6666666666666666	0.0	0.0	0.0	0.0	1.0	0.0	0.0	0.0	0.5	0.0	0.0	0.3333333333333333	0.0	0.0	0.0	0.0	0.0	0.0	0.0	0.0	0.0	0.25	0.125	0.041666666666666664	0.10526315789473684	0.14285714285714285	0.09090909090909091	0.125	0.2857142857142857	0.3333333333333333	0.043478260869565216	
Western Kingbird	0.0	0.0	0.0	0.0	0.0	0.0	0.0	0.0	0.0	0.0	0.0	0.0	0.0	0.0	0.0	0.25	0.6666666666666666	0.5	0.0	0.0	0.0	0.0	0.0	0.0	0.0	0.0	1.0	0.0	0.0	0.0	0.0	0.0	0.0	0.0	0.0	0.0	0.0	0.0	0.0	0.0	0.0	0.0	0.0	0.0	0.0	0.0	0.0	0.0	
yellow-bellied kingbird sp.	0.0	0.0	0.0	0.0	0.0	0.0	0.0	0.0	0.0	0.0	0.0	0.0	0.07142857142857142	0.0	0.0	0.0	0.0	0.5	0.0	0.0	0.5	0.0	0.0	0.0	0.0	0.0	0.0	0.0	0.0	0.0	0.0	0.0	0.0	0.0	0.0	0.0	0.0	0.0	0.0	0.0	0.0	0.0	0.0	0.0	0.0	0.0	0.0	0.0	
Eastern Kingbird	0.0	0.0	0.0	0.0	0.0	0.0	0.0	0.0	0.0	0.0	0.0	0.0	0.0	0.0	0.0	0.25	0.3333333333333333	0.0	0.0	0.0	0.0	0.0	0.0	0.0	0.0	0.0	0.0	0.0	0.0	0.0	0.0	0.0	0.0	0.0	0.0	0.0	0.0	0.0	0.0	0.0	0.041666666666666664	0.0	0.0	0.0	0.0	0.0	0.0	0.0	
Scissor-tailed Flycatcher	0.0	0.0	0.0	0.0	0.0	0.0	0.0	0.0	0.0	0.16666666666666666	0.3125	0.32	0.7142857142857143	0.6666666666666666	0.2727272727272727	1.0	0.6666666666666666	0.0	0.0	0.3333333333333333	0.0	0.0	0.0	0.0	0.0	0.0	0.0	0.0	0.0	0.0	0.0	0.0	0.0	0.0	0.0	0.0	0.0	0.6666666666666666	0.5	0.25	0.2916666666666667	0.21052631578947367	0.2857142857142857	0.0	0.0	0.0	0.0	0.08695652173913043	
flycatcher sp. (Tyrannidae sp.)	0.0	0.0	0.0	0.0	0.0	0.0	0.0	0.0	0.14285714285714285	0.0	0.0	0.08	0.0	0.0	0.09090909090909091	0.0	0.0	0.0	0.0	0.0	0.0	0.0	0.0	0.0	0.0	0.0	0.0	0.0	0.0	0.0	0.0	0.0	0.0	0.0	0.0	0.0	0.0	0.0	0.0	0.0	0.0	0.05263157894736842	0.0	0.0	0.0	0.0	0.0	0.0	
Rose-throated Becard	0.0015	0.0	0.0	0.0	0.0	0.0	0.0	0.0	0.0	0.0	0.0	0.0	0.0	0.0	0.0	0.0	0.0	0.0	0.0	0.0	0.0	0.0	0.0	0.0	0.0	0.0	0.0	0.0	0.0	0.0	0.0	0.0	0.0	0.0	0.0	0.0	0.0	0.0	0.0	0.0	0.0	0.0	0.0	0.0	0.0	0.0	0.0	0.0	
Loggerhead Shrike	0.0	0.2727272727272727	0.0	0.2631578947368421	0.3333333333333333	0.1	0.09090909090909091	0.14285714285714285	0.14285714285714285	0.08333333333333333	0.0	0.04	0.14285714285714285	0.0	0.18181818181818182	0.0	0.0	0.0	0.0	0.0	0.0	0.0	0.0	0.0	0.0	0.0	0.0	0.0	0.0	0.0	0.0	0.0	0.0	0.0	0.5	1.0	1.0	0.0	0.0	0.0	0.125	0.2631578947368421	0.0	0.0	0.125	0.14285714285714285	0.6666666666666666	0.17391304347826086	
White-eyed Vireo	0.0	0.09090909090909091	0.2222222222222222	0.5263157894736842	0.5555555555555556	0.35	0.4090909090909091	0.42857142857142855	0.7142857142857143	0.3333333333333333	0.375	0.36	0.42857142857142855	0.3333333333333333	0.5454545454545454	0.25	0.3333333333333333	0.5	1.0	0.6666666666666666	0.5	0.0	0.3333333333333333	0.0	0.0	0.5	1.0	1.0	0.3333333333333333	0.0	0.0	1.0	0.0	0.0	0.0	1.0	0.0	0.3333333333333333	0.25	0.375	0.3333333333333333	0.42105263157894735	0.2857142857142857	0.5454545454545454	0.5	0.14285714285714285	0.3333333333333333	0.30434782608695654	
Blue-headed Vireo	0.25	0.09090909090909091	0.0	0.0	0.0	0.0015	0.045454545454545456	0.047619047619047616	0.0015	0.0	0.0	0.0	0.0	0.0	0.0	0.0	0.0	0.0	0.0	0.0	0.0	0.0	0.0	0.0	0.0	0.0	0.0	0.0	0.0	0.0	0.0	0.0	0.0	0.0	0.0	0.0	0.0	0.0	0.0	0.0	0.041666666666666664	0.05263157894736842	0.0	0.0	0.125	0.2857142857142857	0.3333333333333333	0.043478260869565216	
Philadelphia Vireo	0.0	0.0	0.0	0.0	0.0	0.0	0.0	0.0	0.0	0.0	0.0	0.0	0.0	0.0	0.0	0.25	0.0	0.0	0.0	0.0	0.0	0.0	0.0	0.0	0.0	0.0	0.0	0.0	0.0	0.0	0.0	0.0	0.0	0.0	0.0	0.0	0.0	0.0	0.0	0.0	0.0	0.0	0.0	0.0	0.0	0.0	0.0	0.0	
Warbling Vireo	0.0	0.0	0.0	0.0	0.0	0.0	0.0	0.0	0.0	0.0	0.0	0.0	0.0	0.0	0.0	0.0	0.0	0.0	0.0	0.0	0.0	0.0	0.0	0.0	0.0	0.0	0.0	0.0	0.0	0.0	0.0	0.0	0.0	0.0	0.0	1.0	0.0	0.0	0.0	0.0	0.0	0.0	0.0	0.0	0.0	0.0	0.0	0.0	
Red-eyed Vireo	0.0	0.0	0.0	0.0	0.0	0.0	0.0	0.0	0.0	0.0	0.0	0.0	0.0	0.0	0.0	0.0	0.3333333333333333	0.0	0.0	0.0	0.0	0.0	0.0	0.0	0.0	0.0	0.0	0.0	0.0	0.0	0.0	0.0	0.0	0.0	0.0	0.0	0.0	0.0	0.0	0.0	0.0	0.0	0.0	0.0	0.0	0.0	0.0	0.0	
vireo sp.	0.0	0.0	0.0	0.0	0.1111111111111111	0.0	0.0	0.0	0.0	0.0	0.0	0.0	0.0	0.0	0.0	0.0	0.0	0.0	0.0	0.0	0.0	0.0	0.0	0.0	0.0	0.0	0.0	0.0	0.0	0.0	0.0	0.0	0.0	0.0	0.0	0.0	0.0	0.0	0.0	0.0	0.0	0.0	0.0	0.0	0.0	0.0	0.0	0.0	
Green Jay	0.5	0.45454545454545453	0.6666666666666666	0.7894736842105263	0.8888888888888888	0.65	0.36363636363636365	0.7142857142857143	0.7142857142857143	0.08333333333333333	0.5	0.4	0.42857142857142855	0.5555555555555556	0.6363636363636364	0.75	0.3333333333333333	0.0	0.0	0.3333333333333333	0.5	0.0	0.6666666666666666	0.0	0.0	0.5	1.0	0.0	0.6666666666666666	0.0	0.0	1.0	0.0	0.0	0.5	1.0	0.0	0.3333333333333333	0.5	0.375	0.5416666666666666	0.631578947368421	0.5714285714285714	0.45454545454545453	0.875	0.5714285714285714	0.3333333333333333	0.43478260869565216	
Horned Lark	0.0	0.0	0.0	0.0	0.1111111111111111	0.0	0.0	0.0	0.0	0.0	0.0	0.0	0.0	0.0	0.0	0.0	0.0	0.0	0.0	0.0	0.0	0.0	0.0	0.0	0.0	0.0	0.0	0.0	0.0	0.0	0.0	0.0	0.0	0.0	0.0	0.0	0.0	0.0	0.0	0.0	0.0	0.0	0.0	0.0	0.0	0.0	0.0	0.0	
Northern Rough-winged Swallow	0.0	0.09090909090909091	0.0	0.10526315789473684	0.1111111111111111	0.05	0.045454545454545456	0.19047619047619047	0.2857142857142857	0.16666666666666666	0.5	0.32	0.14285714285714285	0.2222222222222222	0.5454545454545454	0.25	0.3333333333333333	0.5	0.0	0.3333333333333333	0.0	0.0	0.3333333333333333	0.0	0.0	0.0	0.0	1.0	0.0	0.0	0.0	0.0	0.0	0.0	1.0	1.0	1.0	0.6666666666666666	0.25	0.125	0.375	0.15789473684210525	0.2857142857142857	0.0	0.0	0.0	0.0	0.08695652173913043	
Purple Martin	0.0	0.0	0.0	0.0015	0.0	0.0	0.0	0.047619047619047616	0.14285714285714285	0.0	0.0625	0.04	0.14285714285714285	0.0	0.0	0.0	0.6666666666666666	0.5	0.0	0.0	0.0	0.0	0.3333333333333333	0.0	0.0	0.5	0.0	0.0	0.0	0.0	0.0	0.0	0.0	0.0	0.5	0.0	0.0	0.0	0.0	0.0	0.0	0.0	0.0	0.0	0.0	0.0	0.0	0.0	
Tree Swallow	0.5	0.36363636363636365	0.1111111111111111	0.631578947368421	0.3333333333333333	0.4	0.4090909090909091	0.7142857142857143	0.42857142857142855	0.0015	0.1875	0.28	0.2857142857142857	0.3333333333333333	0.09090909090909091	0.0	0.3333333333333333	0.0	0.0	0.0	0.0	0.0	0.0	0.0	0.0	0.0	0.0	0.0	0.0	0.0	0.0	0.0	0.0	0.0	0.0	0.0	0.0	0.3333333333333333	0.25	0.0	0.25	0.47368421052631576	0.5714285714285714	0.6363636363636364	0.375	0.42857142857142855	0.3333333333333333	0.34782608695652173	
Bank Swallow	0.0	0.0	0.0	0.0	0.0	0.0	0.0	0.0	0.0	0.0	0.0625	0.0	0.07142857142857142	0.2222222222222222	0.09090909090909091	0.25	0.6666666666666666	0.5	0.0	0.0	0.0	0.0	0.0	0.0	0.0	0.0	0.0	0.0	0.0	0.0	0.0	0.0	0.0	0.0	0.5	0.0	0.0	0.0	0.25	0.0	0.0	0.0	0.0	0.09090909090909091	0.0	0.0	0.0	0.0	
Barn Swallow	0.0	0.0	0.0	0.0	0.0	0.0	0.0	0.0	0.2857142857142857	0.0	0.1875	0.08	0.2857142857142857	0.4444444444444444	0.5454545454545454	0.25	0.3333333333333333	0.5	0.0	0.0	0.0	0.0	0.0	0.0	0.0	0.0	0.0	0.0	0.0	0.0	0.0	0.0	0.0	0.0	0.5	1.0	0.0015	0.6666666666666666	1.0	0.625	0.75	0.3684210526315789	0.42857142857142855	0.09090909090909091	0.125	0.0	0.0	0.043478260869565216	
Cliff Swallow	0.0	0.0	0.0	0.0	0.0	0.0	0.0	0.047619047619047616	0.0	0.0	0.0	0.04	0.07142857142857142	0.0	0.09090909090909091	0.0	0.0	0.0	0.0	0.0	0.0	0.0	0.0	0.0	0.0	0.0	0.0	0.0	0.0	0.0	0.0	0.0	0.0	0.0	0.0	0.0	0.0	0.0	0.0	0.0	0.08333333333333333	0.05263157894736842	0.0	0.0	0.0	0.0	0.0	0.0	
Cave Swallow	0.25	0.18181818181818182	0.2222222222222222	0.2631578947368421	0.2222222222222222	0.1	0.045454545454545456	0.09523809523809523	0.14285714285714285	0.0015	0.125	0.08	0.07142857142857142	0.0	0.0	0.0	0.0	0.0	0.0	0.0	0.0	0.0	0.0	0.0	0.0	0.0	0.0	0.0	0.0	0.0	0.0	0.0	0.0	0.0	0.0015	0.0	0.0	0.0	0.0	0.125	0.20833333333333334	0.05263157894736842	0.42857142857142855	0.0	0.0	0.14285714285714285	0.0	0.13043478260869565	
Cliff/Cave Swallow	0.0	0.0	0.0	0.0	0.0	0.05	0.0	0.0	0.0	0.0	0.125	0.0	0.0	0.0	0.0	0.0	0.3333333333333333	0.0	0.0	0.0	0.0	0.0	0.0	0.0	0.0	0.0	0.0	0.0	0.0	0.0	0.0	0.0	0.0	0.0	0.0	0.0	0.0	0.0	0.0	0.125	0.08333333333333333	0.05263157894736842	0.0	0.0	0.0	0.0	0.0	0.043478260869565216	
swallow sp.	0.0	0.09090909090909091	0.0	0.0	0.1111111111111111	0.0	0.0	0.0	0.2857142857142857	0.0	0.125	0.12	0.0	0.0	0.2727272727272727	0.25	0.0	0.0	0.0	0.0	0.0	0.0	0.0	0.0	0.0	0.0	0.0	0.0	0.0	0.0	0.0	0.0	0.0	0.0	0.0	0.0	0.0	0.0	0.0	0.375	0.125	0.0	0.14285714285714285	0.0	0.0	0.0	0.0	0.08695652173913043	
Black-crested Titmouse	0.25	0.5454545454545454	0.2222222222222222	0.47368421052631576	0.4444444444444444	0.5	0.36363636363636365	0.6666666666666666	0.7142857142857143	0.3333333333333333	0.5625	0.52	0.5	0.7777777777777778	0.8181818181818182	0.75	1.0	0.0	1.0	1.0	1.0	1.0	1.0	0.0	0.0	1.0	1.0	1.0	0.6666666666666666	0.0	0.0	1.0	0.0	0.0	0.5	0.0	0.0	0.0	0.25	0.25	0.4166666666666667	0.631578947368421	0.7142857142857143	0.36363636363636365	0.5	0.2857142857142857	0.6666666666666666	0.391304347826087	
Verdin	0.0	0.0	0.0	0.05263157894736842	0.1111111111111111	0.15	0.0	0.19047619047619047	0.14285714285714285	0.0	0.125	0.04	0.07142857142857142	0.1111111111111111	0.09090909090909091	0.0	0.6666666666666666	0.0	0.0	0.0	0.0	0.0	0.3333333333333333	0.0	0.0	0.5	0.0	1.0	0.0	0.0	0.0	0.0	0.0	0.0	0.0	0.0	0.0	0.0	0.0	0.0	0.0	0.42105263157894735	0.2857142857142857	0.18181818181818182	0.0	0.14285714285714285	0.3333333333333333	0.0	
House Wren	0.5	0.18181818181818182	0.1111111111111111	0.2631578947368421	0.2222222222222222	0.05	0.09090909090909091	0.14285714285714285	0.0015	0.08333333333333333	0.125	0.16	0.07142857142857142	0.1111111111111111	0.0	0.0	0.3333333333333333	0.0	0.0	0.0	0.0	0.0	0.0	0.0	0.0	0.0	0.0	0.0	0.0	0.0	0.0	0.0	0.0	0.0	0.0	1.0	0.0	0.3333333333333333	0.0	0.375	0.4166666666666667	0.6842105263157895	0.2857142857142857	0.45454545454545453	0.5	0.2857142857142857	0.3333333333333333	0.17391304347826086	
Sedge Wren	0.0	0.0	0.0	0.05263157894736842	0.0	0.0	0.09090909090909091	0.047619047619047616	0.0	0.0	0.0625	0.0	0.0	0.0	0.0	0.0	0.0	0.0	0.0	0.0	0.0	0.0	0.0	0.0	0.0	0.0	0.0	0.0	0.0	0.0	0.0	0.0	0.0	0.0	0.0	0.0	0.0	0.0	0.0	0.125	0.041666666666666664	0.05263157894736842	0.0	0.0	0.125	0.0	0.0	0.043478260869565216	
Marsh Wren	0.0	0.09090909090909091	0.2222222222222222	0.3684210526315789	0.0	0.1	0.09090909090909091	0.09523809523809523	0.0015	0.25	0.1875	0.08	0.21428571428571427	0.2222222222222222	0.2727272727272727	0.0	0.0	0.0	0.0	0.0	0.0	0.0	0.0	0.0	0.0	0.0	0.0	0.0	0.0	0.0	0.0	0.0	0.0	0.0	0.0	0.0	0.0	0.0	0.5	0.0	0.20833333333333334	0.10526315789473684	0.2857142857142857	0.09090909090909091	0.0	0.14285714285714285	0.0	0.13043478260869565	
Carolina Wren	0.25	0.36363636363636365	0.2222222222222222	0.2631578947368421	0.4444444444444444	0.3	0.22727272727272727	0.23809523809523808	0.42857142857142855	0.16666666666666666	0.1875	0.24	0.35714285714285715	0.2222222222222222	0.2727272727272727	0.25	0.0	0.0	1.0	1.0	0.5	1.0	0.0	0.0	0.0	0.5	0.0	1.0	0.6666666666666666	0.0	0.0	0.0	0.0	0.0	0.5	0.0	0.0	0.3333333333333333	0.0	0.375	0.20833333333333334	0.3684210526315789	0.5714285714285714	0.45454545454545453	0.5	0.2857142857142857	0.6666666666666666	0.17391304347826086	
Bewick's Wren	0.0	0.09090909090909091	0.1111111111111111	0.05263157894736842	0.0	0.0	0.0	0.047619047619047616	0.0015	0.0	0.0	0.12	0.0	0.0	0.0	0.0	0.0	0.0	0.0	0.0	0.0	0.0	0.0	0.0	0.0	0.0	0.0	1.0	0.0	0.0	0.0	0.0	0.0	0.0	0.0	0.0	0.0	0.0	0.0	0.125	0.041666666666666664	0.05263157894736842	0.0	0.0	0.0	0.14285714285714285	0.0	0.043478260869565216	
wren sp.	0.0	0.0	0.0	0.0	0.0	0.0	0.0	0.0	0.0	0.0	0.0	0.0	0.0	0.1111111111111111	0.0	0.0	0.0	0.0	0.0	0.0	0.0	0.0	0.0	0.0	0.0	0.0	0.0	0.0	0.0	0.0	0.0	0.0	0.0	0.0	0.0	0.0	0.0	0.0	0.0	0.0	0.0	0.0	0.0	0.0	0.0	0.0	0.0	0.0	
Blue-gray Gnatcatcher	0.5	0.36363636363636365	0.6666666666666666	0.47368421052631576	0.7777777777777778	0.65	0.22727272727272727	0.5714285714285714	0.5714285714285714	0.4166666666666667	0.4375	0.6	0.42857142857142855	0.2222222222222222	0.0	0.0	0.0	0.0	0.0	0.0	0.0	0.0	0.0	0.0	0.0	0.0	0.0	0.0	0.0	0.0	0.0	0.0	0.0	0.0	1.0	1.0	0.0	0.0	0.5	0.375	0.5416666666666666	0.6842105263157895	0.7142857142857143	0.5454545454545454	0.625	0.42857142857142855	0.6666666666666666	0.5217391304347826	
Ruby-crowned Kinglet	0.5	0.36363636363636365	0.4444444444444444	0.2631578947368421	0.2222222222222222	0.4	0.09090909090909091	0.3333333333333333	0.2857142857142857	0.08333333333333333	0.1875	0.2	0.07142857142857142	0.0	0.0	0.0	0.0	0.0	0.0	0.0	0.0	0.0	0.0	0.0	0.0	0.0	0.0	0.0	0.0	0.0	0.0	0.0	0.0	0.0	0.0	0.0	0.0	0.3333333333333333	0.0	0.125	0.20833333333333334	0.631578947368421	0.5714285714285714	0.45454545454545453	0.625	0.14285714285714285	0.6666666666666666	0.5217391304347826	
Hermit Thrush	0.0	0.0	0.0	0.0	0.0	0.0	0.0	0.047619047619047616	0.0	0.0	0.0	0.0	0.0	0.0	0.0	0.0	0.0	0.0	0.0	0.0	0.0	0.0	0.0	0.0	0.0	0.0	0.0	0.0	0.0	0.0	0.0	0.0	0.0	0.0	0.0	0.0	0.0	0.0	0.0	0.0	0.0	0.0	0.0	0.0	0.0	0.0	0.0	0.043478260869565216	
Catharus sp.	0.0	0.0	0.0	0.0	0.0	0.0	0.0	0.0	0.0	0.0	0.0	0.0	0.0	0.0	0.0	0.0	0.3333333333333333	0.0	0.0	0.0	0.0	0.0	0.0	0.0	0.0	0.0	0.0	0.0	0.0	0.0	0.0	0.0	0.0	0.0	0.0	0.0	0.0	0.0	0.0	0.0	0.0	0.0	0.0	0.0	0.0	0.0	0.0	0.0	
Wood Thrush	0.0	0.0	0.0	0.0	0.0	0.0	0.0	0.0	0.0	0.0	0.0	0.0	0.0	0.0	0.0	0.0	0.0	0.0	0.0	0.0	0.0	0.0	0.0	0.0	0.0	0.0	0.0	0.0	0.0	0.0	0.0	0.0	0.0	0.0	0.0	0.0	0.0	0.0	0.0	0.0	0.0	0.0	0.0	0.09090909090909091	0.0	0.0	0.0	0.0	
Clay-colored Thrush	0.0	0.0	0.0	0.10526315789473684	0.1111111111111111	0.05	0.0	0.14285714285714285	0.14285714285714285	0.08333333333333333	0.0625	0.08	0.0	0.2222222222222222	0.09090909090909091	0.0	0.0	0.5	0.0	0.3333333333333333	0.0	0.0	0.3333333333333333	0.0	0.0	1.0	0.0	1.0	0.0	0.0	0.0	1.0	0.0	0.0	0.0	0.0	0.0	0.0	0.0	0.0015	0.041666666666666664	0.0	0.0	0.09090909090909091	0.0	0.0	0.0	0.08695652173913043	
American Robin	0.0	0.0	0.0	0.05263157894736842	0.0	0.1	0.0	0.047619047619047616	0.0	0.0	0.0	0.0	0.0	0.0	0.0	0.0	0.0	0.0	0.0	0.0	0.0	0.0	0.0	0.0	0.0	0.0	0.0	0.0	0.0	0.0	0.0	0.0	0.0	0.0	0.0	0.0	0.0	0.0	0.0	0.0	0.0	0.0	0.0	0.0	0.0	0.0	0.0	0.0	
Turdus sp.	0.0	0.0	0.0	0.0	0.1111111111111111	0.0	0.0	0.0	0.0	0.0	0.0	0.0	0.0	0.0	0.0	0.0	0.0	0.0	0.0	0.0	0.0	0.0	0.0	0.0	0.0	0.0	0.0	0.0	0.0	0.0	0.0	0.0	0.0	0.0	0.0	0.0	0.0	0.0	0.0	0.0	0.0	0.0	0.0	0.0	0.0	0.0	0.0	0.0	
Gray Catbird	0.0	0.0	0.0	0.0	0.0	0.0	0.0	0.047619047619047616	0.0	0.08333333333333333	0.0	0.04	0.0	0.0	0.0	0.0	0.0	0.5	0.0	0.0	0.0	0.0	0.0	0.0	0.0	0.0	0.0	0.0	0.0	0.0	0.0	0.0	0.0	0.0	0.0	0.0	0.0	0.0	0.0	0.0	0.08333333333333333	0.10526315789473684	0.14285714285714285	0.0	0.125	0.0	0.0	0.0	
Curve-billed Thrasher	0.0	0.0	0.0	0.05263157894736842	0.0	0.0	0.0	0.047619047619047616	0.0	0.0	0.125	0.0	0.07142857142857142	0.0	0.09090909090909091	0.0	0.0015	0.5	0.0	0.0	0.0	0.0	0.0	0.0	0.0	0.0	0.0	0.0	0.0015	0.0	0.0	0.0	0.0	0.0	0.0	1.0	0.0	0.0	0.0	0.0	0.0015	0.0015	0.0	0.09090909090909091	0.25	0.14285714285714285	0.0	0.0	
Long-billed Thrasher	0.25	0.36363636363636365	0.1111111111111111	0.15789473684210525	0.1111111111111111	0.2	0.22727272727272727	0.3333333333333333	0.5714285714285714	0.08333333333333333	0.25	0.16	0.14285714285714285	0.3333333333333333	0.36363636363636365	0.25	0.6666666666666666	1.0	1.0	0.6666666666666666	0.0	1.0	0.6666666666666666	0.0	0.0	0.5	1.0	1.0	0.3333333333333333	0.0	0.0	0.0	0.0	0.0	0.5	0.0	0.0	0.0	0.0	0.375	0.20833333333333334	0.47368421052631576	0.42857142857142855	0.36363636363636365	0.125	0.42857142857142855	0.3333333333333333	0.2608695652173913	
Northern Mockingbird	0.75	0.7272727272727273	0.6666666666666666	0.7368421052631579	0.5555555555555556	0.5	0.36363636363636365	0.5238095238095238	0.5714285714285714	0.3333333333333333	0.5625	0.32	0.5714285714285714	0.7777777777777778	0.7272727272727273	0.75	0.6666666666666666	1.0	0.0	0.6666666666666666	1.0	1.0	1.0	0.0	0.0	0.5	1.0	1.0	0.6666666666666666	0.0	0.0	1.0	0.0	0.0	1.0	1.0	0.0	0.6666666666666666	0.5	0.375	0.4583333333333333	0.3684210526315789	0.42857142857142855	0.36363636363636365	0.625	0.5714285714285714	0.6666666666666666	0.391304347826087	
European Starling	0.25	0.18181818181818182	0.4444444444444444	0.2631578947368421	0.0	0.15	0.045454545454545456	0.19047619047619047	0.0015	0.0	0.0625	0.16	0.07142857142857142	0.1111111111111111	0.09090909090909091	0.25	0.6666666666666666	0.5	0.0	0.6666666666666666	0.0	0.0	0.3333333333333333	0.0	0.0	0.0	0.0	0.0	0.0	0.0	0.0	0.0	0.0	0.0	0.0	0.0	0.0	0.0	0.25	0.125	0.16666666666666666	0.2631578947368421	0.0	0.18181818181818182	0.125	0.0	0.3333333333333333	0.043478260869565216	
American Pipit	0.0	0.18181818181818182	0.2222222222222222	0.10526315789473684	0.2222222222222222	0.05	0.13636363636363635	0.0	0.0	0.0	0.0	0.0	0.0	0.0	0.0	0.0	0.0	0.0	0.0	0.0	0.0	0.0	0.0	0.0	0.0	0.0	0.0	0.0	0.0	0.0	0.0	0.0	0.0	0.0	0.0	0.0	0.0	0.0	0.0	0.0	0.08333333333333333	0.10526315789473684	0.2857142857142857	0.09090909090909091	0.0	0.2857142857142857	0.0	0.17391304347826086	
Cedar Waxwing	0.0	0.0	0.0	0.0	0.0	0.0	0.0	0.047619047619047616	0.0	0.0	0.125	0.0	0.07142857142857142	0.0	0.0	0.0	0.0	0.0	0.0	0.0	0.0	0.0	0.0	0.0	0.0	0.0	0.0	0.0	0.0	0.0	0.0	0.0	0.0	0.0	0.0	0.0	0.0	0.0	0.0	0.0	0.0	0.0	0.0	0.0	0.0	0.0	0.0	0.0	
Lesser Goldfinch	0.0	0.09090909090909091	0.0	0.0015	0.1111111111111111	0.0	0.045454545454545456	0.047619047619047616	0.0	0.08333333333333333	0.0625	0.2	0.07142857142857142	0.0	0.0	0.0	0.0	0.0	0.0	0.3333333333333333	0.0	0.0	0.6666666666666666	0.0	0.0	0.5	0.0	1.0	0.3333333333333333	0.0	0.0	0.0	0.0	0.0	0.0	1.0	0.0	0.0	0.0	0.0	0.08333333333333333	0.0	0.0	0.0	0.125	0.0	0.0	0.043478260869565216	
American Goldfinch	0.0	0.0	0.0	0.05263157894736842	0.0	0.0	0.0	0.0	0.14285714285714285	0.08333333333333333	0.0	0.0	0.0	0.0	0.0	0.0	0.0	0.0	0.0	0.0	0.0	0.0	0.0	0.0	0.0	0.0	0.0	0.0	0.0	0.0	0.0	0.0	0.0	0.0	0.0	0.0	0.0	0.0	0.0	0.0	0.0	0.0	0.2857142857142857	0.2727272727272727	0.125	0.14285714285714285	0.6666666666666666	0.2608695652173913	
Cassin's Sparrow	0.0	0.0	0.0	0.0	0.0	0.0	0.0	0.0	0.0	0.0	0.0	0.0	0.0	0.0	0.0015	0.0	0.0	0.0	0.0	0.0	0.0	0.0	0.0	0.0	0.0	0.0	0.0	0.0	0.0	0.0	0.0	0.0	0.0	0.0	0.0	0.0	0.0	0.0	0.0	0.0	0.0	0.0	0.0	0.0	0.0	0.0	0.0	0.0	
Grasshopper Sparrow	0.0	0.0	0.0	0.0	0.0	0.0	0.09090909090909091	0.0	0.0	0.0	0.0	0.04	0.0	0.0	0.09090909090909091	0.0	0.0	0.0	0.0	0.0	0.0	0.0	0.0	0.0	0.0	0.0	0.0	0.0	0.0	0.0	0.0	0.0	0.0	0.0	0.0	0.0	0.0	0.0	0.0	0.0	0.0	0.0	0.0	0.0	0.0	0.0	0.0	0.0	
Olive Sparrow	0.0	0.09090909090909091	0.5555555555555556	0.2631578947368421	0.2222222222222222	0.3	0.22727272727272727	0.3333333333333333	0.42857142857142855	0.16666666666666666	0.25	0.24	0.35714285714285715	0.6666666666666666	0.36363636363636365	0.0	0.3333333333333333	1.0	1.0	1.0	1.0	1.0	1.0	0.0	0.0	0.5	1.0	1.0	0.3333333333333333	0.0	0.0	0.0	0.0	0.0	0.5	0.0	0.0	0.0	0.0	0.125	0.16666666666666666	0.3157894736842105	0.14285714285714285	0.0	0.0	0.0	0.0	0.13043478260869565	
Chipping Sparrow	0.0	0.0	0.0	0.0	0.0	0.0	0.0	0.0	0.0	0.08333333333333333	0.0	0.0	0.0	0.0	0.18181818181818182	0.0	0.0	0.0	0.0	0.0	0.0	0.0	0.0	0.0	0.0	0.0	0.0	0.0	0.0	0.0	0.0	0.0	0.0	0.0	0.0	0.0	0.0	0.0	0.0	0.0	0.0	0.0	0.0	0.0	0.0	0.0	0.0	0.0	
Clay-colored Sparrow	0.0	0.0	0.0	0.0	0.0	0.0	0.0	0.0	0.0	0.0	0.0	0.08	0.0	0.0	0.09090909090909091	0.0	0.0	0.0	0.0	0.0	0.0	0.0	0.0	0.0	0.0	0.0	0.0	0.0	0.0	0.0	0.0	0.0	0.0	0.0	0.0	0.0	0.0	0.0	0.0	0.0	0.041666666666666664	0.05263157894736842	0.0	0.09090909090909091	0.0	0.0	0.0	0.0	
Spizella sp.	0.0	0.0	0.0	0.0	0.0	0.0	0.0	0.0	0.0	0.0	0.0	0.0	0.0	0.0	0.0	0.0	0.0	0.0	0.0	0.0	0.0	0.0	0.0	0.0	0.0	0.0	0.0	0.0	0.0	0.0	0.0	0.0	0.0	0.0	0.0	0.0	0.0	0.0	0.0	0.0015	0.0	0.0	0.0	0.0	0.0	0.0	0.0	0.0	
Black-throated Sparrow	0.0	0.0	0.0	0.0	0.1111111111111111	0.0	0.0	0.0	0.0	0.0	0.0	0.0	0.0	0.0	0.0	0.0	0.0	0.0	0.0	0.0	0.0	0.0	0.0	0.0	0.0	0.0	0.0	0.0	0.0	0.0	0.0	0.0	0.0	0.0	0.0	0.0	0.0	0.0	0.0	0.0	0.0	0.0	0.0	0.0	0.0	0.0	0.0	0.0	
Lark Sparrow	0.0	0.0	0.0	0.0	0.0	0.0	0.0	0.0	0.0015	0.0	0.0	0.12	0.0	0.0	0.09090909090909091	0.0	0.3333333333333333	0.0	0.0	0.0	0.0	0.0	0.0	0.0	0.0	0.0	0.0	0.0	0.3333333333333333	0.0	0.0	0.0	0.0	0.0	0.0	0.0	0.0	0.0	0.0	0.0	0.0	0.0	0.0	0.0	0.125	0.0	0.0	0.0	
White-crowned Sparrow	0.0	0.0	0.0	0.0	0.1111111111111111	0.0	0.0	0.0	0.0	0.0	0.0	0.0	0.0	0.0	0.0	0.0	0.0	0.0	0.0	0.0	0.0	0.0	0.0	0.0	0.0	0.0	0.0	0.0	0.0	0.0	0.0	0.0	0.0	0.0	0.0	0.0	0.0	0.0	0.0	0.0	0.08333333333333333	0.0	0.0	0.0	0.0	0.0	0.0	0.0	
Vesper Sparrow	0.0	0.0	0.0	0.10526315789473684	0.0	0.0	0.09090909090909091	0.0	0.0	0.0	0.0	0.0	0.07142857142857142	0.0	0.0	0.0	0.0	0.0	0.0	0.0	0.0	0.0	0.0	0.0	0.0	0.0	0.0	0.0	0.0	0.0	0.0	0.0	0.0	0.0	0.0	0.0	0.0	0.0	0.0	0.0	0.0	0.0	0.0	0.0	0.0	0.14285714285714285	0.0	0.0	
Savannah Sparrow	0.0	0.2727272727272727	0.3333333333333333	0.5263157894736842	0.5555555555555556	0.2	0.18181818181818182	0.09523809523809523	0.0015	0.25	0.25	0.04	0.21428571428571427	0.0	0.18181818181818182	0.0	0.0	0.0	0.0	0.0	0.0	0.0	0.0	0.0	0.0	0.0	0.0	0.0	0.0	0.0	0.0	0.0	0.0	0.0	0.0	0.0	0.0	0.0	0.0	0.0	0.0	0.15789473684210525	0.2857142857142857	0.09090909090909091	0.25	0.14285714285714285	0.6666666666666666	0.2608695652173913	
Lincoln's Sparrow	0.0	0.18181818181818182	0.1111111111111111	0.3157894736842105	0.2222222222222222	0.1	0.13636363636363635	0.47619047619047616	0.42857142857142855	0.3333333333333333	0.5	0.12	0.14285714285714285	0.2222222222222222	0.09090909090909091	0.25	0.0	0.0	0.0	0.0	0.0	0.0	0.0	0.0	0.0	0.0	0.0	0.0	0.0	0.0	0.0	0.0	0.0	0.0	0.0	0.0	0.0	0.0	0.0	0.25	0.2916666666666667	0.3684210526315789	0.14285714285714285	0.09090909090909091	0.125	0.14285714285714285	0.3333333333333333	0.2608695652173913	
Swamp Sparrow	0.0	0.0	0.0	0.0	0.1111111111111111	0.0	0.09090909090909091	0.0	0.0	0.0	0.0	0.04	0.0	0.1111111111111111	0.0	0.0	0.0	0.0	0.0	0.0	0.0	0.0	0.0	0.0	0.0	0.0	0.0	0.0	0.0	0.0	0.0	0.0	0.0	0.0	0.0	0.0	0.0	0.0	0.0	0.0	0.041666666666666664	0.05263157894736842	0.14285714285714285	0.18181818181818182	0.0	0.0	0.3333333333333333	0.0	
sparrow sp.	0.0	0.0	0.0	0.05263157894736842	0.0	0.0	0.045454545454545456	0.0	0.0	0.08333333333333333	0.0625	0.04	0.0	0.0	0.18181818181818182	0.0	0.0	0.0	0.0	0.0	0.0	0.0	0.0	0.0	0.0	0.0	0.0	0.0	0.0	0.0	0.0	0.0	0.0	0.0	0.0	0.0	0.0	0.0	0.0	0.0	0.0	0.0	0.0	0.0	0.0	0.0	0.0	0.0	
Yellow-breasted Chat	0.0	0.0	0.0	0.0	0.0	0.0	0.0	0.0	0.0	0.0	0.0	0.0	0.0	0.0	0.09090909090909091	0.0	0.0	0.0	0.0	0.0	0.0	0.0	0.0	0.0	0.0	0.0	0.0	0.0	0.0	0.0	0.0	0.0	0.0	0.0	0.0	0.0	0.0	0.0	0.0	0.0	0.0	0.0	0.0	0.0	0.0	0.0	0.0	0.0	
Yellow-headed Blackbird	0.0	0.09090909090909091	0.0	0.0	0.0	0.0	0.045454545454545456	0.0	0.0	0.0	0.0	0.0	0.0	0.0	0.0	0.25	0.0	0.0	1.0	0.0	0.0	0.0	0.0	0.0	0.0	0.0	0.0	0.0	0.0	0.0	0.0	0.0	0.0	0.0	0.0	0.0	0.0	0.0	0.0	0.0	0.0	0.0	0.0	0.0	0.0	0.0	0.0	0.0	
Western Meadowlark	0.25	0.36363636363636365	0.1111111111111111	0.10526315789473684	0.0	0.1	0.0	0.047619047619047616	0.0	0.0	0.0	0.0	0.0	0.0	0.0	0.0	0.0	0.0	0.0	0.0	0.0	0.0	0.0	0.0	0.0	0.0	0.0	0.0	0.0	0.0	0.0	0.0	0.0	0.0	0.0	0.0	0.0	0.0	0.0	0.0	0.08333333333333333	0.2631578947368421	0.0	0.0	0.0	0.0	0.3333333333333333	0.0	
Eastern Meadowlark	0.0	0.09090909090909091	0.1111111111111111	0.10526315789473684	0.0	0.1	0.22727272727272727	0.047619047619047616	0.2857142857142857	0.25	0.125	0.08	0.0	0.1111111111111111	0.0	0.0	0.0	0.5	0.0	0.0	0.0	0.0	0.0	0.0	0.0	0.0	0.0	0.0	0.0	0.0	0.0	0.0	0.0	0.0	0.0	0.0	0.0	0.0	0.25	0.125	0.0	0.0	0.14285714285714285	0.0	0.0	0.2857142857142857	0.0	0.043478260869565216	
Western/Eastern Meadowlark	0.25	0.18181818181818182	0.1111111111111111	0.3157894736842105	0.2222222222222222	0.1	0.09090909090909091	0.047619047619047616	0.0015	0.0	0.0	0.0	0.0	0.0	0.09090909090909091	0.0	0.0	0.0	0.0	0.0	0.0	0.0	0.0	0.0	0.0	0.0	0.0	0.0	0.0	0.0	0.0	0.0	0.0	0.0	0.0	0.0	0.0	0.0	0.0	0.125	0.08333333333333333	0.21052631578947367	0.2857142857142857	0.09090909090909091	0.0	0.0	0.0	0.30434782608695654	
Orchard Oriole	0.0	0.0	0.0	0.0	0.0	0.0	0.0	0.0	0.0	0.0	0.0	0.0	0.0	0.0	0.0	0.0	0.0	0.0	0.0	0.0	0.0	0.0	0.0	0.0	0.0	0.0	1.0	0.0	0.3333333333333333	0.0	0.0	0.0	0.0	0.0	0.5	0.0	0.0	0.0	0.0	0.0	0.0	0.0	0.0	0.0	0.0	0.0	0.0	0.0	
Hooded Oriole	0.0	0.0	0.0	0.0	0.0	0.0	0.0	0.0	0.0	0.08333333333333333	0.0625	0.04	0.07142857142857142	0.4444444444444444	0.09090909090909091	0.0	0.0	0.5	0.0	0.0	0.0	0.0	0.0	0.0	0.0	0.5	0.0	0.0	0.3333333333333333	0.0	0.0	0.0	0.0	0.0	0.5	0.0	0.0	0.0	0.0	0.0	0.041666666666666664	0.0	0.14285714285714285	0.09090909090909091	0.0	0.14285714285714285	0.0	0.0	
Bullock's Oriole	0.0	0.0	0.0	0.0	0.0	0.0	0.0	0.0	0.0	0.0	0.0	0.0	0.0	0.0	0.09090909090909091	0.0	0.0	0.0	0.0	0.0	0.0	0.0	0.0	0.0	0.0	0.0	0.0	0.0	0.0	0.0	0.0	0.0	0.0	0.0	0.0	0.0	0.0	0.0	0.0	0.0	0.0	0.0	0.0	0.0	0.0	0.0	0.0	0.0	
Altamira Oriole	0.5	0.45454545454545453	0.6666666666666666	0.5263157894736842	0.6666666666666666	0.25	0.2727272727272727	0.38095238095238093	0.5714285714285714	0.08333333333333333	0.4375	0.16	0.2857142857142857	0.5555555555555556	0.7272727272727273	0.25	0.6666666666666666	0.5	1.0	0.0	1.0	1.0	1.0	0.0	0.0	0.5	0.0	0.0	0.3333333333333333	0.0	0.0	1.0	0.0	0.0	0.0	1.0	0.0	0.3333333333333333	0.25	0.125	0.20833333333333334	0.2631578947368421	0.0015	0.45454545454545453	0.625	0.14285714285714285	0.3333333333333333	0.21739130434782608	
Baltimore Oriole	0.0	0.0	0.0	0.0	0.0	0.0	0.0	0.0	0.0	0.0	0.0	0.0	0.0	0.0	0.18181818181818182	0.0	0.0	0.0	0.0	0.0	0.0	0.0	0.0	0.0	0.0	0.0	0.0	0.0	0.0	0.0	0.0	0.0	0.0	0.0	0.0	0.0	0.0	0.0	0.0	0.0	0.0	0.0	0.0	0.0	0.0	0.0	0.0	0.0	
new world oriole sp.	0.0	0.0	0.0	0.0	0.0	0.0	0.0	0.0	0.0	0.0	0.0	0.0	0.0	0.0	0.09090909090909091	0.0	0.0	0.0	0.0	0.0	0.0	0.0	0.0	0.0	0.0	0.0	0.0	0.0	0.0	0.0	0.0	0.0	0.0	0.0	0.5	0.0	0.0	0.0	0.0	0.0	0.0	0.0	0.0	0.0	0.0	0.0	0.0	0.0	
Red-winged Blackbird	0.5	0.5454545454545454	0.8888888888888888	0.8421052631578947	1.0	0.9	0.7727272727272727	0.7619047619047619	0.8571428571428571	0.75	0.8125	0.72	0.7857142857142857	0.7777777777777778	0.9090909090909091	0.75	1.0	1.0	1.0	1.0	1.0	0.0	0.6666666666666666	0.0	0.0	0.5	1.0	1.0	0.6666666666666666	0.0	0.0	1.0	0.0	0.0	1.0	1.0	0.0	1.0	0.75	0.375	0.625	0.631578947368421	0.7142857142857143	0.2727272727272727	0.75	0.8571428571428571	0.6666666666666666	0.5652173913043478	
Bronzed Cowbird	0.0	0.0	0.0	0.0	0.0	0.0	0.0	0.0	0.0	0.0	0.0625	0.08	0.07142857142857142	0.2222222222222222	0.18181818181818182	0.5	0.6666666666666666	1.0	1.0	1.0	1.0	1.0	0.6666666666666666	0.0	0.0	0.5	0.0	1.0	0.0	0.0	0.0	0.0	0.0	0.0	0.0	0.0	0.0	0.0	0.0	0.0	0.0	0.15789473684210525	0.0	0.0	0.0	0.0	0.0	0.0	
Brown-headed Cowbird	0.0	0.0	0.0	0.0	0.1111111111111111	0.0	0.0	0.0	0.0	0.0	0.0	0.04	0.07142857142857142	0.1111111111111111	0.18181818181818182	0.0	0.0	0.0	1.0	0.6666666666666666	1.0	0.0	0.3333333333333333	0.0	0.0	0.0	0.0	1.0	0.0	0.0	0.0	0.0	0.0	0.0	0.0	0.0	0.0	0.0	0.0	0.0	0.041666666666666664	0.0	0.0	0.09090909090909091	0.0	0.0	0.0	0.043478260869565216	
Bronzed/Brown-headed Cowbird	0.0	0.0	0.0	0.0	0.0	0.0	0.0	0.0	0.0	0.0	0.0625	0.0	0.0	0.0	0.0	0.0	0.0	0.0	0.0	0.0	0.0	0.0	0.0	0.0	0.0	0.0	0.0	0.0	0.0	0.0	0.0	0.0	0.0	0.0	0.0	0.0	0.0	0.0	0.0	0.0	0.0	0.0	0.0	0.0	0.0	0.0	0.0	0.0	
Great-tailed Grackle	0.25	0.36363636363636365	0.3333333333333333	0.21052631578947367	0.5555555555555556	0.5	0.5454545454545454	0.47619047619047616	0.7142857142857143	0.5833333333333334	0.5625	0.56	0.6428571428571429	0.7777777777777778	0.7272727272727273	0.0	1.0	1.0	1.0	0.6666666666666666	1.0	1.0	1.0	0.0	0.0	0.5	1.0	1.0	0.6666666666666666	0.0	0.0	0.0	0.0	0.0	1.0	1.0	0.0	1.0	0.5	0.5	0.625	0.47368421052631576	0.8571428571428571	0.2727272727272727	0.5	0.42857142857142855	0.3333333333333333	0.30434782608695654	
blackbird sp.	0.0	0.0	0.0	0.0	0.0	0.0	0.0	0.0	0.0	0.0015	0.0	0.0	0.0	0.0	0.0	0.0	0.0	0.0	0.0	0.0	0.0	0.0	0.0	0.0	0.0	0.0	0.0	0.0	0.0	0.0	0.0	0.0	0.0	0.0	0.0	0.0	0.0	0.0	0.0	0.0	0.0	0.0	0.0	0.0	0.0	0.0	0.0	0.0	
Ovenbird	0.0	0.0	0.0	0.0	0.0	0.0	0.0	0.047619047619047616	0.0	0.0	0.0	0.0	0.0	0.0	0.0	0.0	0.0	0.0	0.0	0.0	0.0	0.0	0.0	0.0	0.0	0.0	0.0	0.0	0.0	0.0	0.0	0.0	0.0	0.0	0.0	0.0	0.0	0.0	0.0	0.0	0.0	0.0	0.0	0.0	0.0	0.0	0.0	0.0	
Louisiana Waterthrush	0.0	0.0	0.0	0.0	0.0	0.0	0.0	0.0	0.0	0.08333333333333333	0.0	0.04	0.0	0.0	0.09090909090909091	0.0	0.0	0.0	0.0	0.0	0.0	0.0	0.0	0.0	0.0	0.0	0.0	0.0	0.0	0.0	0.0	0.0	0.0	0.0	0.0	0.0	0.0	0.0	0.0	0.0	0.0	0.0	0.0	0.0	0.0	0.0	0.0	0.0	
Northern Waterthrush	0.0	0.0	0.0	0.0	0.0	0.0	0.0	0.0	0.0	0.0	0.0	0.0	0.0	0.0	0.0	0.0	0.0	0.0	0.0	0.0	0.0	0.0	0.0	0.0	0.0	0.0	0.0	0.0	0.0	0.0	0.0	0.0	0.0	0.0	0.5	0.0	0.0	0.0	0.0	0.0	0.0	0.0	0.0	0.0	0.0	0.0	0.0	0.0	
Black-and-white Warbler	0.25	0.0015	0.1111111111111111	0.05263157894736842	0.1111111111111111	0.05	0.0	0.047619047619047616	0.0015	0.0	0.125	0.12	0.07142857142857142	0.1111111111111111	0.0	0.25	0.3333333333333333	0.0	0.0	0.0	0.0	0.0	0.0	0.0	0.0	0.0	0.0	0.0	0.3333333333333333	0.0	0.0	0.0	0.0	0.0	0.0	0.0	0.0	0.0	0.0	0.0	0.08333333333333333	0.0	0.14285714285714285	0.0	0.0	0.0	0.0	0.043478260869565216	
Tennessee Warbler	0.0	0.0	0.0	0.0	0.0	0.0	0.0	0.0	0.0	0.0	0.0	0.0	0.0	0.0	0.0	0.25	0.3333333333333333	0.0	0.0	0.0	0.0	0.0	0.0	0.0	0.0	0.0	0.0	0.0	0.0	0.0	0.0	0.0	0.0	0.0	0.0	0.0	0.0	0.0	0.0	0.0	0.0	0.0	0.0	0.0	0.0	0.0	0.0	0.0	
Orange-crowned Warbler	0.5	0.5454545454545454	0.5555555555555556	0.5789473684210527	0.6666666666666666	0.6	0.3181818181818182	0.5714285714285714	0.5714285714285714	0.08333333333333333	0.125	0.0	0.0	0.0	0.0	0.0	0.0	0.0	0.0	0.0	0.0	0.0	0.0	0.0	0.0	0.0	0.0	0.0	0.0	0.0	0.0	0.0	0.0	0.0	0.0	0.0	0.0	0.3333333333333333	0.0	0.125	0.25	0.3684210526315789	0.14285714285714285	0.36363636363636365	0.5	0.5714285714285714	0.6666666666666666	0.4782608695652174	
Nashville Warbler	0.0	0.09090909090909091	0.1111111111111111	0.05263157894736842	0.0	0.0	0.045454545454545456	0.047619047619047616	0.0015	0.0	0.0625	0.0	0.0	0.0	0.0	0.25	0.0	0.5	0.0	0.0	0.0	0.0	0.0	0.0	0.0	0.0	0.0	0.0	0.0	0.0	0.0	0.0	0.0	0.0	0.0	0.0	0.0	0.0	0.0	0.25	0.125	0.10526315789473684	0.0	0.0	0.125	0.14285714285714285	0.0	0.043478260869565216	
Common Yellowthroat	0.5	0.36363636363636365	0.1111111111111111	0.2631578947368421	0.3333333333333333	0.35	0.3181818181818182	0.38095238095238093	0.5714285714285714	0.08333333333333333	0.6875	0.48	0.42857142857142855	0.4444444444444444	0.6363636363636364	0.25	0.3333333333333333	1.0	1.0	0.6666666666666666	1.0	0.0	0.3333333333333333	0.0	0.0	0.5	1.0	1.0	0.3333333333333333	0.0	0.0	0.0	0.0	0.0	0.0	0.0	0.0	0.3333333333333333	0.5	0.25	0.375	0.47368421052631576	0.42857142857142855	0.2727272727272727	0.375	0.42857142857142855	0.6666666666666666	0.391304347826087	
American Redstart	0.0	0.0	0.0	0.0	0.0	0.0	0.0	0.0	0.0	0.0	0.0	0.0	0.0	0.0	0.0	0.0	0.3333333333333333	0.5	0.0	0.0	0.0	0.0	0.0	0.0	0.0	0.0	0.0	0.0	0.0	0.0	0.0	0.0	0.0	0.0	0.0	0.0	0.0	0.0	0.0	0.0	0.0	0.0	0.0	0.0	0.0	0.0	0.0	0.0	
Northern Parula	0.0	0.0	0.0	0.0	0.0	0.0	0.0	0.0	0.0	0.0	0.0	0.0	0.0	0.0	0.0	0.0	0.3333333333333333	0.0	0.0	0.0	0.0	0.0	0.0	0.0	0.0	0.0	0.0	0.0	0.0	0.0	0.0	0.0	0.0	0.0	0.0	0.0	0.0	0.0	0.0	0.0	0.0	0.0	0.0	0.0	0.0	0.0	0.0	0.0	
Tropical Parula	0.0	0.0	0.0	0.0	0.0	0.0	0.0	0.0	0.0	0.0	0.0625	0.0015	0.0	0.0	0.0	0.0	0.0	0.0	0.0	0.0	0.0	0.0	0.0	0.0	0.0	0.0	0.0	0.0	0.0	0.0	0.0	0.0	0.0	0.0	0.0	0.0	0.0	0.0	0.0	0.0	0.0	0.0	0.0	0.0	0.0	0.0	0.0	0.0	
Magnolia Warbler	0.0	0.0	0.0	0.0	0.0	0.0	0.0	0.0	0.0	0.0	0.0	0.0	0.0	0.0	0.0	0.0	0.3333333333333333	0.5	0.0	0.0	0.0	0.0	0.0	0.0	0.0	0.0	0.0	0.0	0.0	0.0	0.0	0.0	0.0	0.0	0.0	0.0	0.0	0.0	0.0	0.0	0.0	0.0	0.0	0.0	0.0	0.0	0.0	0.0	
Yellow Warbler	0.0	0.0	0.0	0.0	0.0	0.0	0.0	0.0	0.0	0.0	0.0	0.0	0.0	0.0	0.0	0.0	0.6666666666666666	0.5	0.0	0.0	0.0	0.0	0.0	0.0	0.0	0.0	0.0	0.0	0.0	0.0	0.0	0.0	0.0	0.0	0.5	0.0	0.0	0.0	0.0	0.0	0.0	0.0	0.0	0.0	0.0	0.0	0.0	0.0	
Chestnut-sided Warbler	0.0	0.0	0.0	0.0	0.0	0.0	0.0	0.0	0.0	0.0	0.0	0.0	0.0	0.0	0.0	0.0	0.3333333333333333	0.0	0.0	0.0	0.0	0.0	0.0	0.0	0.0	0.0	0.0	0.0	0.0	0.0	0.0	0.0	0.0	0.0	0.0	0.0	0.0	0.0	0.0	0.0	0.0	0.0	0.0	0.0	0.0	0.0	0.0	0.0	
Pine Warbler	0.0	0.0	0.0	0.0	0.0	0.0	0.0	0.0	0.0	0.0	0.0	0.0	0.0	0.0	0.0	0.0	0.0	0.0	0.0	0.0	0.0	0.0	0.0	0.0	0.0	0.0	0.0	0.0	0.0	0.0	0.0	0.0	0.0	0.0	0.0	0.0	0.0	0.0	0.0	0.0	0.0	0.0	0.0	0.0	0.0	0.0	0.0	0.043478260869565216	
Yellow-rumped Warbler	0.0	0.5454545454545454	0.4444444444444444	0.631578947368421	0.5555555555555556	0.6	0.3181818181818182	0.5714285714285714	0.14285714285714285	0.25	0.0625	0.0	0.0	0.1111111111111111	0.0	0.0	0.0	0.0	0.0	0.0	0.0	0.0	0.0	0.0	0.0	0.0	0.0	0.0	0.0	0.0	0.0	0.0	0.0	0.0	0.0	0.0	0.0	0.0	0.0	0.0	0.20833333333333334	0.15789473684210525	0.0	0.2727272727272727	0.0	0.42857142857142855	0.0	0.30434782608695654	
Yellow-throated Warbler	0.0	0.0	0.0	0.0	0.0	0.05	0.0	0.0	0.0	0.0	0.0	0.0	0.0	0.0	0.0	0.0	0.0	0.0	0.0	0.0	0.0	0.0	0.0	0.0	0.0	0.0	0.0	0.0	0.0	0.0	0.0	0.0	0.0	0.0	0.0	0.0	0.0	0.0	0.0	0.0	0.0	0.0	0.0	0.0	0.0	0.0	0.0	0.043478260869565216	
Black-throated Green Warbler	0.0	0.09090909090909091	0.0	0.0	0.0	0.0	0.0	0.0	0.0	0.0	0.0	0.0	0.0	0.1111111111111111	0.0	0.25	0.0	0.5	0.0	0.0	0.0	0.0	0.0	0.0	0.0	0.0	0.0	0.0	0.0	0.0	0.0	0.0	0.0	0.0	0.0	0.0	0.0	0.0	0.0	0.0	0.0015	0.10526315789473684	0.0	0.0	0.0	0.0	0.0	0.0	
Wilson's Warbler	0.0	0.0	0.0	0.0	0.0	0.0	0.0	0.0	0.0	0.0	0.0	0.0	0.0	0.0	0.0	0.0	0.0015	0.0	0.0	0.0	0.0	0.0	0.0	0.0	0.0	0.0	0.0	0.0	0.0	0.0	0.0	0.0	0.0	0.0	0.5	0.0	0.0	0.0	0.0	0.0	0.041666666666666664	0.05263157894736842	0.0	0.09090909090909091	0.0	0.0	0.3333333333333333	0.0	
warbler sp. (Parulidae sp.)	0.0	0.0	0.0	0.0	0.0	0.0	0.0	0.0	0.0	0.0	0.0	0.0	0.0	0.0	0.0	0.0	0.0	0.0	0.0	0.0	0.0	0.0	0.0	0.0	0.0	0.0	0.0	0.0	0.0	0.0	0.0	0.0	0.0	0.0	0.0	0.0	0.0	0.0	0.0	0.0	0.0	0.0	0.14285714285714285	0.0	0.0	0.0	0.0	0.0	
Summer Tanager	0.0	0.0	0.0	0.0	0.0	0.0	0.0	0.0	0.0	0.0	0.0	0.0	0.07142857142857142	0.1111111111111111	0.09090909090909091	0.0	0.0	0.0	0.0	0.0	0.0	0.0	0.0	0.0	0.0	0.0	0.0	0.0	0.0	0.0	0.0	0.0	0.0	0.0	0.0	0.0	0.0	0.0	0.0	0.0	0.0	0.0	0.0	0.0	0.0	0.0	0.0	0.0	
Northern Cardinal	0.5	0.36363636363636365	0.4444444444444444	0.5789473684210527	0.4444444444444444	0.5	0.36363636363636365	0.6190476190476191	0.7142857142857143	0.5	0.5	0.44	0.5	0.5555555555555556	0.9090909090909091	0.5	0.6666666666666666	1.0	1.0	1.0	1.0	1.0	0.6666666666666666	0.0	0.0	0.5	0.0	1.0	0.6666666666666666	0.0	0.0	1.0	0.0	0.0	1.0	1.0	0.0	0.0	0.0	0.0	0.25	0.3684210526315789	0.42857142857142855	0.36363636363636365	0.25	0.42857142857142855	0.3333333333333333	0.391304347826087	
Pyrrhuloxia	0.0	0.0	0.0	0.0015	0.1111111111111111	0.0	0.0	0.047619047619047616	0.0	0.0	0.0	0.0	0.07142857142857142	0.0	0.0	0.0	0.0	0.0	0.0	0.0	0.0	0.0	0.0	0.0	0.0	0.0	0.0	0.0	0.0	0.0	0.0	0.0	0.0	0.0	0.0	0.0	0.0	0.0	0.0	0.0	0.0	0.0	0.0	0.0	0.0	0.0	0.0	0.0	
Northern Cardinal/Pyrrhuloxia	0.0	0.0	0.0	0.0	0.0	0.0	0.0	0.0	0.0	0.0	0.0	0.08	0.0	0.0	0.0	0.0	0.0015	0.0	0.0	0.0	0.0	0.0	0.0	0.0	0.0	0.0	0.0	0.0	0.0	0.0	0.0	0.0	0.0	0.0	0.0	0.0	0.0	0.0	0.0	0.0	0.0	0.0	0.0	0.0	0.0	0.0	0.0	0.0	
Rose-breasted Grosbeak	0.0	0.0	0.0	0.0	0.0	0.0	0.0	0.0	0.0	0.0	0.0	0.0015	0.0	0.0	0.0	0.0	0.3333333333333333	0.0	0.0	0.0	0.0	0.0	0.0	0.0	0.0	0.0	0.0	0.0	0.0	0.0	0.0	0.0	0.0	0.0	0.0	0.0	0.0	0.0	0.0	0.0	0.0	0.0	0.0	0.0	0.0	0.0	0.0	0.0	
Blue Bunting	0.0	0.0	0.0	0.0015	0.0	0.0	0.0	0.0	0.0	0.0	0.0	0.0	0.0	0.0	0.0	0.0	0.0	0.0	0.0	0.0	0.0	0.0	0.0	0.0	0.0	0.0	0.0	0.0	0.0	0.0	0.0	0.0	0.0	0.0	0.0	0.0	0.0	0.0	0.0	0.0	0.0	0.0	0.0	0.0	0.0	0.0	0.0	0.0	
Blue Grosbeak	0.0	0.0	0.0	0.0	0.0	0.0	0.0	0.0	0.0	0.0	0.0	0.0	0.0	0.0	0.0	0.0	0.0	0.5	1.0	0.3333333333333333	0.5	0.0	0.0	0.0	0.0	0.0	0.0	0.0	0.0	0.0	0.0	0.0	0.0	0.0	0.0	0.0	0.0	0.0	0.0	0.0	0.0	0.0	0.0	0.0	0.0	0.0	0.0	0.0	
Indigo Bunting	0.0	0.0	0.0	0.0	0.0	0.0	0.0	0.047619047619047616	0.0	0.0	0.0	0.0	0.07142857142857142	0.1111111111111111	0.09090909090909091	0.0	0.0	0.5	0.0	0.0	0.0	0.0	0.0	0.0	0.0	0.0	0.0	0.0	0.0	0.0	0.0	0.0	0.0	0.0	0.0	0.0	0.0	0.0	0.0	0.125	0.08333333333333333	0.05263157894736842	0.0	0.09090909090909091	0.0	0.14285714285714285	0.3333333333333333	0.0	
Painted Bunting	0.0	0.0	0.0	0.0	0.0	0.0	0.0	0.0	0.0	0.0	0.0	0.0	0.0	0.0	0.0	0.0	0.0	0.5	0.0	0.0	0.0	0.0	0.0	0.0	0.0	0.0	0.0	0.0	0.0	0.0	0.0	0.0	0.0	0.0	0.0	1.0	0.0	0.0	0.0	0.125	0.0	0.0	0.0	0.0	0.0	0.0	0.0	0.0	
Passerina sp.	0.0	0.0	0.0	0.0	0.0	0.0	0.0	0.0	0.0015	0.0	0.0	0.0	0.0	0.0	0.0	0.0	0.0	0.0	0.0	0.0	0.0	0.0	0.0	0.0	0.0	0.0	0.0	0.0	0.0	0.0	0.0	0.0	0.0	0.0	0.0	0.0	0.0	0.0	0.0	0.0	0.0	0.0	0.0	0.0	0.0	0.0	0.0	0.0	
Dickcissel	0.0	0.0	0.0	0.0	0.0	0.0	0.0	0.0	0.0	0.0	0.0	0.0	0.0	0.0	0.0	0.0	0.6666666666666666	0.5	0.0	0.0	0.0	0.0	0.0	0.0	0.0	0.0	0.0	1.0	0.0	0.0	0.0	0.0	0.0	0.0	0.0	0.0	0.0	0.0	0.0	0.125	0.0	0.0	0.0	0.0	0.0	0.0	0.0	0.0	
House Sparrow	0.0	0.09090909090909091	0.6666666666666666	0.42105263157894735	0.2222222222222222	0.15	0.045454545454545456	0.19047619047619047	0.14285714285714285	0.08333333333333333	0.1875	0.2	0.21428571428571427	0.0	0.09090909090909091	0.75	0.3333333333333333	0.5	0.0	1.0	0.0	0.0	0.3333333333333333	0.0	0.0	0.5	0.0	1.0	0.0	0.0	0.0	0.0	0.0	0.0	0.5	0.0	0.0	0.0	0.25	0.25	0.375	0.3157894736842105	0.14285714285714285	0.0	0.5	0.14285714285714285	0.0	0.13043478260869565	
passerine sp.	0.0	0.0	0.0	0.0	0.0	0.0	0.0	0.0	0.0	0.0	0.0	0.0	0.07142857142857142	0.0	0.0	0.0	0.0	0.0	0.0	0.0	0.0	0.0	0.0	0.0	0.0	0.0	0.0	0.0	0.0	0.0	0.0	0.0	0.0	0.0	0.0	0.0	0.0	0.0	0.0	0.0	0.041666666666666664	0.0	0.0	0.0	0.0	0.0	0.0	0.0	

