









Frequency of observations in the selected location(s).:
Number of taxa: 	234

	Jan				Feb				Mar				Apr				May				Jun				Jul				Aug				Sep				Oct				Nov				Dec				
Sample Size:	29.0	7.0	21.0	4.0	8.0	13.0	18.0	5.0	4.0	7.0	17.0	18.0	15.0	11.0	12.0	12.0	5.0	15.0	9.0	6.0	4.0	5.0	8.0	16.0	6.0	3.0	2.0	7.0	5.0	4.0	6.0	3.0	1.0	4.0	4.0	3.0	4.0	4.0	10.0	11.0	7.0	2.0	2.0	4.0	6.0	11.0	24.0	26.0	

Black-bellied Whistling-Duck	0.0	0.0	0.0	0.0	0.0	0.0	0.0	0.0	0.0	0.0	0.17647058823529413	0.16666666666666666	0.13333333333333333	0.18181818181818182	0.08333333333333333	0.0	0.0	0.13333333333333333	0.2222222222222222	0.0	0.25	0.2	0.125	0.1875	0.3333333333333333	0.0	0.5	0.0015	0.0	0.0	0.5	0.0	1.0	0.5	0.0	0.0	0.0	0.25	0.0	0.09090909090909091	0.14285714285714285	0.0	0.0	0.0	0.16666666666666666	0.09090909090909091	0.0	0.0	
Snow Goose	0.0	0.0	0.0	0.0	0.0	0.0	0.0	0.0	0.0	0.0	0.0	0.0	0.0	0.0	0.0	0.0	0.0	0.0	0.0	0.0	0.0	0.0	0.0	0.0	0.0	0.0	0.0	0.0	0.0	0.0	0.0	0.0	0.0	0.0	0.0	0.0	0.0	0.0	0.0	0.0	0.0	0.0	0.0	0.0	0.0015	0.0	0.0	0.07692307692307693	
Cackling/Canada Goose	0.0	0.0	0.0	0.0	0.0	0.0	0.0	0.0	0.0	0.0	0.0	0.0	0.0	0.0	0.0	0.0	0.0	0.0	0.0	0.0	0.0	0.0	0.0	0.0	0.0	0.0	0.0	0.0	0.0	0.0	0.0	0.0	0.0	0.0	0.0	0.0	0.0	0.0	0.0	0.0	0.0	0.0	0.0	0.0	0.16666666666666666	0.0	0.0	0.0	
Wood Duck	0.034482758620689655	0.0	0.047619047619047616	0.0	0.0	0.0	0.0	0.0	0.0	0.0	0.0	0.0	0.0	0.0	0.0	0.0	0.0	0.0	0.0	0.0	0.0	0.0	0.0	0.0	0.0	0.0	0.0	0.0	0.0	0.0	0.0	0.0	0.0	0.0	0.0	0.0	0.0	0.0	0.0	0.0	0.0	0.0	0.0	0.0	0.0	0.0	0.041666666666666664	0.0	
Blue-winged Teal	0.0	0.0	0.0	0.0	0.0	0.0	0.0	0.0	0.0	0.0	0.058823529411764705	0.05555555555555555	0.0	0.09090909090909091	0.16666666666666666	0.16666666666666666	0.0	0.13333333333333333	0.0	0.0	0.0	0.0	0.0	0.0	0.0	0.0	0.0	0.0	0.0	0.0	0.0	0.0	0.0	0.0	0.0	0.0	0.0	0.0	0.1	0.09090909090909091	0.0	0.0	0.0	0.0	0.0	0.0	0.08333333333333333	0.038461538461538464	
Northern Shoveler	0.0	0.0	0.09523809523809523	0.25	0.0	0.0	0.0	0.2	0.0	0.14285714285714285	0.0	0.0	0.0	0.0	0.0	0.0	0.0	0.0	0.0	0.0	0.0	0.0	0.0	0.0	0.0	0.0	0.0	0.0	0.0	0.0	0.0	0.0	0.0	0.0	0.0	0.0	0.0	0.0	0.0	0.0	0.0	0.0	0.0	0.0	0.0	0.0	0.041666666666666664	0.0	
Gadwall	0.034482758620689655	0.14285714285714285	0.19047619047619047	0.25	0.0	0.15384615384615385	0.0	0.0	0.0	0.0	0.0	0.05555555555555555	0.0	0.0	0.0	0.0	0.0	0.0	0.0	0.0	0.0	0.0	0.0	0.0	0.0	0.0	0.0	0.0	0.0	0.0	0.0	0.0	0.0	0.0	0.0	0.0	0.0	0.0	0.0	0.0	0.0	0.0	0.0	0.25	0.0	0.0	0.125	0.07692307692307693	
American Wigeon	0.0	0.0	0.0	0.0	0.25	0.15384615384615385	0.0	0.0	0.0	0.0	0.11764705882352941	0.0	0.0	0.0	0.0	0.0	0.0	0.0	0.0	0.0	0.0	0.0	0.0	0.0	0.0	0.0	0.0	0.0	0.0	0.0	0.0	0.0	0.0	0.0	0.0	0.0	0.0	0.0	0.0	0.0	0.0	0.0	0.0	0.0	0.16666666666666666	0.0	0.0	0.0	
Mallard	0.0	0.0	0.0	0.0	0.0	0.0	0.0	0.0	0.0	0.0	0.0	0.0	0.0	0.0	0.0	0.0	0.0	0.0	0.0	0.0	0.0	0.0	0.0	0.0	0.0	0.0	0.0	0.0	0.0	0.0	0.0	0.0	0.0	0.0	0.0	0.0	0.0	0.0	0.0	0.0	0.0	0.0	0.0	0.0	0.0	0.0	0.0	0.038461538461538464	
Green-winged Teal	0.0	0.0	0.0	0.5	0.0	0.07692307692307693	0.05555555555555555	0.0	0.0	0.14285714285714285	0.058823529411764705	0.05555555555555555	0.0	0.0	0.0	0.0	0.0	0.0	0.0	0.0	0.0	0.0	0.0	0.0	0.0	0.0	0.0	0.0	0.0	0.0	0.0	0.0	0.0	0.0	0.0	0.0	0.0	0.0	0.0	0.0	0.0	0.0	0.0	0.0	0.0	0.18181818181818182	0.125	0.0	
Redhead	0.0	0.14285714285714285	0.047619047619047616	0.0	0.25	0.15384615384615385	0.1111111111111111	0.0	0.0	0.0	0.0	0.0	0.0	0.0	0.0	0.0	0.0	0.0	0.0	0.0	0.0	0.0	0.0	0.0	0.0	0.0	0.0	0.0	0.0	0.0	0.0	0.0	0.0	0.0	0.0	0.0	0.0	0.0	0.0	0.0	0.0	0.0	0.0	0.0	0.0	0.09090909090909091	0.125	0.0	
Ring-necked Duck	0.0	0.14285714285714285	0.0	0.0	0.0	0.15384615384615385	0.16666666666666666	0.2	0.0	0.14285714285714285	0.0	0.0	0.0	0.0	0.0	0.0	0.0	0.0	0.0	0.0	0.0	0.0	0.0	0.0	0.0	0.0	0.0	0.0	0.0	0.0	0.0	0.0	0.0	0.0	0.0	0.0	0.0	0.0	0.0	0.0	0.0	0.0	0.0	0.0	0.0	0.0	0.0	0.0	
duck sp.	0.034482758620689655	0.0	0.047619047619047616	0.25	0.0	0.0	0.0	0.0	0.0	0.0	0.0	0.05555555555555555	0.0	0.0	0.0	0.0	0.0	0.0	0.0	0.0	0.0	0.0	0.0	0.0	0.0	0.0	0.0	0.0	0.0	0.0	0.0	0.0	0.0	0.0	0.0	0.0	0.0	0.25	0.0	0.0	0.0	0.5	0.0	0.0	0.0	0.0	0.08333333333333333	0.07692307692307693	
Northern Bobwhite	0.0	0.0	0.0	0.0	0.0	0.0	0.0	0.0	0.0	0.0	0.0	0.0	0.0	0.0	0.0	0.0	0.0	0.06666666666666667	0.0	0.0	0.0	0.0	0.0	0.0625	0.0	0.0	0.0	0.14285714285714285	0.0	0.0	0.0	0.0	0.0	0.0	0.25	0.0	0.0	0.0	0.0	0.0	0.0	0.0	0.0	0.0	0.0	0.0	0.0	0.0	
Wild Turkey	0.034482758620689655	0.0	0.0	0.0	0.0	0.0	0.0	0.0	0.0	0.0	0.11764705882352941	0.05555555555555555	0.0	0.0	0.0	0.0	0.0	0.0	0.2222222222222222	0.16666666666666666	0.0	0.0	0.0	0.0	0.0	0.0	0.0	0.0	0.0	0.0	0.0	0.0	0.0	0.0	0.0	0.0	0.0	0.0	0.0	0.0	0.0	0.0	0.0	0.0	0.0	0.0	0.0	0.0	
Least Grebe	0.10344827586206896	0.2857142857142857	0.19047619047619047	0.25	0.25	0.15384615384615385	0.2222222222222222	0.2	0.25	0.2857142857142857	0.23529411764705882	0.2222222222222222	0.13333333333333333	0.45454545454545453	0.5	0.08333333333333333	0.0	0.26666666666666666	0.1111111111111111	0.3333333333333333	0.0	0.6	0.0	0.375	0.3333333333333333	0.0	0.0	0.42857142857142855	0.4	0.25	0.0	0.3333333333333333	1.0	0.25	0.25	0.6666666666666666	0.0	0.0	0.2	0.2727272727272727	0.14285714285714285	0.0	0.0	0.5	0.5	0.2727272727272727	0.25	0.19230769230769232	
Pied-billed Grebe	0.0	0.14285714285714285	0.047619047619047616	0.0	0.25	0.07692307692307693	0.3333333333333333	0.2	0.0	0.2857142857142857	0.11764705882352941	0.2222222222222222	0.06666666666666667	0.18181818181818182	0.08333333333333333	0.0	0.0	0.13333333333333333	0.0	0.0	0.0	0.0	0.0	0.0	0.0	0.0	0.0	0.14285714285714285	0.0	0.0	0.0	0.0	0.0	0.0	0.25	0.0	0.25	0.0	0.0	0.09090909090909091	0.0	0.0	0.0	0.25	0.16666666666666666	0.09090909090909091	0.16666666666666666	0.038461538461538464	
Eared Grebe	0.0	0.0	0.0	0.0	0.0	0.0	0.0	0.0	0.25	0.0	0.0	0.05555555555555555	0.0	0.0	0.0	0.0	0.0	0.0	0.0	0.0	0.0	0.0	0.0	0.0	0.0	0.0	0.0	0.0	0.0	0.0	0.0	0.0	0.0	0.0	0.0	0.0	0.0	0.0	0.0	0.0	0.0	0.0	0.0	0.0	0.0	0.0	0.0	0.0	
Rock Pigeon	0.0	0.0	0.0	0.0	0.125	0.15384615384615385	0.0	0.0	0.0	0.0	0.0	0.0	0.0	0.09090909090909091	0.0	0.0	0.0	0.0	0.1111111111111111	0.0	0.0	0.0	0.0	0.0625	0.0	0.0	0.0	0.0	0.0	0.0	0.0	0.0	0.0	0.0	0.0	0.0	0.0	0.0	0.0	0.09090909090909091	0.0	0.0	0.0	0.0	0.0	0.0	0.041666666666666664	0.11538461538461539	
Eurasian Collared-Dove	0.0	0.0	0.0	0.0	0.0	0.0	0.0	0.0	0.0	0.0	0.058823529411764705	0.0	0.0	0.09090909090909091	0.16666666666666666	0.0	0.0	0.06666666666666667	0.1111111111111111	0.0	0.0	0.2	0.0	0.0	0.0	0.0	0.0	0.0015	0.0	0.0	0.0	0.0	0.0	0.0	0.0	0.0	0.0	0.0	0.0	0.0	0.0	0.0	0.0	0.0	0.0	0.0	0.125	0.038461538461538464	
Inca Dove	0.10344827586206896	0.0	0.047619047619047616	0.0	0.125	0.0	0.0	0.0	0.0	0.14285714285714285	0.058823529411764705	0.1111111111111111	0.0	0.0015	0.0	0.08333333333333333	0.0	0.0	0.1111111111111111	0.0	0.25	0.0	0.125	0.0	0.0	0.0	0.5	0.0	0.2	0.0	0.0	0.3333333333333333	0.0	0.0	0.25	0.3333333333333333	0.0	0.25	0.1	0.0	0.0	1.0	0.0	0.25	0.16666666666666666	0.0	0.25	0.11538461538461539	
Common Ground-Dove	0.10344827586206896	0.14285714285714285	0.23809523809523808	0.0	0.125	0.0	0.05555555555555555	0.2	0.0015	0.0	0.058823529411764705	0.2222222222222222	0.26666666666666666	0.09090909090909091	0.25	0.0	0.2	0.3333333333333333	0.3333333333333333	0.3333333333333333	0.25	0.0	0.25	0.0625	0.0	0.3333333333333333	0.0	0.14285714285714285	0.0015	0.0	0.16666666666666666	0.0	1.0	0.5	0.75	0.0	0.5	0.0	0.1	0.2727272727272727	0.0	0.0	0.0	0.25	0.0015	0.36363636363636365	0.08333333333333333	0.4230769230769231	
White-winged Dove	0.3793103448275862	0.14285714285714285	0.2857142857142857	0.5	0.5	0.38461538461538464	0.2222222222222222	0.2	0.25	0.5714285714285714	0.5294117647058824	0.4444444444444444	0.6666666666666666	0.45454545454545453	0.6666666666666666	0.6666666666666666	1.0	0.8	0.6666666666666666	0.6666666666666666	0.5	0.4	0.875	0.8125	0.6666666666666666	0.3333333333333333	1.0	0.5714285714285714	0.8	0.75	0.5	0.6666666666666666	1.0	0.25	0.5	1.0	0.25	0.75	0.2	0.45454545454545453	0.5714285714285714	1.0	1.0	0.75	0.6666666666666666	0.36363636363636365	0.5416666666666666	0.6923076923076923	
Mourning Dove	0.20689655172413793	0.14285714285714285	0.42857142857142855	0.5	0.625	0.38461538461538464	0.3888888888888889	0.2	0.0	0.42857142857142855	0.5294117647058824	0.6111111111111112	0.6	0.6363636363636364	0.5	0.5	0.2	0.5333333333333333	0.2222222222222222	0.6666666666666666	0.75	0.6	0.25	0.4375	0.5	0.6666666666666666	0.0	0.7142857142857143	0.8	0.5	0.3333333333333333	0.3333333333333333	1.0	0.25	0.75	0.3333333333333333	0.5	0.5	0.0	0.6363636363636364	0.14285714285714285	0.0	0.5	0.25	0.3333333333333333	0.18181818181818182	0.5416666666666666	0.6923076923076923	
Greater Roadrunner	0.3448275862068966	0.0	0.2857142857142857	0.0	0.0	0.15384615384615385	0.0	0.0	0.0015	0.0	0.11764705882352941	0.1111111111111111	0.0	0.09090909090909091	0.0	0.0	0.0	0.0	0.1111111111111111	0.0	0.25	0.0	0.0	0.0	0.0	0.0	0.0	0.0	0.0	0.0	0.16666666666666666	0.0	0.0	0.0	0.0	0.3333333333333333	0.0	0.25	0.0	0.0	0.0	0.5	0.0	0.0	0.0	0.0	0.041666666666666664	0.19230769230769232	
Yellow-billed Cuckoo	0.0	0.0	0.0	0.0	0.0	0.0	0.0	0.0	0.0	0.0	0.0	0.0	0.0	0.0	0.08333333333333333	0.4166666666666667	0.4	0.4666666666666667	0.6666666666666666	0.6666666666666666	0.75	0.4	0.625	0.8125	1.0	0.6666666666666666	0.0	0.7142857142857143	0.4	0.5	0.3333333333333333	0.3333333333333333	0.0	0.0	0.25	0.0	0.0	0.0	0.0	0.0	0.0	0.0	0.0	0.0	0.0	0.0	0.0	0.0	
Lesser Nighthawk	0.0	0.0	0.0	0.0	0.0	0.0	0.0	0.0	0.0	0.0	0.0	0.0	0.0	0.0	0.0	0.0	0.0	0.06666666666666667	0.0	0.0	0.0	0.0	0.0	0.0	0.0	0.0	0.0	0.0	0.0	0.0	0.0	0.0	0.0	0.0	0.0	0.0	0.0	0.0	0.0	0.0	0.0	0.0	0.0	0.0	0.0	0.0	0.0	0.0	
Common Nighthawk	0.0	0.0	0.0	0.0	0.0	0.0	0.0	0.0	0.0	0.0	0.0	0.0	0.0	0.0	0.0	0.0	0.0	0.0	0.0	0.0	0.0015	0.0	0.0	0.0	0.0	0.0	0.0	0.0015	0.0	0.0	0.0	0.0	0.0	0.0	0.0	0.0	0.0	0.0	0.0	0.0	0.0	0.0	0.0	0.0	0.0	0.0	0.0	0.0	
Chimney Swift	0.0	0.0	0.0	0.0	0.0	0.0	0.0	0.0	0.0	0.0	0.0	0.0	0.06666666666666667	0.0015	0.25	0.3333333333333333	0.0	0.3333333333333333	0.4444444444444444	0.3333333333333333	0.25	0.4	0.0	0.1875	0.0	0.0	0.0	0.2857142857142857	0.0	0.0	0.16666666666666666	0.0	0.0	0.25	0.25	0.0	0.0	0.0	0.1	0.0	0.0	0.0	0.0	0.0	0.0	0.0	0.0	0.0	
Ruby-throated Hummingbird	0.0	0.0	0.0	0.0	0.0	0.0	0.0	0.0	0.0	0.0	0.0	0.0	0.0	0.0	0.0	0.08333333333333333	0.0	0.0	0.1111111111111111	0.0	0.0	0.2	0.0	0.0	0.0	0.0	0.0	0.0	0.2	0.0	0.0	0.0	0.0	0.0	0.0	0.6666666666666666	0.25	0.25	0.0	0.0	0.0	0.0	0.0	0.0	0.0	0.0	0.0	0.0	
Black-chinned Hummingbird	0.0	0.0	0.0	0.0	0.0	0.0	0.0	0.0	0.0	0.0	0.17647058823529413	0.2222222222222222	0.5333333333333333	0.2727272727272727	0.16666666666666666	0.4166666666666667	0.6	0.4	0.1111111111111111	0.16666666666666666	0.5	0.2	0.25	0.5	0.5	0.0	0.0	0.0	0.2	0.25	0.16666666666666666	0.0	0.0	0.0	0.25	0.0	0.0	0.0	0.0	0.0	0.0	0.0	0.0	0.0	0.0	0.0	0.0	0.0	
Ruby-throated/Black-chinned Hummingbird	0.0	0.0	0.0	0.0	0.0	0.0	0.0	0.0	0.0	0.0	0.0	0.16666666666666666	0.0	0.0	0.16666666666666666	0.16666666666666666	0.0	0.0	0.2222222222222222	0.0	0.0	0.2	0.0	0.0625	0.0	0.0	0.0	0.14285714285714285	0.0	0.25	0.0	0.6666666666666666	0.0	0.25	0.0	0.0	0.25	0.0	0.0	0.09090909090909091	0.0	0.0	0.0	0.0	0.0	0.0	0.0	0.0	
hummingbird sp.	0.0	0.0	0.0	0.0	0.0	0.0	0.0	0.0	0.0	0.0	0.058823529411764705	0.05555555555555555	0.13333333333333333	0.09090909090909091	0.0	0.0	0.0	0.13333333333333333	0.0	0.16666666666666666	0.25	0.2	0.0	0.0625	0.16666666666666666	0.0	0.5	0.2857142857142857	0.0	0.0	0.3333333333333333	0.0	1.0	0.0	0.25	0.0	0.0	0.0	0.0	0.0	0.0	0.5	0.0	0.0	0.0	0.0	0.0	0.0	
American Coot	0.0	0.0	0.0	0.25	0.125	0.07692307692307693	0.16666666666666666	0.0	0.0	0.0	0.0	0.0	0.0	0.18181818181818182	0.08333333333333333	0.0	0.0	0.0	0.0	0.0	0.0	0.0	0.0	0.0	0.0	0.0	0.0	0.0	0.0	0.0	0.0	0.0	0.0	0.0	0.0	0.0	0.0	0.0	0.1	0.0	0.0	0.0	0.0	0.0	0.0	0.0	0.0	0.038461538461538464	
Sandhill Crane	0.0	0.0	0.0	0.25	0.0	0.0	0.05555555555555555	0.0	0.0	0.14285714285714285	0.058823529411764705	0.0	0.0	0.0	0.0	0.0	0.0	0.0	0.0	0.0	0.0	0.0	0.0	0.0	0.0	0.0	0.0	0.0	0.0	0.0	0.0	0.0	0.0	0.0	0.0	0.0	0.0	0.0	0.0	0.0	0.14285714285714285	0.0	0.0	0.0	0.0	0.0	0.0	0.0	
Killdeer	0.034482758620689655	0.0	0.09523809523809523	0.25	0.125	0.07692307692307693	0.05555555555555555	0.0	0.0	0.2857142857142857	0.29411764705882354	0.16666666666666666	0.13333333333333333	0.09090909090909091	0.0	0.0	0.0	0.0	0.2222222222222222	0.3333333333333333	0.25	0.0	0.0	0.3125	0.0	0.3333333333333333	0.0	0.0	0.0	0.25	0.16666666666666666	0.0	0.0	0.25	0.5	0.3333333333333333	0.25	0.5	0.0	0.5454545454545454	0.42857142857142855	0.0	0.5	0.5	0.3333333333333333	0.18181818181818182	0.3333333333333333	0.2692307692307692	
Least Sandpiper	0.0	0.0	0.0	0.25	0.0	0.0	0.0	0.0	0.0	0.0	0.0	0.0	0.0	0.0	0.0	0.0	0.0	0.0	0.0	0.0	0.0	0.0	0.0	0.0	0.0	0.0	0.0	0.0	0.0	0.0	0.0	0.0	0.0	0.0	0.0	0.0	0.0	0.0	0.0	0.0	0.0	0.0	0.0	0.0	0.0	0.0	0.0	0.0	
Wilson's Snipe	0.0	0.0	0.047619047619047616	0.25	0.0	0.07692307692307693	0.0	0.0	0.0	0.0	0.0	0.05555555555555555	0.0	0.0	0.0	0.0	0.0	0.0	0.0	0.0	0.0	0.0	0.0	0.0	0.0	0.0	0.0	0.0	0.0	0.0	0.0	0.0	0.0	0.0	0.0	0.0	0.0	0.0	0.0	0.0	0.0	0.0	0.0	0.0	0.0	0.09090909090909091	0.0	0.038461538461538464	
Spotted Sandpiper	0.0	0.0	0.0	0.0	0.0	0.0	0.0	0.0	0.0	0.14285714285714285	0.0	0.0	0.0	0.0	0.0	0.0	0.0	0.0	0.0	0.0	0.0	0.0	0.0	0.0	0.0	0.0	0.0	0.0	0.0	0.0	0.0	0.0	0.0	0.0	0.0	0.0	0.0	0.0	0.0	0.0	0.0	0.0	0.0	0.0	0.0	0.0	0.0	0.0	
Solitary Sandpiper	0.0	0.0	0.0	0.0	0.0	0.0	0.0	0.0	0.0	0.0	0.0	0.0	0.0	0.0	0.0	0.0	0.0	0.0	0.0	0.0	0.0	0.0	0.0	0.0	0.0	0.0	0.0	0.0	0.0	0.25	0.16666666666666666	0.0	0.0	0.0	0.0	0.0	0.25	0.0	0.0	0.0	0.0	0.0	0.0	0.0	0.0	0.0	0.0	0.0	
Greater Yellowlegs	0.0	0.0	0.09523809523809523	0.25	0.0	0.0	0.0	0.0	0.0	0.0	0.058823529411764705	0.0	0.0	0.0	0.0	0.0	0.0	0.0	0.0	0.0	0.0	0.0	0.0	0.0	0.0	0.0	0.0	0.0	0.0	0.0	0.0	0.0	0.0	0.0	0.0	0.0	0.0	0.0	0.0	0.0	0.0	0.0	0.0	0.0	0.0	0.0	0.0	0.0	
Lesser Yellowlegs	0.0	0.0	0.047619047619047616	0.25	0.0	0.0	0.05555555555555555	0.0	0.0	0.0	0.0	0.0	0.0	0.0	0.0	0.0	0.0	0.0	0.0	0.0	0.0	0.0	0.0	0.0	0.0	0.0	0.0	0.0	0.0	0.0	0.0	0.0	0.0	0.0	0.0	0.0	0.0	0.0	0.0	0.0	0.0	0.0	0.0	0.0	0.0	0.0	0.0	0.0	
Franklin's Gull	0.0	0.0	0.0	0.0	0.0	0.0	0.0	0.0	0.0	0.0	0.0	0.0	0.0	0.0	0.16666666666666666	0.0	0.0	0.0	0.0	0.0	0.0	0.0	0.0	0.0	0.0	0.0	0.0	0.0	0.0	0.0	0.0	0.0	0.0	0.0	0.0	0.0	0.0	0.0	0.0	0.0	0.0	0.0	0.0	0.0	0.0	0.0	0.0	0.0	
Forster's Tern	0.0	0.0	0.0	0.25	0.0	0.0	0.0	0.0	0.0	0.0	0.0	0.0	0.0	0.0	0.0	0.0	0.0	0.0	0.0	0.0	0.0	0.0	0.0	0.0	0.0	0.0	0.0	0.0	0.0	0.0	0.0	0.0	0.0	0.0	0.0	0.0	0.0	0.0	0.0	0.0	0.0	0.0	0.0	0.0	0.0	0.0	0.0	0.0	
Anhinga	0.0	0.0	0.0	0.0	0.0	0.0	0.0	0.0	0.0	0.0	0.0	0.05555555555555555	0.0	0.0	0.08333333333333333	0.0	0.0	0.0	0.0	0.0	0.0	0.0	0.0	0.0	0.0	0.0	0.0	0.0	0.0	0.0	0.0	0.0	0.0	0.0	0.0	0.0	0.0	0.0	0.0	0.0	0.0	0.0	0.0	0.0	0.0	0.0	0.0	0.0	
Neotropic Cormorant	0.034482758620689655	0.0	0.0	0.0	0.0	0.0	0.0	0.0	0.0	0.0	0.0	0.0	0.0	0.0	0.0	0.0	0.0	0.0	0.0	0.0	0.0	0.0	0.0	0.0	0.0	0.0	0.0	0.0	0.0	0.0	0.0	0.0	0.0	0.0	0.0	0.0	0.0	0.0	0.0	0.09090909090909091	0.0	0.5	0.0	0.0	0.0	0.0	0.041666666666666664	0.0	
Double-crested Cormorant	0.034482758620689655	0.0	0.23809523809523808	0.0	0.125	0.07692307692307693	0.05555555555555555	0.0	0.0	0.0	0.058823529411764705	0.1111111111111111	0.0	0.0	0.0	0.0	0.0	0.06666666666666667	0.0	0.0	0.0	0.0	0.0	0.0	0.0	0.0	0.0	0.0	0.0	0.0	0.0	0.0	0.0	0.0	0.0	0.0	0.0	0.0	0.0	0.09090909090909091	0.0	0.0	0.0	0.0	0.0	0.0	0.08333333333333333	0.3076923076923077	
American White Pelican	0.06896551724137931	0.0	0.14285714285714285	0.0015	0.0	0.0	0.0	0.0	0.0	0.0	0.0	0.0	0.0	0.0	0.0	0.0	0.0	0.0	0.0	0.0	0.0	0.0	0.0	0.0	0.0	0.0	0.0	0.0	0.0	0.0	0.0	0.0	0.0	0.0	0.0	0.0	0.0	0.0	0.0	0.09090909090909091	0.0	0.0	0.0	0.25	0.0	0.0	0.041666666666666664	0.038461538461538464	
Great Blue Heron	0.06896551724137931	0.0	0.09523809523809523	0.25	0.125	0.23076923076923078	0.2222222222222222	0.0	0.0	0.14285714285714285	0.23529411764705882	0.2777777777777778	0.13333333333333333	0.09090909090909091	0.25	0.08333333333333333	0.0	0.26666666666666666	0.3333333333333333	0.5	0.25	0.0	0.125	0.0	0.16666666666666666	0.3333333333333333	0.0	0.14285714285714285	0.0	0.0	0.0	0.0	0.0	0.25	0.0	0.3333333333333333	0.0	0.0	0.1	0.0	0.2857142857142857	0.0	0.0	0.0	0.0	0.18181818181818182	0.16666666666666666	0.19230769230769232	
Great Egret	0.0	0.0	0.2857142857142857	0.25	0.0	0.23076923076923078	0.0	0.0	0.0	0.0	0.11764705882352941	0.1111111111111111	0.2	0.18181818181818182	0.3333333333333333	0.16666666666666666	0.0	0.3333333333333333	0.3333333333333333	0.16666666666666666	0.0	0.0	0.0	0.3125	0.0	0.3333333333333333	0.5	0.14285714285714285	0.2	0.5	0.0	0.0	1.0	0.0	0.0	0.0	0.0	0.0	0.0	0.36363636363636365	0.2857142857142857	0.0	0.0	0.0	0.3333333333333333	0.0	0.25	0.19230769230769232	
Snowy Egret	0.0	0.0	0.047619047619047616	0.0	0.0	0.0	0.0	0.0	0.0	0.0	0.0	0.0	0.0	0.0	0.16666666666666666	0.0	0.2	0.2	0.0	0.5	0.25	0.0	0.0	0.25	0.0	0.3333333333333333	0.0	0.0	0.2	0.0	0.0	0.0	0.0	0.0	0.0	0.0	0.0	0.0	0.0	0.0	0.0	0.0	0.0	0.0	0.0	0.0	0.125	0.038461538461538464	
Little Blue Heron	0.0	0.0	0.0	0.0	0.0	0.0	0.0	0.0	0.0	0.0	0.0	0.0	0.06666666666666667	0.18181818181818182	0.08333333333333333	0.0	0.0	0.06666666666666667	0.0	0.16666666666666666	0.0	0.0	0.0	0.0	0.0	0.3333333333333333	0.0	0.0	0.2	0.0	0.0	0.0	0.0	0.0	0.0	0.0	0.0	0.0	0.0	0.0	0.0	0.0	0.0	0.0	0.0	0.0	0.0	0.0	
Cattle Egret	0.0	0.0	0.0	0.0	0.0	0.0	0.0	0.0	0.0	0.0	0.0	0.05555555555555555	0.13333333333333333	0.0	0.3333333333333333	0.16666666666666666	0.0	0.26666666666666666	0.1111111111111111	0.3333333333333333	0.75	0.0	0.25	0.1875	0.3333333333333333	0.6666666666666666	0.0	0.5714285714285714	0.6	0.0	0.0	0.0	1.0	0.0	0.25	0.0	0.0	0.0	0.0	0.0	0.0	0.0	0.0	0.0	0.0	0.0	0.16666666666666666	0.038461538461538464	
Green Heron	0.0	0.0	0.0	0.0	0.0	0.0	0.0	0.0	0.0	0.0	0.0	0.0	0.0	0.09090909090909091	0.08333333333333333	0.0	0.0	0.0	0.1111111111111111	0.16666666666666666	0.0	0.4	0.0	0.25	0.3333333333333333	0.0	0.0	0.0	0.8	0.25	0.0	0.3333333333333333	0.0	0.0	0.0	0.3333333333333333	0.0	0.0	0.0	0.0	0.0	0.0	0.0	0.0	0.0	0.0	0.0	0.0	
Yellow-crowned Night-Heron	0.0	0.0	0.0	0.0	0.0	0.0	0.0	0.0	0.0	0.0	0.0	0.0015	0.06666666666666667	0.09090909090909091	0.08333333333333333	0.08333333333333333	0.0	0.0	0.0	0.0	0.0	0.2	0.0	0.25	0.3333333333333333	0.0	0.0	0.0	0.0015	0.0	0.0	0.0	1.0	0.25	0.0	0.0	0.0	0.0	0.0	0.0	0.0	0.0	0.0	0.0	0.0	0.0	0.0	0.0	
White-faced Ibis	0.0	0.0	0.0	0.0	0.0	0.0	0.0	0.0	0.0	0.0	0.0	0.0	0.0	0.0	0.0	0.0	0.0	0.0	0.0	0.0	0.0	0.0	0.0	0.0	0.0	0.0	0.0	0.0	0.0	0.0	0.0	0.0	0.0	0.0	0.0	0.0	0.0	0.0	0.0	0.09090909090909091	0.0	0.0	0.0	0.0	0.0	0.0	0.0	0.0	
Black Vulture	0.7241379310344828	0.7142857142857143	0.9047619047619048	1.0	1.0	0.8461538461538461	0.6666666666666666	1.0	0.75	0.7142857142857143	0.8235294117647058	0.9444444444444444	0.8	0.7272727272727273	0.75	0.75	0.6	0.6666666666666666	0.6666666666666666	0.6666666666666666	0.75	0.6	0.75	0.8125	0.8333333333333334	1.0	0.0	0.7142857142857143	0.6	0.75	0.6666666666666666	0.3333333333333333	1.0	1.0	1.0	0.6666666666666666	0.75	0.5	0.6	0.5454545454545454	0.8571428571428571	1.0	1.0	0.75	0.8333333333333334	0.7272727272727273	0.8333333333333334	0.9230769230769231	
Turkey Vulture	0.20689655172413793	0.14285714285714285	0.42857142857142855	0.75	0.375	0.6153846153846154	0.4444444444444444	0.4	0.25	0.5714285714285714	0.8235294117647058	0.5555555555555556	0.4666666666666667	0.2727272727272727	0.75	0.6666666666666666	0.4	0.4	0.6666666666666666	0.6666666666666666	0.5	0.4	0.625	0.4375	0.6666666666666666	0.6666666666666666	0.0	0.42857142857142855	0.8	1.0	0.6666666666666666	1.0	1.0	0.75	0.75	0.6666666666666666	1.0	0.25	0.3	0.45454545454545453	0.42857142857142855	0.0	1.0	0.25	0.3333333333333333	0.18181818181818182	0.3333333333333333	0.5	
Osprey	0.1724137931034483	0.0	0.047619047619047616	0.25	0.0	0.0	0.0	0.0	0.0	0.0	0.058823529411764705	0.05555555555555555	0.13333333333333333	0.0	0.16666666666666666	0.08333333333333333	0.0	0.0	0.1111111111111111	0.0	0.0	0.0	0.0	0.0	0.0	0.0	0.0	0.0	0.0	0.0	0.0	0.0	0.0	0.0	0.0	0.0	0.0	0.0	0.0	0.0	0.0	0.0	0.0	0.0	0.0	0.0	0.0	0.07692307692307693	
Mississippi Kite	0.0	0.0	0.0	0.0	0.0	0.0	0.0	0.0	0.0	0.0	0.0	0.05555555555555555	0.0	0.0	0.08333333333333333	0.08333333333333333	0.0	0.06666666666666667	0.0	0.0	0.0	0.0	0.0	0.0	0.0	0.0	0.0	0.0	0.0	0.0	0.0	0.0	0.0	0.0	0.0	0.0	0.0	0.0	0.0	0.0	0.0	0.0	0.0	0.0	0.0	0.0	0.0	0.0	
Northern Harrier	0.06896551724137931	0.0	0.047619047619047616	0.0	0.375	0.15384615384615385	0.0	0.0	0.0	0.2857142857142857	0.0	0.0	0.0	0.0015	0.16666666666666666	0.0	0.0	0.0	0.0	0.0	0.0	0.0	0.0	0.0	0.0	0.0	0.0	0.0	0.0	0.0	0.0	0.0	0.0	0.0	0.0	0.0	0.25	0.0	0.0	0.18181818181818182	0.0	0.0	0.5	0.0	0.0	0.0	0.125	0.15384615384615385	
Sharp-shinned Hawk	0.0	0.0	0.047619047619047616	0.0	0.125	0.07692307692307693	0.0	0.0	0.25	0.0	0.0	0.05555555555555555	0.0	0.0	0.0	0.08333333333333333	0.0	0.0	0.0	0.0	0.0	0.0	0.0	0.0	0.0	0.0	0.0	0.0	0.0	0.0	0.0	0.0	0.0	0.0	0.0	0.0	0.25	0.0	0.0	0.0	0.0	0.0	0.0	0.0	0.0	0.0	0.08333333333333333	0.07692307692307693	
Cooper's Hawk	0.06896551724137931	0.14285714285714285	0.0	0.0	0.0	0.0	0.05555555555555555	0.2	0.0	0.0	0.11764705882352941	0.05555555555555555	0.13333333333333333	0.0	0.16666666666666666	0.0	0.0	0.06666666666666667	0.2222222222222222	0.0	0.0	0.0	0.0	0.0	0.0	0.0	0.0	0.0	0.0	0.0	0.0	0.0	0.0	0.0	0.25	0.0	0.0	0.0	0.0	0.0	0.0	0.5	0.5	0.0	0.0	0.0	0.08333333333333333	0.07692307692307693	
Accipiter sp.	0.034482758620689655	0.0	0.047619047619047616	0.0	0.0	0.0	0.0	0.0	0.0	0.0	0.0	0.0	0.0	0.0	0.0	0.0	0.0	0.0	0.0	0.0	0.0	0.0	0.0	0.0	0.0	0.0	0.0	0.0	0.0	0.0	0.0	0.0	0.0	0.0	0.0	0.0	0.0	0.0	0.0	0.0	0.0	0.0	0.0	0.0	0.0	0.0	0.0	0.11538461538461539	
Harris's Hawk	0.0	0.0	0.0	0.0	0.0	0.0	0.0	0.0	0.0	0.0	0.0	0.0	0.0	0.0	0.0	0.0	0.0	0.0	0.0	0.0	0.0	0.0	0.0	0.0625	0.0	0.0	0.0	0.0	0.0	0.0	0.0	0.0	0.0	0.0	0.0	0.0	0.0	0.0	0.0	0.0	0.0	0.0	0.0	0.0	0.0	0.0	0.0	0.0	
White-tailed Hawk	0.0	0.0	0.0	0.0	0.0	0.0	0.0	0.0	0.0	0.0	0.0	0.0	0.0	0.0015	0.0	0.0	0.0	0.0	0.0	0.0	0.0	0.0	0.0	0.0	0.0	0.0	0.0	0.0	0.0	0.0	0.0	0.0	0.0	0.0	0.0	0.0	0.0	0.0	0.0	0.0	0.0	0.0	0.0	0.0	0.0	0.0	0.0	0.0	
Red-shouldered Hawk	0.20689655172413793	0.14285714285714285	0.3333333333333333	0.5	0.375	0.46153846153846156	0.3888888888888889	0.2	0.25	0.42857142857142855	0.5294117647058824	0.5555555555555556	0.2	0.45454545454545453	0.5	0.16666666666666666	0.2	0.5333333333333333	0.4444444444444444	0.3333333333333333	0.25	0.4	0.75	0.5625	0.6666666666666666	0.6666666666666666	0.5	0.42857142857142855	0.2	0.5	0.16666666666666666	0.3333333333333333	0.0	0.25	0.75	0.0	0.25	0.0	0.4	0.45454545454545453	0.2857142857142857	0.5	0.5	0.5	0.5	0.45454545454545453	0.5416666666666666	0.6538461538461539	
Broad-winged Hawk	0.0	0.0	0.0	0.0	0.0	0.0	0.0	0.0	0.0	0.0	0.0	0.0	0.0	0.09090909090909091	0.16666666666666666	0.0	0.2	0.0	0.0	0.0	0.0	0.0	0.0	0.0	0.0	0.0	0.0	0.0	0.0	0.0	0.0	0.0	0.0	0.0	0.0	0.0	0.0	0.0	0.0	0.0	0.0	0.0	0.0	0.0	0.0	0.0	0.0	0.0	
Swainson's Hawk	0.0	0.0	0.0	0.0	0.0	0.0	0.0	0.0	0.0	0.0	0.0	0.05555555555555555	0.3333333333333333	0.18181818181818182	0.3333333333333333	0.0	0.2	0.2	0.0	0.0	0.0	0.0	0.0	0.0625	0.0	0.0	0.0	0.14285714285714285	0.0	0.0	0.0	0.0	0.0	0.0	0.25	0.0	0.25	0.0	0.0	0.0	0.0	0.0	0.0	0.0	0.0	0.0	0.0	0.0	
Zone-tailed Hawk	0.06896551724137931	0.0	0.0	0.0	0.125	0.0	0.0	0.0	0.0	0.14285714285714285	0.0	0.0	0.0	0.0	0.0	0.0	0.0	0.0	0.0	0.0	0.0	0.0	0.0	0.0	0.0	0.0	0.0	0.0	0.0	0.0	0.0	0.0	0.0	0.0	0.0	0.0	0.0	0.0	0.1	0.0015	0.0	0.0	0.0	0.0	0.0	0.0	0.0	0.0	
Red-tailed Hawk	0.3793103448275862	0.14285714285714285	0.3333333333333333	0.75	0.375	0.3076923076923077	0.16666666666666666	0.2	0.5	0.0	0.058823529411764705	0.0015	0.0	0.09090909090909091	0.25	0.25	0.4	0.2	0.1111111111111111	0.16666666666666666	0.0	0.0	0.0	0.0	0.16666666666666666	0.0	0.0	0.2857142857142857	0.2	0.25	0.0	0.0	0.0	0.25	0.0	0.0	0.0	0.25	0.1	0.18181818181818182	0.14285714285714285	0.5	0.0	0.25	0.0	0.0	0.4583333333333333	0.38461538461538464	
Eastern Screech-Owl	0.0	0.0	0.0	0.0	0.0	0.0	0.0	0.0	0.0	0.0	0.0	0.0	0.0	0.0015	0.0	0.0	0.0	0.0	0.0	0.0	0.0	0.0	0.0	0.0	0.0	0.0	0.0	0.0	0.0	0.0	0.0	0.0	0.0	0.0	0.0	0.0	0.0	0.0	0.0	0.0	0.0	0.0	0.0	0.0	0.0	0.0	0.0	0.0	
Great Horned Owl	0.0	0.0	0.0	0.0015	0.125	0.0	0.0	0.0	0.0	0.0	0.0	0.0	0.0	0.0	0.0	0.0	0.0	0.0	0.0	0.0	0.0	0.0	0.0	0.0	0.0	0.0	0.0	0.0	0.0	0.0	0.0	0.0	0.0	0.0	0.0	0.0	0.0	0.0	0.0	0.0	0.0	0.0	0.0	0.0	0.0	0.0	0.0	0.0	
Barred Owl	0.06896551724137931	0.0	0.09523809523809523	0.0015	0.375	0.0	0.16666666666666666	0.0	0.5	0.0015	0.058823529411764705	0.16666666666666666	0.3333333333333333	0.36363636363636365	0.4166666666666667	0.25	0.2	0.4	0.3333333333333333	0.16666666666666666	0.25	0.0	0.125	0.0625	0.0	0.0	0.0	0.14285714285714285	0.0	0.0	0.0	0.3333333333333333	0.0	0.0	0.0	0.0	0.0	0.0	0.0	0.0	0.0	0.0	0.0	0.0015	0.0	0.09090909090909091	0.041666666666666664	0.11538461538461539	
Belted Kingfisher	0.06896551724137931	0.14285714285714285	0.14285714285714285	0.0	0.0	0.15384615384615385	0.05555555555555555	0.0	0.0	0.0	0.058823529411764705	0.05555555555555555	0.0	0.0	0.0	0.0	0.0	0.0	0.0	0.0	0.0	0.0	0.0	0.0	0.0	0.0	0.0	0.0	0.0	0.0	0.0	0.3333333333333333	0.0	0.0	0.0	0.0	0.0	0.0	0.1	0.0	0.14285714285714285	0.0	0.0	0.0	0.16666666666666666	0.0	0.08333333333333333	0.038461538461538464	
Green Kingfisher	0.10344827586206896	0.0	0.19047619047619047	0.5	0.25	0.15384615384615385	0.0	0.2	0.0	0.14285714285714285	0.058823529411764705	0.2222222222222222	0.26666666666666666	0.18181818181818182	0.08333333333333333	0.08333333333333333	0.0	0.0	0.1111111111111111	0.16666666666666666	0.0	0.0	0.0	0.0625	0.3333333333333333	0.0	0.0	0.5714285714285714	0.2	0.0	0.16666666666666666	0.0	1.0	0.25	0.5	0.3333333333333333	0.0	0.0	0.1	0.0	0.0	0.0	0.0	0.25	0.16666666666666666	0.18181818181818182	0.041666666666666664	0.11538461538461539	
Yellow-bellied Sapsucker	0.3103448275862069	0.42857142857142855	0.47619047619047616	0.0015	0.625	0.07692307692307693	0.2222222222222222	0.4	0.0	0.42857142857142855	0.058823529411764705	0.05555555555555555	0.0	0.09090909090909091	0.0	0.0	0.0	0.0	0.0	0.0	0.0	0.0	0.0	0.0	0.0	0.0	0.0	0.0	0.0	0.0	0.0	0.0	0.0	0.0	0.0	0.0	0.0	0.0	0.1	0.5454545454545454	0.2857142857142857	0.0	0.0	0.25	0.16666666666666666	0.45454545454545453	0.25	0.38461538461538464	
Golden-fronted Woodpecker	0.2413793103448276	0.5714285714285714	0.5714285714285714	0.25	1.0	0.6153846153846154	0.3888888888888889	0.2	0.0	0.7142857142857143	0.6470588235294118	0.3333333333333333	0.2	0.45454545454545453	0.4166666666666667	0.5	0.2	0.2	0.2222222222222222	0.16666666666666666	0.25	0.2	0.25	0.3125	0.6666666666666666	0.0	0.5	0.14285714285714285	0.4	0.0	0.16666666666666666	0.0	1.0	0.5	0.5	0.3333333333333333	0.0	0.25	0.6	0.5454545454545454	0.14285714285714285	0.5	0.0	0.5	0.5	0.45454545454545453	0.5833333333333334	0.7307692307692307	
Red-bellied Woodpecker	0.0	0.0	0.0	0.0	0.0	0.0	0.0	0.0	0.0	0.0	0.0	0.0	0.0	0.09090909090909091	0.0	0.0	0.0	0.0	0.0	0.0	0.0	0.0	0.0	0.0	0.0	0.0	0.0	0.0	0.0	0.0	0.0	0.0	0.0	0.0	0.0	0.0	0.0	0.0	0.0	0.0	0.0	0.0	0.0	0.0	0.0	0.0	0.0	0.0	
Downy Woodpecker	0.10344827586206896	0.14285714285714285	0.047619047619047616	0.0015	0.125	0.07692307692307693	0.05555555555555555	0.0	0.0	0.2857142857142857	0.0	0.0	0.0	0.09090909090909091	0.0	0.0	0.0	0.0	0.0	0.0	0.0	0.0	0.0	0.0625	0.16666666666666666	0.0	0.0	0.0	0.0	0.0	0.16666666666666666	0.0	0.0	0.25	0.25	0.3333333333333333	0.0	0.0	0.2	0.0	0.0	0.0	0.0	0.25	0.3333333333333333	0.18181818181818182	0.125	0.07692307692307693	
Ladder-backed Woodpecker	0.5517241379310345	0.7142857142857143	0.6666666666666666	0.75	0.625	0.8461538461538461	0.6111111111111112	0.8	0.75	0.7142857142857143	0.5882352941176471	0.6111111111111112	0.8	0.5454545454545454	0.8333333333333334	0.8333333333333334	0.8	0.6	0.5555555555555556	0.8333333333333334	0.75	0.6	0.625	0.5625	0.6666666666666666	0.3333333333333333	0.5	0.7142857142857143	0.8	0.75	0.6666666666666666	1.0	0.0	0.5	0.5	0.6666666666666666	0.25	0.75	0.6	0.8181818181818182	0.7142857142857143	1.0	1.0	1.0	0.6666666666666666	0.6363636363636364	0.75	0.8461538461538461	
Downy/Ladder-backed Woodpecker	0.0	0.0	0.0	0.0	0.0	0.0	0.0	0.0	0.0	0.0	0.0	0.05555555555555555	0.0	0.0	0.0	0.0	0.0	0.0	0.0	0.0	0.0	0.0	0.0	0.0	0.0	0.0	0.0	0.0	0.0	0.0	0.0	0.0	0.0	0.0	0.0	0.0	0.0	0.0	0.0	0.0	0.0	0.0	0.0	0.0	0.0	0.0	0.0	0.0	
Northern Flicker	0.27586206896551724	0.42857142857142855	0.19047619047619047	0.0015	0.25	0.15384615384615385	0.16666666666666666	0.2	0.0	0.14285714285714285	0.058823529411764705	0.0	0.0	0.0	0.0	0.0	0.0	0.0	0.0	0.0	0.0	0.0	0.0	0.0	0.0	0.0	0.0	0.0	0.0	0.0	0.0	0.0	0.0	0.0	0.0	0.0	0.0	0.0	0.2	0.2727272727272727	0.0	0.0	0.5	0.25	0.0	0.0	0.125	0.46153846153846156	
woodpecker sp.	0.0	0.0	0.0	0.0	0.0	0.0	0.05555555555555555	0.0	0.0	0.0	0.0	0.0	0.0	0.0	0.0	0.0	0.0	0.0	0.1111111111111111	0.0	0.0	0.0	0.0	0.0	0.0	0.0	0.0	0.0	0.0	0.0	0.0	0.0	0.0	0.0	0.0	0.0	0.0	0.0	0.0	0.0	0.0	0.0	0.0	0.0	0.0	0.0	0.0	0.0	
Crested Caracara	0.3448275862068966	0.5714285714285714	0.6666666666666666	0.75	0.5	0.7692307692307693	0.4444444444444444	0.0	0.25	0.5714285714285714	0.5882352941176471	0.3888888888888889	0.6	0.5454545454545454	0.5	0.5	0.4	0.4	0.2222222222222222	0.3333333333333333	0.0	0.0	0.25	0.125	0.0	0.3333333333333333	0.5	0.0	0.0	0.25	0.16666666666666666	0.0	0.0	0.0	0.75	0.3333333333333333	0.5	0.25	0.1	0.18181818181818182	0.5714285714285714	0.5	0.0	0.5	0.5	0.18181818181818182	0.625	0.7307692307692307	
American Kestrel	0.20689655172413793	0.0	0.23809523809523808	0.5	0.125	0.15384615384615385	0.0	0.2	0.0	0.0	0.0	0.05555555555555555	0.13333333333333333	0.0	0.08333333333333333	0.0	0.0	0.0	0.0	0.0	0.0	0.0	0.0	0.0	0.0	0.0	0.0	0.0	0.0	0.0	0.0	0.0	0.0	0.0	0.25	0.0	0.0	0.0	0.0	0.09090909090909091	0.0	0.0	0.0	0.25	0.3333333333333333	0.09090909090909091	0.375	0.34615384615384615	
Merlin	0.13793103448275862	0.0	0.0	0.0015	0.0	0.0	0.0	0.0	0.0	0.0	0.0	0.0	0.0	0.0	0.0	0.08333333333333333	0.0	0.0	0.0	0.0	0.0	0.0	0.0	0.0	0.0	0.0	0.0	0.0	0.0	0.0	0.0	0.0	0.0	0.0	0.0	0.0	0.25	0.0	0.0	0.0	0.0	0.0	0.0	0.0	0.0	0.0	0.0	0.038461538461538464	
Peregrine Falcon	0.0	0.0	0.0	0.0	0.0	0.0	0.0	0.0	0.0	0.0	0.0	0.0	0.0	0.0	0.0	0.0	0.0	0.0	0.0	0.0	0.0	0.0	0.0	0.0	0.0	0.0	0.0	0.0	0.0	0.25	0.0	0.0	0.0	0.0	0.25	0.0	0.0	0.0	0.0	0.18181818181818182	0.0	0.0	0.0	0.0	0.0	0.0	0.041666666666666664	0.0	
Olive-sided Flycatcher	0.0	0.0	0.0	0.0	0.0	0.0	0.0	0.0	0.0	0.0	0.0	0.0	0.0	0.0	0.0	0.0	0.0	0.06666666666666667	0.0	0.0	0.0	0.0	0.0	0.0	0.0	0.0	0.0	0.0	0.0	0.0	0.0	0.3333333333333333	0.0	0.0	0.0	0.0	0.25	0.0	0.0	0.0	0.0	0.0	0.0	0.0	0.0	0.0	0.0	0.0	
Eastern Wood-Pewee	0.0	0.0	0.0	0.0	0.0	0.0	0.0	0.0	0.0	0.0	0.0	0.0	0.0	0.0	0.0	0.08333333333333333	0.2	0.26666666666666666	0.1111111111111111	0.16666666666666666	0.0	0.0	0.0	0.0625	0.0	0.0	0.0	0.0	0.0	0.0	0.0	0.0	0.0	0.0	0.0	0.3333333333333333	0.0	0.0	0.2	0.0	0.0	0.0	0.0	0.0	0.0	0.0	0.0	0.0	
Yellow-bellied Flycatcher	0.0	0.0	0.0	0.0	0.0	0.0	0.0	0.0	0.0	0.0	0.0	0.0	0.0	0.0	0.0	0.0	0.0	0.06666666666666667	0.0	0.0	0.0	0.0	0.0	0.0	0.0	0.0	0.0	0.0	0.0	0.0	0.0	0.0	0.0	0.0	0.0	0.0	0.0	0.0	0.0	0.0	0.0	0.0	0.0	0.0	0.0	0.0	0.0	0.0	
Acadian Flycatcher	0.0	0.0	0.0	0.0	0.0	0.0	0.0	0.0	0.0	0.0	0.0	0.0	0.0	0.0	0.0	0.0	0.0	0.06666666666666667	0.0	0.0	0.0	0.0	0.0	0.0	0.0	0.0	0.0	0.0	0.0	0.0	0.0	0.0	0.0	0.0	0.0	0.0	0.0	0.0	0.0	0.0	0.0	0.0	0.0	0.0	0.0	0.0	0.0	0.0	
Willow Flycatcher	0.0	0.0	0.0	0.0	0.0	0.0	0.0	0.0	0.0	0.0	0.0	0.0	0.0	0.0	0.0	0.0	0.0	0.0	0.0015	0.0	0.0	0.0	0.0	0.0	0.0	0.0	0.0	0.0	0.0	0.0	0.0	0.0	0.0	0.0	0.0	0.0	0.0	0.0	0.0	0.0	0.0	0.0	0.0	0.0	0.0	0.0	0.0	0.0	
Least Flycatcher	0.0	0.0	0.0	0.0	0.0	0.0	0.0	0.0	0.0	0.0	0.0	0.0	0.0	0.0	0.0	0.08333333333333333	0.0	0.13333333333333333	0.1111111111111111	0.0	0.0	0.0	0.0	0.0	0.0	0.0	0.0	0.0	0.0	0.0	0.0	0.0	0.0	0.0	0.25	0.3333333333333333	0.0	0.0	0.0	0.0	0.0	0.0	0.0	0.0	0.0	0.0	0.0	0.0	
Empidonax sp.	0.0	0.0	0.0	0.0	0.0	0.0	0.0	0.0	0.0	0.0	0.0	0.0	0.0	0.0	0.0	0.0	0.0	0.2	0.2222222222222222	0.0	0.0	0.0	0.0	0.0	0.0	0.0	0.0	0.0	0.0	0.25	0.3333333333333333	0.3333333333333333	0.0	0.25	0.25	0.0	0.0	0.0	0.0	0.0	0.0	0.0	0.0	0.0	0.0	0.0	0.0	0.0	
Eastern Phoebe	0.8275862068965517	0.7142857142857143	0.9523809523809523	1.0	1.0	1.0	0.8888888888888888	1.0	0.5	0.5714285714285714	0.8235294117647058	0.9444444444444444	0.7333333333333333	0.8181818181818182	0.8333333333333334	0.8333333333333334	0.8	0.7333333333333333	0.6666666666666666	0.8333333333333334	0.5	0.6	0.625	0.5	0.5	0.6666666666666666	0.0	0.7142857142857143	0.8	0.0	0.3333333333333333	0.0	1.0	1.0	0.75	0.3333333333333333	1.0	1.0	0.8	1.0	0.7142857142857143	1.0	1.0	1.0	1.0	0.9090909090909091	0.9166666666666666	1.0	
Say's Phoebe	0.13793103448275862	0.0	0.14285714285714285	0.25	0.125	0.07692307692307693	0.0	0.0	0.25	0.0	0.0	0.0	0.0	0.0	0.0	0.0	0.0	0.0	0.0	0.0	0.0	0.0	0.0	0.0	0.0	0.0	0.0	0.0	0.0	0.0	0.0	0.0	0.0	0.0	0.0	0.0	0.0	0.0	0.0	0.0	0.0	0.0	0.0	0.0	0.0	0.0	0.041666666666666664	0.038461538461538464	
Great Crested Flycatcher	0.0	0.0	0.0	0.0	0.0	0.0	0.0	0.0	0.0	0.0	0.0	0.0	0.13333333333333333	0.0	0.4166666666666667	0.4166666666666667	0.2	0.4	0.2222222222222222	0.16666666666666666	0.25	0.4	0.25	0.3125	0.16666666666666666	0.0	0.0	0.0	0.2	0.0	0.0	0.3333333333333333	1.0	0.5	0.0	0.3333333333333333	0.0	0.0	0.0	0.0	0.0	0.0	0.0	0.0	0.0	0.0	0.0	0.0	
Brown-crested Flycatcher	0.0	0.0	0.0	0.0	0.0	0.0	0.0	0.0	0.0	0.0	0.0	0.0	0.0	0.0	0.0	0.08333333333333333	0.0	0.06666666666666667	0.0	0.0	0.0	0.2	0.125	0.0625	0.0	0.0	0.0	0.0	0.0	0.0	0.0	0.0	0.0	0.0	0.0	0.0	0.0	0.0	0.0	0.0	0.0	0.0	0.0	0.0	0.0	0.0	0.0	0.0	
Great Kiskadee	0.0	0.0	0.047619047619047616	0.0	0.0	0.0	0.0	0.0	0.0	0.0	0.0	0.1111111111111111	0.0	0.0	0.0	0.0	0.0	0.0	0.0	0.0	0.0	0.0	0.0	0.0	0.0	0.0	0.0	0.0	0.0	0.0	0.0	0.0	0.0	0.0	0.0	0.0	0.0	0.0	0.0	0.0	0.0	0.0	0.0	0.0	0.0	0.0	0.041666666666666664	0.038461538461538464	
Couch's Kingbird	0.0015	0.14285714285714285	0.047619047619047616	0.0	0.0	0.0	0.05555555555555555	0.0	0.0	0.0	0.0	0.0	0.0	0.0	0.0	0.0	0.0	0.0	0.1111111111111111	0.0	0.0	0.0	0.0	0.0	0.0	0.0	0.0	0.0	0.0	0.0	0.0	0.0	0.0	0.0	0.0	0.3333333333333333	0.0	0.0	0.0	0.09090909090909091	0.2857142857142857	0.0	0.0	0.0	0.16666666666666666	0.0	0.0	0.0	
Western Kingbird	0.0	0.0	0.0	0.0	0.0	0.0	0.0	0.0	0.0	0.0	0.0	0.0	0.0	0.09090909090909091	0.08333333333333333	0.08333333333333333	0.2	0.2	0.2222222222222222	0.3333333333333333	0.0	0.0	0.125	0.0	0.0	0.0	0.0	0.14285714285714285	0.0	0.0	0.0	0.3333333333333333	0.0	0.0	0.0	0.0	0.0	0.0	0.0	0.0	0.0	0.0	0.0	0.0	0.0	0.0	0.0	0.0	
Eastern Kingbird	0.0	0.0	0.0	0.0	0.0	0.0	0.0	0.0	0.0	0.0	0.0	0.0	0.0	0.0	0.0	0.0	0.0	0.0	0.2222222222222222	0.0	0.0	0.0	0.0	0.0	0.0	0.0	0.0	0.0	0.0	0.0	0.0	0.0	0.0	0.0	0.0	0.0	0.0	0.0	0.0	0.0	0.0	0.0	0.0	0.0	0.0	0.0	0.0	0.0	
Scissor-tailed Flycatcher	0.0	0.0	0.0	0.0	0.0	0.0	0.0	0.0	0.0	0.0	0.058823529411764705	0.16666666666666666	0.4	0.45454545454545453	0.4166666666666667	0.6666666666666666	0.4	0.5333333333333333	0.2222222222222222	0.5	0.25	0.2	0.5	0.4375	0.3333333333333333	0.3333333333333333	0.0	0.2857142857142857	0.6	0.5	0.16666666666666666	0.6666666666666666	0.0	0.75	0.75	0.6666666666666666	0.75	0.75	0.4	0.2727272727272727	0.14285714285714285	0.0	0.0	0.0	0.0	0.0	0.0	0.0	
Loggerhead Shrike	0.4482758620689655	0.2857142857142857	0.14285714285714285	0.5	0.25	0.15384615384615385	0.0	0.2	0.25	0.0	0.11764705882352941	0.0	0.0	0.09090909090909091	0.0	0.08333333333333333	0.2	0.06666666666666667	0.1111111111111111	0.0	0.0	0.0	0.0	0.0	0.0	0.0	0.0	0.0	0.0	0.25	0.0	0.0	0.0	0.25	0.5	0.0	0.0	0.5	0.1	0.2727272727272727	0.0	0.0	0.0	0.5	0.6666666666666666	0.18181818181818182	0.4583333333333333	0.2692307692307692	
White-eyed Vireo	0.4827586206896552	0.5714285714285714	0.6190476190476191	0.5	0.875	0.6923076923076923	0.6111111111111112	0.8	0.25	0.7142857142857143	1.0	0.9444444444444444	0.8	0.8181818181818182	0.9166666666666666	1.0	1.0	0.8	0.8888888888888888	0.6666666666666666	0.75	0.8	0.875	0.875	1.0	0.6666666666666666	1.0	1.0	0.8	1.0	0.8333333333333334	0.6666666666666666	1.0	0.75	0.75	0.6666666666666666	0.25	0.75	0.7	0.8181818181818182	0.7142857142857143	1.0	1.0	1.0	0.5	0.45454545454545453	0.5416666666666666	0.7307692307692307	
Bell's Vireo	0.0	0.0	0.0	0.0	0.0	0.0	0.0	0.0	0.0	0.0	0.0	0.0	0.0	0.18181818181818182	0.0	0.16666666666666666	0.2	0.13333333333333333	0.1111111111111111	0.0	0.0	0.2	0.0	0.0625	0.0	0.0	0.0	0.0	0.4	0.0	0.0	0.0	0.0	0.0	0.0	0.0	0.0	0.0	0.0	0.0	0.0	0.0	0.0	0.0	0.0	0.0	0.0	0.0	
Hutton's Vireo	0.0	0.0	0.0	0.0	0.0	0.0	0.0	0.0	0.0	0.0	0.0	0.0	0.0	0.0	0.0	0.0	0.2	0.0	0.0	0.0	0.0	0.0	0.0	0.0	0.0	0.0	0.0	0.0	0.0	0.0	0.0	0.0	0.0	0.0	0.0	0.0	0.0	0.0	0.0	0.0	0.0	0.0	0.0	0.0	0.0	0.0	0.0	0.0	
Yellow-throated Vireo	0.0	0.0	0.0	0.0	0.0	0.0	0.0	0.0	0.0	0.0	0.0	0.0	0.0	0.09090909090909091	0.0	0.0	0.0	0.0	0.0	0.0	0.0	0.0	0.0	0.0	0.0	0.0	0.0	0.0	0.0	0.0	0.0	0.0	0.0	0.0	0.0	0.0	0.0	0.0	0.0	0.0	0.0	0.0	0.0	0.0	0.0	0.0	0.0	0.0	
Blue-headed Vireo	0.10344827586206896	0.0	0.047619047619047616	0.0	0.0	0.0	0.05555555555555555	0.0	0.0	0.14285714285714285	0.11764705882352941	0.05555555555555555	0.0	0.0	0.0	0.16666666666666666	0.2	0.06666666666666667	0.1111111111111111	0.0	0.0	0.0	0.0	0.0	0.0	0.0	0.0	0.0	0.0	0.0	0.0	0.0	0.0	0.25	0.0	0.3333333333333333	0.0	0.0	0.2	0.09090909090909091	0.14285714285714285	0.0	0.0	0.25	0.5	0.09090909090909091	0.041666666666666664	0.07692307692307693	
Warbling Vireo	0.0	0.0	0.0	0.0	0.0	0.0	0.0	0.0	0.0	0.0	0.0	0.0	0.0	0.0	0.08333333333333333	0.0	0.0	0.06666666666666667	0.0015	0.0	0.0	0.0	0.0	0.0	0.0	0.0	0.0	0.0	0.0	0.0	0.0	0.0	0.0	0.0	0.0	0.0	0.0	0.0	0.0	0.0	0.0	0.0	0.0	0.0	0.0	0.0	0.0	0.0	
Red-eyed Vireo	0.0	0.0	0.0	0.0	0.0	0.0	0.0	0.0	0.0	0.0	0.0	0.0	0.0	0.18181818181818182	0.5833333333333334	0.4166666666666667	0.2	0.4666666666666667	0.2222222222222222	0.16666666666666666	0.25	0.4	0.375	0.5625	0.5	0.3333333333333333	0.5	0.2857142857142857	0.4	0.5	0.16666666666666666	0.0	0.0	0.25	0.0	0.0	0.0	0.0	0.0	0.0	0.0	0.0	0.0	0.0	0.0	0.0	0.0	0.0	
Blue Jay	0.0	0.0	0.047619047619047616	0.0	0.125	0.0	0.0	0.0	0.0	0.0	0.0	0.0	0.13333333333333333	0.0	0.0	0.0	0.0	0.2	0.0	0.0	0.0	0.0	0.0	0.0	0.0	0.0	0.0	0.0	0.0	0.0	0.3333333333333333	0.0	0.0	0.0	0.0	0.0	0.0	0.0	0.0	0.0	0.0	0.0	0.0	0.0	0.16666666666666666	0.0	0.041666666666666664	0.0	
Woodhouse's Scrub-Jay	0.0	0.0	0.0	0.0	0.0	0.0	0.0	0.0	0.0	0.0	0.0	0.0	0.0	0.0	0.0	0.0	0.0	0.0	0.0	0.0	0.0	0.0	0.0	0.0	0.0	0.0	0.0	0.0	0.0	0.0	0.0	0.0	0.0	0.0	0.0	0.0	0.0	0.0	0.0	0.0	0.14285714285714285	0.0	0.0	0.0	0.0	0.0	0.0	0.0	
American Crow	0.5862068965517241	0.5714285714285714	0.8095238095238095	0.5	1.0	0.8461538461538461	0.6666666666666666	0.4	0.25	0.7142857142857143	0.6470588235294118	0.6666666666666666	0.7333333333333333	0.6363636363636364	0.5833333333333334	0.6666666666666666	0.4	0.6666666666666666	0.3333333333333333	0.5	0.75	0.4	0.625	0.5	0.3333333333333333	0.0	1.0	0.0015	0.2	0.5	0.16666666666666666	0.3333333333333333	1.0	0.75	0.75	0.3333333333333333	0.75	0.75	0.6	0.7272727272727273	0.5714285714285714	1.0	1.0	0.75	0.6666666666666666	0.45454545454545453	0.5833333333333334	0.8076923076923077	
Common Raven	0.0	0.14285714285714285	0.0	0.0	0.0	0.0	0.05555555555555555	0.0	0.25	0.0	0.0	0.05555555555555555	0.0	0.0	0.0	0.0	0.2	0.06666666666666667	0.0	0.0	0.0	0.0	0.0	0.0	0.0	0.0	0.0	0.0	0.0	0.0	0.0	0.0	0.0	0.0	0.0	0.0	0.0	0.0	0.0	0.0	0.0	0.0	0.0	0.0	0.0	0.0	0.041666666666666664	0.038461538461538464	
raven sp.	0.0	0.0	0.0	0.0	0.0	0.0	0.0	0.0	0.0	0.0	0.0	0.0	0.0	0.0	0.0	0.0	0.0	0.0	0.0	0.0	0.0	0.0	0.0	0.0	0.0	0.0	0.0	0.0	0.0	0.0	0.0	0.0	0.0	0.0	0.0	0.0	0.0	0.0	0.0	0.0	0.0	0.0	0.0	0.0	0.0	0.0	0.0	0.038461538461538464	
Horned Lark	0.0	0.0	0.0	0.0	0.125	0.0	0.0	0.0	0.0	0.0	0.0	0.0	0.0	0.0	0.0	0.0	0.0	0.0	0.0	0.0	0.0	0.0	0.0	0.0	0.0	0.0	0.0	0.0	0.0	0.0	0.0	0.0	0.0	0.0	0.0	0.0	0.0	0.0	0.0	0.0	0.0	0.0	0.0	0.0	0.0	0.0	0.0	0.038461538461538464	
Northern Rough-winged Swallow	0.0	0.0	0.0	0.0	0.0	0.0	0.0	0.0	0.0	0.0	0.11764705882352941	0.05555555555555555	0.0	0.0	0.16666666666666666	0.0	0.0	0.0	0.0	0.16666666666666666	0.0	0.2	0.0	0.0	0.0	0.0	0.0	0.0	0.0	0.0	0.0	0.0	0.0	0.0	0.0	0.0	0.0	0.0	0.0	0.0	0.0	0.0	0.0	0.0	0.0	0.0	0.0	0.0	
Purple Martin	0.0	0.0	0.0	0.0	0.0	0.0	0.0	0.0	0.0	0.14285714285714285	0.058823529411764705	0.1111111111111111	0.4	0.0	0.16666666666666666	0.0	0.0	0.2	0.1111111111111111	0.16666666666666666	0.25	0.0	0.125	0.0	0.16666666666666666	0.6666666666666666	0.0	0.0	0.2	0.0	0.0	0.0	1.0	0.0	0.0	0.0	0.0	0.0	0.0	0.0	0.0	0.0	0.0	0.0	0.0	0.0	0.0	0.0	
Tree Swallow	0.0	0.0	0.0	0.0	0.0	0.0	0.0	0.0	0.0	0.0015	0.0	0.0	0.0	0.0	0.0	0.08333333333333333	0.0	0.13333333333333333	0.0	0.0	0.0	0.0	0.0	0.0	0.0	0.0	0.0	0.0	0.0	0.0	0.0	0.0	0.0	0.0	0.0	0.0	0.0	0.0	0.0	0.2727272727272727	0.0	0.0	0.0	0.0	0.0	0.0	0.0	0.038461538461538464	
Barn Swallow	0.0	0.0	0.047619047619047616	0.0	0.0	0.0	0.0	0.0	0.0	0.42857142857142855	0.058823529411764705	0.1111111111111111	0.4	0.36363636363636365	0.25	0.4166666666666667	0.2	0.26666666666666666	0.0	0.3333333333333333	0.5	0.2	0.25	0.3125	0.0	0.6666666666666666	0.0	0.2857142857142857	0.4	0.25	0.16666666666666666	0.3333333333333333	0.0	0.25	0.5	0.6666666666666666	0.25	0.5	0.6	0.36363636363636365	0.0	0.0	0.0	0.0	0.0	0.0	0.0	0.0	
Cliff Swallow	0.0	0.0	0.0	0.0	0.0	0.0	0.0	0.0	0.0	0.0	0.0	0.1111111111111111	0.06666666666666667	0.0	0.16666666666666666	0.08333333333333333	0.0	0.2	0.2222222222222222	0.16666666666666666	0.25	0.2	0.0	0.0625	0.3333333333333333	0.0	0.0	0.14285714285714285	0.2	0.0	0.0	0.0	0.0	0.0	0.0	0.0	0.0	0.0	0.0	0.0	0.0	0.0	0.0	0.0	0.0	0.0	0.0	0.0	
Cave Swallow	0.034482758620689655	0.0	0.09523809523809523	0.0	0.375	0.0	0.0	0.0	0.0	0.0	0.17647058823529413	0.2222222222222222	0.2	0.18181818181818182	0.6666666666666666	0.16666666666666666	0.2	0.3333333333333333	0.2222222222222222	0.0	0.0	0.2	0.125	0.375	0.0	0.6666666666666666	0.0	0.14285714285714285	0.0	0.25	0.16666666666666666	0.0	1.0	0.5	0.25	0.3333333333333333	0.0	0.25	0.1	0.09090909090909091	0.0	0.5	0.5	0.0	0.16666666666666666	0.0	0.08333333333333333	0.11538461538461539	
Cliff/Cave Swallow	0.0	0.0	0.0	0.0	0.0	0.0	0.0	0.0	0.0	0.0	0.0	0.05555555555555555	0.0	0.0	0.0	0.0	0.0	0.0	0.0	0.0	0.0	0.0	0.25	0.0	0.16666666666666666	0.0	0.0	0.0	0.0	0.0	0.0	0.3333333333333333	0.0	0.0	0.0	0.0	0.0	0.0	0.0	0.0	0.0	0.0	0.0	0.0	0.0	0.0	0.0	0.0	
swallow sp.	0.0	0.0	0.0	0.0	0.0	0.07692307692307693	0.05555555555555555	0.0	0.0	0.0	0.058823529411764705	0.05555555555555555	0.3333333333333333	0.18181818181818182	0.08333333333333333	0.0	0.2	0.13333333333333333	0.1111111111111111	0.3333333333333333	0.25	0.2	0.25	0.0	0.0	0.0	0.0	0.14285714285714285	0.0	0.25	0.0	0.0	0.0	0.0	0.0	0.0	0.0	0.0	0.1	0.18181818181818182	0.0	0.0	0.0	0.0	0.0	0.0	0.0	0.038461538461538464	
Carolina Chickadee	0.6206896551724138	0.8571428571428571	0.6190476190476191	0.5	0.75	0.6153846153846154	0.5555555555555556	0.8	0.5	0.7142857142857143	0.6470588235294118	0.5555555555555556	0.6666666666666666	0.6363636363636364	0.8333333333333334	0.5	0.8	0.6666666666666666	0.6666666666666666	0.5	0.75	0.4	0.375	0.6875	0.6666666666666666	0.6666666666666666	0.5	0.42857142857142855	0.4	0.5	0.6666666666666666	1.0	1.0	0.75	0.75	0.6666666666666666	0.0	0.5	0.5	0.6363636363636364	0.7142857142857143	0.5	1.0	0.5	0.6666666666666666	0.5454545454545454	0.5416666666666666	0.8846153846153846	
Black-crested Titmouse	0.4827586206896552	0.5714285714285714	0.8571428571428571	0.5	1.0	0.6153846153846154	0.6666666666666666	0.8	0.0	0.8571428571428571	0.9411764705882353	0.9444444444444444	0.8	0.8181818181818182	0.8333333333333334	0.75	0.8	0.7333333333333333	0.8888888888888888	0.6666666666666666	0.5	0.8	0.625	0.6875	0.6666666666666666	0.6666666666666666	1.0	0.5714285714285714	0.8	1.0	0.6666666666666666	0.3333333333333333	1.0	0.75	0.75	0.6666666666666666	0.25	0.5	0.6	0.9090909090909091	0.5714285714285714	1.0	1.0	1.0	0.5	0.45454545454545453	0.6666666666666666	0.7307692307692307	
Tufted x Black-crested Titmouse (hybrid)	0.0	0.0	0.0	0.0	0.0	0.0	0.0	0.0	0.0	0.0	0.0	0.0	0.0	0.0	0.0	0.0	0.0	0.0	0.0	0.0	0.0	0.0	0.0	0.0	0.0	0.0	0.0	0.0	0.0	0.0	0.0	0.0	0.0	0.0	0.0	0.0	0.0	0.0	0.0	0.0	0.0	0.0	0.0	0.0	0.0	0.0	0.0	0.07692307692307693	
Tufted/Black-crested Titmouse	0.0	0.14285714285714285	0.0	0.0	0.0	0.0	0.0	0.0	0.0	0.0015	0.058823529411764705	0.0	0.0	0.0	0.0	0.0	0.2	0.0	0.0	0.0	0.0	0.0	0.0	0.0	0.0	0.0	0.0	0.0015	0.0	0.0	0.0	0.3333333333333333	0.0	0.0	0.0	0.0	0.0	0.0	0.0	0.0	0.0	0.0	0.0	0.0	0.0	0.0	0.0	0.0	
Verdin	0.27586206896551724	0.2857142857142857	0.2857142857142857	1.0	0.5	0.23076923076923078	0.3888888888888889	0.2	0.0015	0.14285714285714285	0.47058823529411764	0.5	0.3333333333333333	0.45454545454545453	0.5833333333333334	0.5833333333333334	0.6	0.4666666666666667	0.0	0.3333333333333333	0.25	0.6	0.5	0.5625	0.16666666666666666	0.3333333333333333	0.5	0.5714285714285714	0.2	0.5	0.5	0.0	0.0	0.5	0.0	0.6666666666666666	0.25	0.25	0.2	0.36363636363636365	0.2857142857142857	0.5	0.5	0.25	0.16666666666666666	0.2727272727272727	0.2916666666666667	0.5384615384615384	
Red-breasted Nuthatch	0.0	0.0	0.047619047619047616	0.0	0.0	0.07692307692307693	0.0	0.0	0.0	0.14285714285714285	0.0	0.0	0.0	0.0	0.0	0.0	0.0	0.0	0.0	0.0	0.0	0.0	0.0	0.0	0.0	0.0	0.0	0.0	0.0	0.0	0.0	0.0	0.0	0.0	0.0	0.0	0.0	0.0	0.0	0.0	0.0	0.5	0.0	0.0	0.0	0.0	0.041666666666666664	0.11538461538461539	
Brown Creeper	0.10344827586206896	0.0	0.0	0.0	0.0	0.0	0.0	0.0	0.0	0.0	0.058823529411764705	0.0	0.0	0.0	0.0	0.0	0.0	0.0	0.0	0.0	0.0	0.0	0.0	0.0	0.0	0.0	0.0	0.0	0.0	0.0	0.0	0.0	0.0	0.0	0.0	0.0	0.0	0.0	0.0	0.0	0.0	0.0	0.5	0.0	0.16666666666666666	0.0	0.0	0.11538461538461539	
House Wren	0.4482758620689655	0.0	0.5238095238095238	0.0015	0.375	0.46153846153846156	0.2777777777777778	0.4	0.0	0.2857142857142857	0.35294117647058826	0.2777777777777778	0.13333333333333333	0.18181818181818182	0.5	0.0	0.0	0.06666666666666667	0.0	0.0	0.0	0.0	0.0	0.0	0.0	0.0	0.0	0.0	0.0	0.0	0.0	0.0	0.0	0.0	0.0	0.0	0.0	0.0	0.3	0.45454545454545453	0.42857142857142855	0.5	1.0	1.0	0.16666666666666666	0.2727272727272727	0.375	0.5	
Winter Wren	0.10344827586206896	0.14285714285714285	0.047619047619047616	0.0	0.125	0.07692307692307693	0.0	0.0	0.0	0.0	0.058823529411764705	0.05555555555555555	0.0	0.0	0.0	0.0	0.0	0.0	0.0	0.0	0.0	0.0	0.0	0.0	0.0	0.0	0.0	0.0	0.0	0.0	0.0	0.0	0.0	0.0	0.0	0.0	0.0	0.0	0.0	0.0	0.0	0.0	0.0	0.0	0.0	0.09090909090909091	0.20833333333333334	0.23076923076923078	
Marsh Wren	0.0	0.0	0.0	0.0	0.0	0.0	0.0	0.0	0.0	0.14285714285714285	0.0	0.0	0.0	0.0	0.0	0.0	0.0	0.0	0.0	0.0	0.0	0.0	0.0	0.0	0.0	0.0	0.0	0.0	0.0	0.0	0.0	0.0	0.0	0.0	0.0	0.0	0.0	0.0	0.0	0.0	0.0	0.0	0.0	0.0	0.0	0.0	0.0	0.0	
Carolina Wren	0.6896551724137931	0.7142857142857143	0.8571428571428571	1.0	0.875	0.8461538461538461	0.6666666666666666	0.8	0.5	0.8571428571428571	0.9411764705882353	0.7777777777777778	0.8666666666666667	0.9090909090909091	0.9166666666666666	0.9166666666666666	1.0	0.8	0.8888888888888888	0.6666666666666666	0.75	1.0	1.0	0.6875	0.8333333333333334	0.3333333333333333	1.0	0.7142857142857143	1.0	0.75	0.8333333333333334	0.6666666666666666	1.0	0.75	0.75	0.6666666666666666	0.5	0.75	0.9	1.0	0.5714285714285714	1.0	1.0	0.75	0.8333333333333334	0.7272727272727273	0.8333333333333334	0.9230769230769231	
Bewick's Wren	0.41379310344827586	0.42857142857142855	0.5238095238095238	0.5	0.75	0.38461538461538464	0.3888888888888889	0.2	0.5	0.8571428571428571	0.7058823529411765	0.7222222222222222	0.4	0.7272727272727273	0.5833333333333334	0.5	0.4	0.6	0.4444444444444444	0.5	0.25	0.2	0.25	0.5	0.5	0.6666666666666666	0.5	0.42857142857142855	0.8	0.75	0.3333333333333333	0.3333333333333333	0.0	0.5	0.5	0.3333333333333333	0.0	0.0	0.2	0.45454545454545453	0.14285714285714285	0.0	0.5	0.5	0.5	0.2727272727272727	0.625	0.6153846153846154	
Cactus Wren	0.10344827586206896	0.0	0.0	0.0	0.0	0.0	0.0	0.0	0.0	0.0	0.0	0.0	0.0	0.0	0.0	0.0	0.0	0.0	0.1111111111111111	0.0	0.0	0.0	0.0	0.0	0.0	0.0	0.0	0.0	0.0	0.0	0.0	0.0	0.0	0.0	0.0	0.0	0.0	0.0	0.0	0.0	0.0	0.0	0.0	0.0	0.0	0.0	0.0	0.0	
Blue-gray Gnatcatcher	0.27586206896551724	0.2857142857142857	0.6666666666666666	0.25	0.625	0.6153846153846154	0.3333333333333333	0.6	0.0	0.2857142857142857	0.7058823529411765	0.7777777777777778	0.8	0.6363636363636364	0.25	0.5833333333333334	0.2	0.4	0.4444444444444444	0.0	0.25	0.0	0.125	0.3125	0.16666666666666666	0.0	0.0	0.2857142857142857	0.0	0.5	0.16666666666666666	0.3333333333333333	1.0	0.75	0.75	0.3333333333333333	0.5	0.5	0.6	0.6363636363636364	0.42857142857142855	1.0	1.0	0.5	0.5	0.7272727272727273	0.3333333333333333	0.6153846153846154	
Golden-crowned Kinglet	0.20689655172413793	0.2857142857142857	0.14285714285714285	0.25	0.125	0.07692307692307693	0.05555555555555555	0.0	0.0	0.0	0.0	0.0	0.0	0.0	0.0	0.0	0.0	0.0	0.0	0.0	0.0	0.0	0.0	0.0	0.0	0.0	0.0	0.0	0.0	0.0	0.0	0.0	0.0	0.0	0.0	0.0	0.0	0.0	0.0	0.0	0.0	0.5	0.0	0.5	0.0015	0.2727272727272727	0.16666666666666666	0.19230769230769232	
Ruby-crowned Kinglet	0.7241379310344828	0.5714285714285714	0.9523809523809523	1.0	1.0	1.0	0.6111111111111112	0.8	0.5	1.0	0.8823529411764706	0.9444444444444444	0.7333333333333333	0.45454545454545453	0.4166666666666667	0.08333333333333333	0.0	0.0	0.0	0.0	0.0	0.0	0.0	0.0	0.0	0.0	0.0	0.0	0.0	0.0	0.0	0.0	0.0	0.25	0.0	0.3333333333333333	0.25	0.0	0.4	1.0	0.7142857142857143	1.0	1.0	1.0	1.0	0.9090909090909091	0.9166666666666666	0.9615384615384616	
Eastern Bluebird	0.27586206896551724	0.0	0.2857142857142857	0.25	0.625	0.15384615384615385	0.05555555555555555	0.0	0.0	0.0	0.0	0.0015	0.0	0.0	0.0	0.08333333333333333	0.0	0.0	0.0	0.0	0.0	0.0	0.0	0.0	0.0	0.0	0.0	0.0	0.0	0.0	0.0	0.0	0.0	0.0	0.0	0.0	0.0	0.0	0.0	0.0	0.0	0.0	0.5	0.0	0.16666666666666666	0.0	0.16666666666666666	0.38461538461538464	
Swainson's Thrush	0.0	0.0	0.0	0.0	0.0	0.0	0.0	0.0	0.0	0.0	0.0	0.0	0.0	0.0	0.0	0.0015	0.0	0.13333333333333333	0.0	0.0	0.0	0.0	0.0	0.0	0.0	0.0	0.0	0.0	0.0	0.0	0.0	0.0	0.0	0.0	0.0	0.0	0.0	0.0	0.0	0.0	0.0	0.0	0.0	0.0	0.0	0.0	0.0	0.0	
Hermit Thrush	0.5862068965517241	0.5714285714285714	0.7142857142857143	0.5	0.875	0.8461538461538461	0.3333333333333333	0.2	0.5	0.5714285714285714	0.4117647058823529	0.2777777777777778	0.0	0.09090909090909091	0.0	0.0	0.0	0.0	0.0	0.0	0.0	0.0	0.0	0.0	0.0	0.0	0.0	0.0	0.0	0.0	0.0	0.0	0.0	0.0	0.0	0.0	0.0	0.0	0.1	0.36363636363636365	0.2857142857142857	0.5	1.0	0.25	0.6666666666666666	0.36363636363636365	0.625	0.8076923076923077	
Wood Thrush	0.0	0.0	0.0	0.0	0.0	0.0	0.0	0.0	0.0	0.0	0.0	0.0	0.0	0.0	0.0	0.16666666666666666	0.0	0.0	0.0	0.0	0.0	0.0	0.0	0.0	0.0	0.0	0.0	0.0	0.0	0.0	0.0	0.0	0.0	0.0	0.0	0.0	0.0	0.0	0.0	0.0	0.0	0.0	0.0	0.0	0.0	0.0	0.0	0.0	
American Robin	0.6206896551724138	0.2857142857142857	0.6190476190476191	0.75	0.5	0.6923076923076923	0.2777777777777778	0.6	0.0015	0.0	0.058823529411764705	0.05555555555555555	0.0	0.0	0.0	0.0	0.0	0.0	0.0	0.0	0.0	0.0	0.0	0.0	0.0	0.0	0.0	0.0	0.0	0.0	0.0	0.0	0.0	0.0	0.0	0.0	0.0	0.0	0.0	0.0	0.14285714285714285	0.0	0.0	0.5	0.16666666666666666	0.09090909090909091	0.16666666666666666	0.6153846153846154	
Gray Catbird	0.06896551724137931	0.0	0.047619047619047616	0.0	0.125	0.23076923076923078	0.0	0.2	0.0	0.0	0.17647058823529413	0.0015	0.0	0.09090909090909091	0.08333333333333333	0.0015	0.2	0.2	0.0	0.0	0.0	0.0	0.0	0.0	0.0	0.0	0.0	0.0	0.0	0.0	0.0	0.0	0.0	0.0	0.0	0.0	0.0	0.25	0.0	0.2727272727272727	0.0	0.0	0.5	0.0	0.0	0.09090909090909091	0.20833333333333334	0.19230769230769232	
Long-billed Thrasher	0.06896551724137931	0.0	0.0	0.0	0.375	0.07692307692307693	0.0	0.2	0.25	0.0	0.058823529411764705	0.0	0.0	0.0	0.0	0.08333333333333333	0.0	0.0	0.0	0.0	0.0	0.0	0.0	0.0	0.0	0.0	0.0	0.0	0.0	0.0	0.0	0.0	0.0	0.0	0.0	0.0	0.0	0.0	0.0	0.09090909090909091	0.0	0.0	0.0	0.0	0.0	0.0	0.0	0.15384615384615385	
Northern Mockingbird	0.8620689655172413	0.8571428571428571	1.0	1.0	1.0	1.0	0.9444444444444444	0.6	1.0	0.8571428571428571	0.7647058823529411	0.6111111111111112	0.7333333333333333	0.6363636363636364	0.75	0.9166666666666666	0.8	0.7333333333333333	0.4444444444444444	0.5	0.75	0.2	0.625	0.5	0.5	0.0	0.0	0.42857142857142855	0.4	0.5	0.6666666666666666	0.0	0.0	0.25	0.75	1.0	1.0	0.75	0.6	0.9090909090909091	0.7142857142857143	1.0	0.5	0.75	1.0	0.7272727272727273	0.8333333333333334	1.0	
European Starling	0.06896551724137931	0.14285714285714285	0.047619047619047616	0.0015	0.0	0.07692307692307693	0.05555555555555555	0.0	0.0	0.0	0.058823529411764705	0.16666666666666666	0.0	0.09090909090909091	0.08333333333333333	0.0	0.0	0.13333333333333333	0.1111111111111111	0.0	0.0	0.0	0.0	0.0625	0.0	0.0	0.0	0.14285714285714285	0.0	0.0	0.16666666666666666	0.0	0.0	0.0	0.25	0.0	0.0	0.0	0.0	0.18181818181818182	0.0	0.0	0.0	0.0	0.0	0.09090909090909091	0.3333333333333333	0.15384615384615385	
American Pipit	0.034482758620689655	0.14285714285714285	0.0	0.25	0.0	0.0	0.0	0.0	0.0	0.0	0.0	0.0	0.0	0.0015	0.0	0.0	0.0	0.0	0.0	0.0	0.0	0.0	0.0	0.0	0.0	0.0	0.0	0.0	0.0	0.0	0.0	0.0	0.0	0.0	0.0	0.0	0.0	0.0	0.0	0.0	0.0	0.0	0.0	0.25	0.0	0.09090909090909091	0.25	0.11538461538461539	
Sprague's Pipit	0.034482758620689655	0.0	0.0	0.0	0.0	0.0	0.05555555555555555	0.0	0.0	0.0	0.0	0.0	0.0	0.0	0.0	0.0	0.0	0.0	0.0	0.0	0.0	0.0	0.0	0.0	0.0	0.0	0.0	0.0	0.0	0.0	0.0	0.0	0.0	0.0	0.0	0.0	0.0	0.0	0.0	0.0	0.0	0.0	0.0	0.0	0.0	0.0	0.0	0.0	
Cedar Waxwing	0.3448275862068966	0.2857142857142857	0.42857142857142855	0.5	0.25	0.6153846153846154	0.4444444444444444	0.8	0.5	0.5714285714285714	0.47058823529411764	0.4444444444444444	0.4	0.36363636363636365	0.25	0.16666666666666666	0.0	0.13333333333333333	0.0	0.0	0.0	0.0	0.0	0.0	0.0	0.0	0.0	0.0	0.0	0.0	0.0	0.0	0.0	0.0	0.0	0.0	0.0	0.0	0.2	0.0	0.0	0.0	0.0	0.5	0.6666666666666666	0.2727272727272727	0.5	0.38461538461538464	
House Finch	0.4482758620689655	0.42857142857142855	0.38095238095238093	0.25	0.5	0.15384615384615385	0.3333333333333333	0.6	0.25	0.2857142857142857	0.23529411764705882	0.6111111111111112	0.26666666666666666	0.45454545454545453	0.3333333333333333	0.3333333333333333	0.2	0.2	0.2222222222222222	0.3333333333333333	0.0	0.2	0.25	0.25	0.0	0.0	0.0	0.14285714285714285	0.2	0.5	0.5	0.0	0.0	0.0	0.25	0.3333333333333333	0.0	0.0	0.2	0.7272727272727273	0.0	1.0	0.5	0.5	0.5	0.5454545454545454	0.5833333333333334	0.6923076923076923	
Purple Finch	0.0	0.0	0.0	0.0	0.0	0.0	0.0	0.0	0.0	0.0	0.0	0.0	0.0	0.0	0.0	0.0	0.0	0.0	0.0	0.0	0.0	0.0	0.0	0.0	0.0	0.0	0.0	0.0	0.0	0.0	0.0	0.0	0.0	0.0	0.0	0.0	0.0	0.0	0.0	0.0	0.0	0.0	0.0	0.0	0.0	0.0	0.0	0.038461538461538464	
Pine Siskin	0.0	0.0	0.0	0.0	0.0	0.0	0.0	0.0	0.0	0.0	0.0	0.0	0.0	0.0	0.0	0.0	0.0	0.0	0.0	0.0	0.0	0.0	0.0	0.0	0.0	0.0	0.0	0.0	0.0	0.0	0.0	0.0	0.0	0.0	0.0	0.0	0.0	0.0	0.0	0.0	0.0	0.0	0.0	0.0	0.16666666666666666	0.0	0.0	0.11538461538461539	
Lesser Goldfinch	0.5172413793103449	0.2857142857142857	0.5714285714285714	0.25	0.375	0.07692307692307693	0.2777777777777778	0.2	0.0	0.2857142857142857	0.11764705882352941	0.16666666666666666	0.26666666666666666	0.0	0.08333333333333333	0.3333333333333333	0.2	0.0	0.1111111111111111	0.3333333333333333	0.0	0.0015	0.125	0.0	0.16666666666666666	0.0	0.0	0.14285714285714285	0.2	0.0	0.16666666666666666	0.0	0.0	0.25	0.75	0.6666666666666666	0.25	0.0	0.6	0.45454545454545453	0.42857142857142855	0.0	0.5	0.5	0.6666666666666666	0.45454545454545453	0.5416666666666666	0.7307692307692307	
American Goldfinch	0.5172413793103449	0.5714285714285714	0.5238095238095238	0.25	0.375	0.6153846153846154	0.16666666666666666	0.8	0.5	0.14285714285714285	0.23529411764705882	0.1111111111111111	0.2	0.09090909090909091	0.0	0.0	0.0	0.0	0.0	0.0	0.0	0.0	0.0	0.0	0.0	0.0	0.0	0.0	0.0	0.0	0.0	0.0	0.0	0.0	0.0	0.0	0.0	0.0	0.0	0.0	0.0	0.0	0.0	0.75	0.3333333333333333	0.7272727272727273	0.5416666666666666	0.7692307692307693	
McCown's Longspur	0.1724137931034483	0.0	0.19047619047619047	0.25	0.0	0.0	0.0	0.0	0.0	0.0	0.0	0.0	0.0	0.0	0.0	0.0	0.0	0.0	0.0	0.0	0.0	0.0	0.0	0.0	0.0	0.0	0.0	0.0	0.0	0.0	0.0	0.0	0.0	0.0	0.0	0.0	0.0	0.0	0.0	0.0	0.0	0.0	0.0	0.0	0.0	0.0	0.0	0.038461538461538464	
Cassin's Sparrow	0.0	0.0	0.0	0.0	0.0	0.0	0.0	0.0	0.0	0.42857142857142855	0.058823529411764705	0.0	0.0	0.0	0.0	0.0	0.0	0.0	0.0	0.0	0.0	0.0	0.0	0.0	0.0	0.0	0.0	0.0	0.0	0.0	0.0	0.0	0.0	0.0	0.0	0.0	0.0	0.0	0.0	0.0	0.0	0.0	0.0	0.0	0.0	0.0	0.041666666666666664	0.0	
Grasshopper Sparrow	0.0	0.0	0.14285714285714285	0.0	0.125	0.07692307692307693	0.0	0.2	0.0	0.0	0.11764705882352941	0.1111111111111111	0.26666666666666666	0.0	0.08333333333333333	0.0	0.0	0.0	0.0	0.0	0.0	0.0	0.0	0.0	0.0	0.0	0.0	0.0	0.0	0.0	0.0	0.0	0.0	0.0	0.0	0.0	0.0	0.0	0.0	0.0	0.0	0.0	0.0	0.0	0.0	0.0	0.08333333333333333	0.19230769230769232	
Olive Sparrow	0.0	0.0	0.0	0.0	0.0	0.0	0.0	0.0	0.0	0.0	0.0	0.0	0.06666666666666667	0.0	0.0	0.16666666666666666	0.0	0.0	0.0	0.0	0.0	0.2	0.0	0.0625	0.16666666666666666	0.0	0.5	0.0	0.0	0.0	0.16666666666666666	0.0	0.0	0.0	0.0	0.0	0.0	0.0	0.0	0.0	0.0	0.0	0.0	0.0	0.0	0.0	0.0	0.0	
Chipping Sparrow	0.27586206896551724	0.0	0.2857142857142857	0.25	0.25	0.38461538461538464	0.1111111111111111	0.0	0.25	0.14285714285714285	0.35294117647058826	0.4444444444444444	0.06666666666666667	0.18181818181818182	0.0	0.08333333333333333	0.0	0.0	0.0	0.0	0.0	0.0	0.0	0.0	0.0	0.0	0.0	0.0	0.0	0.0	0.0	0.0	0.0	0.0	0.0	0.0	0.0	0.0	0.0	0.0	0.0	0.0	0.0	0.5	0.0	0.0	0.16666666666666666	0.23076923076923078	
Clay-colored Sparrow	0.0	0.0	0.047619047619047616	0.0	0.125	0.0	0.0	0.0	0.0	0.0	0.0	0.0	0.0	0.09090909090909091	0.3333333333333333	0.5	0.2	0.0	0.0	0.0	0.0	0.0	0.0	0.0	0.0	0.0	0.0	0.0	0.0	0.0	0.0	0.0	0.0	0.0	0.0	0.0	0.0	0.0	0.0	0.0	0.0	0.0	0.0	0.0	0.0	0.0	0.125	0.0	
Field Sparrow	0.4482758620689655	0.42857142857142855	0.42857142857142855	0.75	0.625	0.38461538461538464	0.16666666666666666	0.2	0.25	0.0015	0.23529411764705882	0.05555555555555555	0.13333333333333333	0.0	0.0	0.0	0.0	0.0	0.1111111111111111	0.0	0.0	0.0	0.0	0.0	0.0	0.0	0.0	0.0	0.0	0.0	0.0	0.0	0.0	0.0	0.0	0.0	0.0	0.0	0.0	0.0	0.0	0.0	0.0	0.25	0.0	0.09090909090909091	0.25	0.3076923076923077	
Brewer's Sparrow	0.1724137931034483	0.0	0.19047619047619047	0.0	0.0	0.0	0.0	0.0	0.0	0.0	0.0	0.0	0.0	0.0	0.0	0.0	0.0	0.0	0.0	0.0	0.0	0.0	0.0	0.0	0.0	0.0	0.0	0.0	0.0	0.0	0.0	0.0	0.0	0.0	0.0	0.0	0.0	0.0	0.0	0.0	0.0	0.0	0.0	0.0	0.0	0.0	0.0	0.19230769230769232	
Lark Sparrow	0.06896551724137931	0.0	0.047619047619047616	0.0	0.25	0.07692307692307693	0.0	0.0	0.25	0.0	0.058823529411764705	0.16666666666666666	0.13333333333333333	0.18181818181818182	0.08333333333333333	0.16666666666666666	0.2	0.06666666666666667	0.1111111111111111	0.0	0.0	0.0	0.0	0.0	0.16666666666666666	0.0	0.0	0.14285714285714285	0.0	0.0	0.0	0.0	0.0	0.0	0.25	0.0	0.0	0.0	0.1	0.0	0.0	0.0	0.5	0.0	0.0	0.09090909090909091	0.2916666666666667	0.19230769230769232	
Lark Bunting	0.06896551724137931	0.0	0.0	0.0	0.125	0.07692307692307693	0.0	0.0	0.0	0.14285714285714285	0.058823529411764705	0.0	0.0	0.0	0.0	0.0	0.0	0.0	0.0	0.0	0.0	0.0	0.0	0.0	0.0	0.0	0.0	0.0	0.0	0.0	0.0	0.0	0.0	0.0	0.0	0.0	0.0	0.0	0.0	0.0	0.0	0.0	0.0	0.0	0.0	0.0	0.0	0.0015	
Fox Sparrow	0.06896551724137931	0.0	0.14285714285714285	0.5	0.0	0.0	0.0	0.0	0.0	0.0	0.0	0.0	0.0	0.0	0.0	0.0	0.0	0.0	0.0	0.0	0.0	0.0	0.0	0.0	0.0	0.0	0.0	0.0	0.0	0.0	0.0	0.0	0.0	0.0	0.0	0.0	0.0	0.0	0.0	0.0	0.0	0.0	0.0	0.0	0.0	0.0	0.041666666666666664	0.11538461538461539	
Dark-eyed Junco	0.1724137931034483	0.0	0.0	0.0	0.125	0.0	0.05555555555555555	0.0	0.5	0.0	0.0	0.0	0.0	0.0	0.0	0.0	0.0	0.0	0.0	0.0	0.0	0.0	0.0	0.0	0.0	0.0	0.0	0.0	0.0	0.0	0.0	0.0	0.0	0.0	0.0	0.0	0.0	0.0	0.0	0.0	0.0	0.0	0.0	0.25	0.16666666666666666	0.18181818181818182	0.0	0.15384615384615385	
White-crowned Sparrow	0.5517241379310345	0.2857142857142857	0.5714285714285714	0.75	0.75	0.38461538461538464	0.3888888888888889	0.4	0.25	0.42857142857142855	0.4117647058823529	0.3888888888888889	0.5333333333333333	0.09090909090909091	0.3333333333333333	0.16666666666666666	0.0	0.0	0.0	0.0	0.0	0.0	0.0	0.0	0.0	0.0	0.0	0.0	0.0	0.0	0.0	0.0	0.0	0.0	0.0	0.0	0.0	0.0	0.1	0.2727272727272727	0.42857142857142855	0.0	1.0	0.75	0.3333333333333333	0.2727272727272727	0.6666666666666666	0.6538461538461539	
Harris's Sparrow	0.13793103448275862	0.0	0.047619047619047616	0.0	0.25	0.0	0.05555555555555555	0.2	0.0	0.0	0.0	0.0	0.0	0.0	0.0	0.0	0.0	0.0	0.0	0.0	0.0	0.0	0.0	0.0	0.0	0.0	0.0	0.0	0.0	0.0	0.0	0.0	0.0	0.0	0.0	0.0	0.0	0.0	0.0	0.09090909090909091	0.0	0.0	0.0	0.0	0.0	0.0	0.08333333333333333	0.11538461538461539	
White-throated Sparrow	0.4482758620689655	0.2857142857142857	0.38095238095238093	0.25	0.75	0.15384615384615385	0.1111111111111111	0.4	0.0	0.14285714285714285	0.47058823529411764	0.2777777777777778	0.06666666666666667	0.2727272727272727	0.16666666666666666	0.0	0.0	0.0	0.0	0.0	0.0	0.0	0.0	0.0	0.0	0.0	0.0	0.0	0.0	0.0	0.0	0.0	0.0	0.0	0.0	0.0	0.0	0.0	0.0	0.0	0.2857142857142857	0.0	0.0	0.25	0.3333333333333333	0.2727272727272727	0.2916666666666667	0.6153846153846154	
Vesper Sparrow	0.6551724137931034	0.2857142857142857	0.5714285714285714	0.5	0.75	0.5384615384615384	0.5555555555555556	0.6	0.25	0.7142857142857143	0.5882352941176471	0.5	0.06666666666666667	0.09090909090909091	0.0	0.0	0.0	0.0	0.0	0.0	0.0	0.0	0.0	0.0	0.0	0.0	0.0	0.0	0.0	0.0	0.0	0.0	0.0	0.0	0.0	0.0	0.0	0.0	0.1	0.18181818181818182	0.0	0.5	0.5	0.5	0.3333333333333333	0.45454545454545453	0.625	0.8076923076923077	
Savannah Sparrow	0.6551724137931034	0.0	0.38095238095238093	0.25	0.75	0.5384615384615384	0.2222222222222222	0.8	0.25	0.42857142857142855	0.4117647058823529	0.5555555555555556	0.3333333333333333	0.0	0.16666666666666666	0.08333333333333333	0.0	0.0	0.0	0.0	0.0	0.0	0.0	0.0	0.0	0.0	0.0	0.0	0.0	0.0	0.0	0.0	0.0	0.0	0.0	0.0	0.0	0.0	0.1	0.2727272727272727	0.42857142857142855	0.5	0.5	0.5	0.16666666666666666	0.36363636363636365	0.375	0.7307692307692307	
Song Sparrow	0.3103448275862069	0.42857142857142855	0.38095238095238093	0.75	0.625	0.23076923076923078	0.16666666666666666	0.4	0.25	0.14285714285714285	0.23529411764705882	0.1111111111111111	0.0	0.09090909090909091	0.0	0.0	0.0	0.0	0.0	0.0	0.0	0.0	0.0	0.0	0.0	0.0	0.0	0.0	0.0	0.0	0.0	0.0	0.0	0.0	0.0	0.0	0.0	0.0	0.0	0.0	0.0	0.0	0.5	0.25	0.16666666666666666	0.18181818181818182	0.041666666666666664	0.5	
Lincoln's Sparrow	0.7241379310344828	0.5714285714285714	0.7142857142857143	0.75	0.875	0.8461538461538461	0.5	0.6	0.25	0.5714285714285714	0.7647058823529411	0.8333333333333334	0.8666666666666667	0.5454545454545454	0.5	0.25	0.0	0.0	0.0	0.0	0.0	0.0	0.0	0.0	0.0	0.0	0.0	0.0	0.0	0.0	0.0	0.0	0.0	0.0	0.0	0.3333333333333333	0.25	0.0	0.5	0.7272727272727273	0.8571428571428571	0.5	1.0	0.5	0.6666666666666666	0.5454545454545454	0.75	0.8846153846153846	
Swamp Sparrow	0.0	0.0	0.0	0.25	0.125	0.15384615384615385	0.0	0.0	0.0	0.14285714285714285	0.058823529411764705	0.0	0.0	0.0	0.0	0.0	0.0	0.0	0.0	0.0	0.0	0.0	0.0	0.0	0.0	0.0	0.0	0.0	0.0	0.0	0.0	0.0	0.0	0.0	0.0	0.0	0.0	0.0	0.0	0.0	0.0	0.0	0.0	0.25	0.0	0.0	0.041666666666666664	0.11538461538461539	
Green-tailed Towhee	0.0	0.0	0.0	0.0	0.0	0.0	0.0	0.0	0.0	0.0	0.0	0.0	0.0	0.0	0.0	0.0	0.0	0.0	0.0	0.0	0.0	0.0	0.0	0.0	0.0	0.0	0.0	0.0	0.0	0.0	0.0	0.0	0.0	0.0	0.0	0.0	0.0	0.0	0.0	0.09090909090909091	0.0	0.0	0.0	0.0	0.0	0.0	0.08333333333333333	0.0	
Spotted Towhee	0.5172413793103449	0.2857142857142857	0.38095238095238093	0.5	0.625	0.3076923076923077	0.16666666666666666	0.2	0.25	0.42857142857142855	0.5294117647058824	0.16666666666666666	0.26666666666666666	0.09090909090909091	0.16666666666666666	0.0	0.0	0.0	0.0	0.0	0.0	0.0	0.0	0.0	0.0	0.0	0.0	0.0	0.0	0.0	0.0	0.0	0.0	0.0	0.0	0.0	0.0	0.0	0.2	0.0015	0.14285714285714285	0.0	0.0	0.25	0.0015	0.18181818181818182	0.3333333333333333	0.6538461538461539	
Eastern Towhee	0.06896551724137931	0.0	0.0	0.0	0.0	0.07692307692307693	0.0	0.0	0.0	0.0	0.0	0.0	0.0	0.0	0.0	0.0	0.0	0.0	0.0	0.0	0.0	0.0	0.0	0.0	0.0	0.0	0.0	0.0	0.0	0.0	0.0	0.0	0.0	0.0	0.0	0.0	0.0	0.0	0.0	0.0	0.0	0.0	0.0	0.0	0.0	0.0	0.0	0.0	
Spotted/Eastern Towhee (Rufous-sided Towhee)	0.0	0.0	0.0	0.0	0.0	0.0	0.0	0.0	0.0	0.0	0.0	0.0	0.0	0.0015	0.0	0.0	0.0	0.0	0.0	0.0	0.0	0.0	0.0	0.0	0.0	0.0	0.0	0.0	0.0	0.0	0.0	0.0	0.0	0.0	0.0	0.0	0.0	0.0	0.0	0.0	0.0	0.0	0.0	0.0	0.0	0.0	0.0	0.0	
Yellow-breasted Chat	0.0	0.0	0.0	0.0	0.0	0.0	0.0	0.0	0.0	0.0	0.0	0.0	0.0	0.0	0.08333333333333333	0.3333333333333333	0.0	0.06666666666666667	0.0	0.0	0.0	0.0	0.0	0.0	0.0	0.0	0.0	0.0	0.0	0.0	0.0	0.0	0.0	0.0	0.0	0.0	0.0	0.0	0.0	0.0	0.0	0.0	0.0	0.0	0.0	0.0	0.0	0.0	
Western Meadowlark	0.06896551724137931	0.0	0.14285714285714285	0.25	0.25	0.23076923076923078	0.05555555555555555	0.2	0.0	0.0	0.058823529411764705	0.0	0.0	0.0	0.0	0.0	0.0	0.0	0.0	0.0	0.0	0.0	0.0	0.0	0.0	0.0	0.0	0.0	0.0	0.0	0.0	0.0	0.0	0.0	0.0	0.0	0.0	0.0	0.0	0.0	0.0	0.0	0.0	0.0	0.16666666666666666	0.0	0.08333333333333333	0.11538461538461539	
Eastern Meadowlark	0.13793103448275862	0.14285714285714285	0.19047619047619047	0.0	0.125	0.0	0.0	0.0	0.25	0.0	0.0	0.0	0.0	0.0	0.0	0.0	0.0	0.0	0.0	0.0	0.0	0.0	0.0	0.0	0.0	0.0	0.0	0.0	0.0	0.0	0.0	0.0	0.0	0.0	0.0	0.0	0.0	0.0	0.0	0.0015	0.0	0.0	0.0	0.0	0.0015	0.0	0.041666666666666664	0.07692307692307693	
Western/Eastern Meadowlark	0.27586206896551724	0.0	0.14285714285714285	0.25	0.375	0.23076923076923078	0.05555555555555555	0.0	0.0	0.14285714285714285	0.0	0.0	0.0	0.0	0.0	0.0	0.0	0.0	0.0	0.0	0.0	0.0	0.0	0.0	0.0	0.0	0.0	0.0	0.0	0.0	0.0	0.0	0.0	0.0	0.0	0.0	0.0	0.0	0.0	0.36363636363636365	0.0	0.0	0.0	0.5	0.0	0.2727272727272727	0.5	0.5	
Orchard Oriole	0.0	0.0	0.0	0.0	0.0	0.0	0.0	0.0	0.0	0.0	0.0	0.0	0.0	0.0	0.0	0.08333333333333333	0.0	0.0	0.1111111111111111	0.16666666666666666	0.0	0.0	0.0	0.0	0.0	0.0	0.0	0.0	0.0	0.0	0.0	0.0	0.0	0.0	0.0	0.0	0.0	0.0	0.0	0.0	0.0	0.0	0.0	0.0	0.0	0.0	0.0	0.0	
Bullock's Oriole	0.0	0.0	0.0	0.0	0.0	0.0	0.0	0.0	0.0	0.0	0.0	0.0	0.0	0.0	0.0	0.08333333333333333	0.0	0.0	0.0	0.0	0.0	0.0	0.0	0.0	0.0	0.0	0.0	0.14285714285714285	0.0	0.0	0.0	0.0	0.0	0.0	0.0	0.0	0.0	0.0	0.0	0.0	0.0	0.0	0.0	0.0	0.0	0.0	0.0	0.0	
Audubon's Oriole	0.034482758620689655	0.0	0.19047619047619047	0.0	0.125	0.07692307692307693	0.0	0.0	0.0	0.0	0.0	0.0015	0.0	0.0	0.0	0.0	0.0	0.0	0.0	0.0	0.0	0.0	0.0	0.0	0.0	0.0	0.0	0.0	0.0	0.0	0.0	0.0	0.0	0.0	0.0	0.0	0.0	0.0	0.0	0.0	0.0	0.0	0.0	0.0	0.0	0.0	0.0	0.038461538461538464	
Baltimore Oriole	0.0	0.0	0.0	0.0	0.0	0.0	0.0	0.0	0.0	0.0	0.0	0.0	0.0	0.0	0.0	0.08333333333333333	0.0	0.06666666666666667	0.0	0.0	0.0	0.0	0.0	0.0	0.0	0.0	0.0	0.0	0.0	0.0	0.0	0.0	0.0	0.25	0.0	0.0	0.0	0.0	0.0	0.0	0.0	0.0	0.0	0.0	0.0	0.0	0.0	0.0	
new world oriole sp.	0.0	0.0	0.0	0.0	0.0	0.0	0.0	0.0	0.0	0.0	0.0	0.0	0.0	0.0	0.0	0.0	0.0	0.0	0.1111111111111111	0.0	0.0	0.0	0.0	0.0	0.0	0.0	0.0	0.0	0.0	0.0	0.0	0.0	0.0	0.0	0.0	0.0	0.0	0.0	0.0	0.0	0.0	0.0	0.0	0.0	0.0	0.0	0.0	0.0	
Red-winged Blackbird	0.5862068965517241	0.2857142857142857	0.5238095238095238	0.25	0.625	0.6153846153846154	0.5	0.6	0.25	0.7142857142857143	0.29411764705882354	0.6111111111111112	0.6666666666666666	0.18181818181818182	0.5	0.5	0.2	0.3333333333333333	0.2222222222222222	0.5	0.25	0.0	0.25	0.375	0.0	0.0	0.0	0.42857142857142855	0.0	0.0	0.0	0.0	0.0	0.0	0.25	0.6666666666666666	0.5	0.25	0.4	0.7272727272727273	0.14285714285714285	0.5	0.5	0.75	0.5	0.45454545454545453	0.5833333333333334	0.7692307692307693	
Bronzed Cowbird	0.0	0.0	0.0	0.0	0.0	0.0	0.0	0.0	0.0	0.0	0.058823529411764705	0.0	0.0	0.0	0.16666666666666666	0.0	0.0	0.0	0.0	0.0	0.0	0.0	0.0	0.0	0.0	0.0	0.0	0.0	0.0	0.0	0.0	0.0	0.0	0.0	0.0	0.0	0.0	0.0	0.0	0.0	0.0	0.0	0.0	0.0	0.0	0.0	0.0	0.038461538461538464	
Brown-headed Cowbird	0.06896551724137931	0.0	0.0	0.0	0.125	0.07692307692307693	0.1111111111111111	0.2	0.0	0.0	0.5294117647058824	0.5	0.8	0.5454545454545454	0.6666666666666666	0.5833333333333334	0.8	0.8	0.5555555555555556	0.6666666666666666	0.75	0.4	0.5	0.5625	0.5	0.6666666666666666	0.5	0.2857142857142857	0.0	0.0	0.0	0.0	1.0	0.0	0.25	0.0	0.25	0.0	0.2	0.45454545454545453	0.14285714285714285	0.0	0.0	0.0	0.0015	0.0	0.041666666666666664	0.11538461538461539	
Rusty Blackbird	0.0	0.0	0.0	0.25	0.0	0.0	0.0	0.0	0.0	0.0	0.0	0.0	0.0	0.0	0.0	0.0	0.0	0.0	0.0	0.0	0.0	0.0	0.0	0.0	0.0	0.0	0.0	0.0	0.0	0.0	0.0	0.0	0.0	0.0	0.0	0.0	0.0	0.0	0.0	0.0	0.0	0.0	0.0	0.0	0.0	0.0	0.0	0.0	
Brewer's Blackbird	0.0	0.0	0.0	0.0	0.125	0.0	0.0	0.0	0.0	0.0	0.0	0.0	0.0	0.0	0.0	0.0	0.0	0.0	0.0	0.0	0.0	0.0	0.0	0.0	0.0	0.0	0.0	0.0	0.0	0.0	0.0	0.0	0.0	0.0	0.0	0.0	0.0	0.0	0.0	0.0	0.0	0.0	0.0	0.0	0.0	0.0	0.0	0.0	
Common Grackle	0.0	0.0	0.0	0.0	0.0	0.0	0.05555555555555555	0.0	0.0	0.0	0.0	0.0	0.0	0.0	0.0	0.0	0.0	0.0	0.1111111111111111	0.0	0.0	0.0	0.0	0.0	0.0	0.0	0.0	0.0	0.0	0.0	0.0	0.0	0.0	0.0	0.0	0.0	0.0	0.0	0.0	0.0	0.0	0.0	0.0	0.0	0.16666666666666666	0.0	0.0	0.0	
Great-tailed Grackle	0.41379310344827586	0.14285714285714285	0.3333333333333333	0.5	0.5	0.5384615384615384	0.2222222222222222	0.2	0.5	0.42857142857142855	0.5294117647058824	0.5555555555555556	0.8	0.5454545454545454	0.75	0.5	0.6	0.5333333333333333	0.6666666666666666	0.6666666666666666	0.5	0.2	0.5	0.5	0.5	0.3333333333333333	0.0	0.5714285714285714	0.4	0.75	0.3333333333333333	0.3333333333333333	0.0	0.5	0.5	1.0	0.75	0.0	0.4	0.8181818181818182	0.2857142857142857	0.5	0.5	0.75	0.5	0.45454545454545453	0.4166666666666667	0.6153846153846154	
grackle sp.	0.0	0.0	0.0	0.0	0.0	0.0	0.0	0.0	0.0	0.0	0.0	0.0	0.0	0.0	0.0	0.0	0.2	0.0	0.0	0.0	0.0	0.0	0.0	0.0	0.0	0.0	0.0	0.0	0.0	0.0	0.0	0.0	0.0	0.0	0.0	0.0	0.0	0.0	0.0	0.0	0.0	0.5	0.0	0.0	0.0	0.0	0.0	0.0	
blackbird sp.	0.0	0.0	0.0	0.0	0.0	0.0	0.0	0.0	0.0	0.0	0.0	0.0	0.0	0.0	0.0	0.0	0.0	0.0	0.0	0.0	0.0	0.0	0.0	0.0	0.0	0.0	0.0	0.0	0.0	0.0	0.0	0.3333333333333333	0.0	0.0	0.0	0.0	0.0	0.0	0.0	0.0	0.0	0.0	0.0	0.0	0.0	0.0	0.0	0.0	
Louisiana Waterthrush	0.0	0.0	0.0	0.0	0.0	0.0	0.0	0.0	0.0	0.0	0.17647058823529413	0.05555555555555555	0.0	0.0	0.0	0.0	0.0	0.0	0.0	0.0	0.0	0.0	0.0	0.0	0.0	0.0	0.0	0.0	0.0015	0.25	0.0	0.0	0.0	0.0	0.0	0.0	0.0	0.0	0.0	0.0	0.0	0.0	0.0	0.0	0.0	0.0	0.0	0.0	
Northern Waterthrush	0.0	0.0	0.0	0.0	0.0	0.0	0.0	0.0	0.0	0.0	0.0	0.0	0.0	0.0	0.0	0.0	0.2	0.0	0.0	0.0	0.0	0.0	0.0	0.0	0.0	0.0	0.0	0.0	0.0	0.0	0.0	0.0	0.0	0.0	0.0	0.0	0.0	0.0	0.0	0.0	0.0	0.0	0.0	0.0	0.0	0.0	0.0	0.0	
Blue-winged Warbler	0.0	0.0	0.0	0.0	0.0	0.0	0.0	0.0	0.0	0.0	0.0	0.0	0.0	0.0	0.0	0.08333333333333333	0.0	0.0	0.0	0.0	0.0	0.0	0.0	0.0	0.0	0.0	0.0	0.0	0.0	0.0	0.0	0.0	0.0	0.0	0.0	0.0	0.0	0.0	0.0	0.0	0.0	0.0	0.0	0.0	0.0	0.0	0.0	0.0	
Black-and-white Warbler	0.0	0.0	0.0	0.0	0.0	0.15384615384615385	0.05555555555555555	0.0	0.0	0.14285714285714285	0.23529411764705882	0.05555555555555555	0.06666666666666667	0.09090909090909091	0.08333333333333333	0.0015	0.0	0.0	0.0	0.0	0.0	0.2	0.0	0.0	0.16666666666666666	0.0	0.0	0.0015	0.0	0.0	0.3333333333333333	0.0	0.0	0.25	0.0	0.3333333333333333	0.0	0.0	0.0	0.0	0.2857142857142857	0.0	0.5	0.25	0.0	0.0	0.0	0.0	
Prothonotary Warbler	0.0	0.0	0.0	0.0	0.0	0.0	0.0	0.0	0.0	0.0	0.0	0.0	0.0	0.0	0.0	0.0	0.0	0.0	0.0	0.0	0.0	0.2	0.5	0.3125	0.0	0.0	0.0	0.0	0.2	0.25	0.0	0.0	0.0	0.0	0.0	0.0	0.0	0.0	0.0	0.0	0.0	0.0	0.0	0.0	0.0	0.0	0.0	0.0	
Tennessee Warbler	0.0	0.0	0.0	0.0	0.0	0.0	0.0	0.0	0.0	0.0	0.0	0.0	0.0	0.0	0.0	0.0	0.0	0.13333333333333333	0.0015	0.0	0.0	0.0	0.0	0.0	0.0	0.0	0.0	0.0	0.0	0.0	0.0	0.0	0.0	0.0	0.0	0.0	0.0	0.0	0.0	0.0	0.0	0.0	0.0	0.0	0.0	0.0	0.0	0.0	
Orange-crowned Warbler	0.7241379310344828	0.7142857142857143	0.7619047619047619	1.0	0.875	0.7692307692307693	0.6111111111111112	0.6	0.75	0.7142857142857143	0.7647058823529411	0.5555555555555556	0.5333333333333333	0.2727272727272727	0.3333333333333333	0.08333333333333333	0.0	0.0	0.0	0.0	0.0	0.0	0.0	0.0	0.0	0.0	0.0	0.0	0.0	0.0	0.0	0.0	0.0	0.0	0.0	0.0	0.0	0.25	0.5	0.6363636363636364	0.7142857142857143	1.0	1.0	0.75	0.6666666666666666	0.45454545454545453	0.5833333333333334	0.9230769230769231	
Nashville Warbler	0.0	0.0	0.0	0.0	0.0	0.0	0.0	0.0	0.0	0.0	0.0	0.1111111111111111	0.13333333333333333	0.2727272727272727	0.5	0.6666666666666666	0.0	0.06666666666666667	0.0	0.0	0.0	0.0	0.0	0.0	0.0	0.0	0.0	0.0	0.0	0.0	0.0	0.0	0.0	0.0	0.0	0.6666666666666666	0.25	0.25	0.4	0.18181818181818182	0.14285714285714285	0.0	0.0	0.0	0.0	0.0	0.0	0.0	
Mourning Warbler	0.0	0.0	0.0	0.0	0.0	0.0	0.0	0.0	0.0	0.0	0.0	0.0	0.0	0.0	0.0	0.0	0.0	0.06666666666666667	0.1111111111111111	0.0	0.0	0.0	0.0	0.0	0.0	0.0	0.0	0.0	0.0	0.0	0.0	0.0	0.0	0.0	0.0	0.0	0.0	0.0	0.0	0.0	0.0	0.0	0.0	0.0	0.0	0.0	0.0	0.0	
Common Yellowthroat	0.06896551724137931	0.2857142857142857	0.09523809523809523	0.0	0.0	0.07692307692307693	0.0	0.0	0.25	0.14285714285714285	0.11764705882352941	0.2777777777777778	0.0	0.09090909090909091	0.0	0.0	0.2	0.13333333333333333	0.0	0.0	0.0	0.0	0.0	0.0	0.0	0.0	0.0	0.0	0.0	0.0	0.0	0.0	0.0	0.0	0.0	0.0	0.0	0.0	0.1	0.36363636363636365	0.14285714285714285	0.5	0.0	0.0	0.16666666666666666	0.0	0.125	0.11538461538461539	
American Redstart	0.0	0.0	0.0	0.0	0.0	0.0	0.0	0.0	0.0	0.0	0.0	0.0	0.0	0.0	0.0	0.0	0.0	0.13333333333333333	0.0	0.0	0.0	0.0	0.0	0.0	0.5	0.0	0.0	0.0	0.0	0.0	0.0	0.0	0.0	0.0	0.0	0.0	0.0	0.0	0.1	0.0	0.0	0.0	0.0	0.0	0.0	0.0	0.0	0.0	
Northern Parula	0.0	0.0	0.0	0.0	0.0	0.0	0.0	0.0	0.0	0.14285714285714285	0.5882352941176471	0.6666666666666666	0.6666666666666666	0.45454545454545453	0.4166666666666667	0.6666666666666666	0.4	0.6	0.3333333333333333	0.3333333333333333	0.25	0.2	0.5	0.4375	0.6666666666666666	0.3333333333333333	0.5	0.0	0.0	0.0	0.0	0.0	0.0	0.25	0.0	0.0	0.0	0.0	0.0	0.0	0.0	0.0	0.0	0.0	0.0	0.0	0.0	0.0	
Magnolia Warbler	0.0	0.0	0.0	0.0	0.0	0.0	0.0	0.0	0.0	0.0	0.0	0.0	0.0	0.0	0.0	0.08333333333333333	0.0	0.26666666666666666	0.2222222222222222	0.0	0.0	0.0	0.0	0.0	0.0	0.0	0.0	0.0	0.0	0.0	0.0	0.0	0.0	0.0	0.0	0.0	0.0	0.0	0.0	0.0	0.0	0.0	0.0	0.0	0.0	0.0	0.0	0.0	
Blackburnian Warbler	0.0	0.0	0.0	0.0	0.0	0.0	0.0	0.0	0.0	0.0	0.0	0.0	0.0	0.0	0.0	0.0	0.0	0.06666666666666667	0.0015	0.0	0.0	0.0	0.0	0.0	0.0	0.0	0.0	0.0	0.0	0.0	0.0	0.0	0.0	0.0	0.0	0.0	0.0	0.0	0.0	0.0	0.0	0.0	0.0	0.0	0.0	0.0	0.0	0.0	
Yellow Warbler	0.0	0.0	0.0	0.0	0.0	0.0	0.0	0.0	0.0	0.0	0.0	0.0	0.0	0.0	0.0	0.16666666666666666	0.2	0.3333333333333333	0.2222222222222222	0.16666666666666666	0.0	0.0	0.0	0.0	0.0	0.0	0.0	0.0	0.0	0.5	0.16666666666666666	0.0	0.0	0.25	0.5	0.3333333333333333	0.0	0.0	0.0	0.0	0.0	0.0	0.0	0.0	0.0	0.0	0.0	0.0	
Chestnut-sided Warbler	0.0	0.0	0.0	0.0	0.0	0.0	0.0	0.0	0.0	0.0	0.0	0.0	0.0	0.0	0.0	0.0	0.0	0.0	0.1111111111111111	0.0	0.0	0.0	0.0	0.0	0.0	0.0	0.0	0.0	0.0	0.0	0.0	0.0	0.0	0.0	0.0	0.0	0.0	0.0	0.0	0.0	0.0	0.0	0.0	0.0	0.0	0.0	0.0	0.0	
Pine Warbler	0.06896551724137931	0.0	0.2857142857142857	0.0	0.25	0.15384615384615385	0.1111111111111111	0.0	0.0	0.14285714285714285	0.0	0.0	0.0	0.0	0.0	0.0	0.0	0.0	0.0	0.0	0.0	0.0	0.0	0.0	0.0	0.0	0.0	0.0	0.0	0.0	0.0	0.0	0.0	0.0	0.0	0.0	0.0	0.0	0.0	0.09090909090909091	0.0	0.0	0.0	0.0	0.0	0.18181818181818182	0.041666666666666664	0.11538461538461539	
Yellow-rumped Warbler	0.8275862068965517	0.8571428571428571	0.8571428571428571	1.0	0.875	0.9230769230769231	0.7777777777777778	1.0	0.5	0.8571428571428571	0.8235294117647058	0.4444444444444444	0.2	0.09090909090909091	0.0	0.08333333333333333	0.0	0.0	0.0	0.0	0.0	0.0	0.0	0.0	0.0	0.0	0.0	0.0	0.0	0.0	0.0	0.0	0.0	0.0	0.0	0.3333333333333333	0.0	0.0	0.1	0.0	0.2857142857142857	0.5	0.5	1.0	0.6666666666666666	0.7272727272727273	0.6666666666666666	0.8846153846153846	
Yellow-throated Warbler	0.0	0.0	0.0	0.0	0.0	0.0	0.0	0.0	0.0	0.0	0.0	0.0	0.0	0.0	0.0	0.08333333333333333	0.0	0.0	0.0	0.0	0.0	0.0	0.0	0.0	0.0	0.0	0.0	0.0	0.0	0.0	0.0	0.0	0.0	0.0	0.0	0.0	0.0	0.0	0.0	0.0	0.0	0.0	0.0	0.0	0.0	0.0	0.0	0.0	
Prairie Warbler	0.3103448275862069	0.0	0.23809523809523808	0.0	0.25	0.07692307692307693	0.0	0.2	0.0	0.14285714285714285	0.0	0.0	0.0	0.0	0.0	0.0	0.0	0.0	0.0	0.0	0.0	0.0	0.0	0.0	0.0	0.0	0.0	0.0	0.0	0.0	0.0	0.0	0.0	0.0	0.0	0.0	0.0	0.0	0.0	0.0	0.0	0.0	0.0	0.0	0.0	0.0	0.0	0.19230769230769232	
Black-throated Green Warbler	0.0	0.0	0.0	0.0	0.0	0.0	0.0	0.0	0.0	0.0	0.058823529411764705	0.05555555555555555	0.06666666666666667	0.09090909090909091	0.16666666666666666	0.08333333333333333	0.2	0.2	0.0015	0.0	0.0	0.0	0.0	0.0	0.0	0.0	0.0	0.0	0.2	0.0	0.16666666666666666	0.0	0.0	0.0	0.0	0.0	0.0	0.0	0.0	0.0	0.14285714285714285	0.0	0.0	0.0	0.0	0.0	0.0	0.0	
Canada Warbler	0.0	0.0	0.0	0.0	0.0	0.0	0.0	0.0	0.0	0.0	0.0	0.0	0.0	0.0	0.0	0.0	0.2	0.06666666666666667	0.0015	0.0	0.0	0.0	0.0	0.0	0.0	0.0	0.0	0.0	0.0	0.0	0.0	0.0	0.0	0.0	0.0	0.0	0.0	0.0	0.0	0.0	0.0	0.0	0.0	0.0	0.0	0.0	0.0	0.0	
Wilson's Warbler	0.034482758620689655	0.0	0.0	0.0	0.0	0.0	0.0	0.0	0.0	0.0	0.0	0.0	0.0	0.0	0.0	0.0	0.0	0.2	0.0	0.0	0.0	0.0	0.0	0.0	0.0	0.0	0.0	0.0	0.0	0.0	0.16666666666666666	0.0	0.0	0.25	0.25	0.6666666666666666	0.0	0.0	0.0	0.0	0.0	0.0	0.0	0.0	0.0	0.0	0.0	0.07692307692307693	
Summer Tanager	0.0	0.0	0.0	0.0	0.0	0.0	0.0	0.0	0.0	0.0	0.0	0.0	0.3333333333333333	0.45454545454545453	0.6666666666666666	0.8333333333333334	0.6	0.5333333333333333	0.2222222222222222	0.3333333333333333	0.25	0.6	0.5	0.5625	0.8333333333333334	0.6666666666666666	0.5	0.2857142857142857	0.4	0.75	0.3333333333333333	0.3333333333333333	0.0	0.75	0.25	0.3333333333333333	0.25	0.0	0.1	0.0	0.0	0.0	0.0	0.0	0.0	0.0	0.041666666666666664	0.038461538461538464	
Northern Cardinal	0.8275862068965517	1.0	0.9523809523809523	0.75	1.0	1.0	0.8333333333333334	1.0	1.0	1.0	1.0	1.0	1.0	1.0	1.0	1.0	1.0	0.8666666666666667	1.0	0.8333333333333334	1.0	1.0	1.0	1.0	1.0	1.0	1.0	0.7142857142857143	0.8	1.0	1.0	1.0	1.0	1.0	1.0	1.0	0.75	1.0	0.9	0.9090909090909091	1.0	1.0	1.0	1.0	0.8333333333333334	0.8181818181818182	0.9166666666666666	1.0	
Pyrrhuloxia	0.13793103448275862	0.0	0.38095238095238093	0.25	0.625	0.15384615384615385	0.2222222222222222	0.2	0.0015	0.0	0.0	0.16666666666666666	0.0	0.0	0.08333333333333333	0.0	0.2	0.06666666666666667	0.1111111111111111	0.0	0.0	0.0	0.0	0.0	0.0	0.0	0.0	0.0	0.0	0.0	0.0	0.0	0.0	0.0	0.0	0.0	0.0	0.0	0.0	0.18181818181818182	0.0	0.0	0.0	0.25	0.0015	0.09090909090909091	0.20833333333333334	0.2692307692307692	
Rose-breasted Grosbeak	0.0	0.0	0.0	0.0	0.0	0.0	0.0	0.0	0.0	0.0	0.0	0.0	0.0	0.0	0.0	0.08333333333333333	0.0	0.0	0.0	0.0	0.0	0.0	0.0	0.0	0.0	0.0	0.0	0.0	0.0	0.0	0.0	0.0	0.0	0.0	0.0	0.0	0.0	0.0	0.0	0.0	0.0	0.0	0.0	0.0	0.0	0.0	0.0	0.0	
Blue Grosbeak	0.0	0.0	0.0	0.0	0.0	0.0	0.0	0.0	0.0	0.0	0.0	0.0	0.13333333333333333	0.0	0.08333333333333333	0.16666666666666666	0.0	0.0	0.2222222222222222	0.16666666666666666	0.0	0.0	0.125	0.0625	0.0	0.3333333333333333	0.0	0.0015	0.0	0.25	0.0	0.0	0.0	0.0	0.25	0.0	0.0	0.0	0.0	0.0	0.0	0.0	0.0	0.0	0.0	0.0	0.0	0.0	
Indigo Bunting	0.0	0.0	0.0	0.0	0.0	0.0	0.0	0.0	0.0	0.0	0.0	0.0	0.06666666666666667	0.0015	0.25	0.5833333333333334	0.6	0.4	0.3333333333333333	0.5	0.5	0.2	0.5	0.75	0.6666666666666666	0.6666666666666666	0.5	0.7142857142857143	0.4	0.75	0.16666666666666666	0.0	0.0	0.25	0.0	0.3333333333333333	0.0	0.0	0.0	0.0	0.0	0.0	0.0	0.0	0.0	0.0	0.0	0.0	
Painted Bunting	0.0	0.0	0.0	0.0	0.0	0.0	0.0	0.0	0.0	0.0	0.0	0.0	0.0	0.0	0.5833333333333334	0.5833333333333334	0.8	0.6666666666666666	0.8888888888888888	0.5	1.0	0.8	0.875	1.0	0.8333333333333334	1.0	1.0	0.42857142857142855	0.2	0.0	0.16666666666666666	0.0	1.0	0.0	0.0	0.0	0.0	0.0	0.0	0.0	0.0	0.0	0.0	0.0	0.0	0.0	0.0	0.0	
Dickcissel	0.0	0.0	0.0	0.0	0.0	0.0	0.0	0.0	0.0	0.0	0.0	0.0	0.0	0.0	0.08333333333333333	0.5	0.8	0.5333333333333333	0.2222222222222222	0.5	0.0	0.0	0.125	0.1875	0.16666666666666666	0.0	0.0	0.0	0.0	0.0	0.0	0.3333333333333333	0.0	0.0	0.0	0.3333333333333333	0.0	0.0	0.0	0.0	0.0	0.0	0.0	0.0	0.0	0.0	0.0	0.0	
House Sparrow	0.2413793103448276	0.14285714285714285	0.09523809523809523	0.5	0.125	0.15384615384615385	0.1111111111111111	0.0	0.25	0.0	0.17647058823529413	0.2222222222222222	0.06666666666666667	0.09090909090909091	0.08333333333333333	0.0	0.6	0.26666666666666666	0.1111111111111111	0.0	0.25	0.0	0.0	0.0625	0.0	0.0	0.0	0.14285714285714285	0.2	0.0	0.0	0.0	0.0	0.0	0.5	0.0	0.0	0.0	0.0	0.18181818181818182	0.14285714285714285	0.0	0.0	0.0	0.5	0.09090909090909091	0.4583333333333333	0.07692307692307693	
passerine sp.	0.0	0.0	0.047619047619047616	0.0	0.0	0.0	0.0	0.0	0.0	0.0	0.0	0.0	0.0	0.0	0.0	0.0	0.0	0.0	0.0	0.0	0.0	0.0	0.0	0.0	0.0	0.0	0.0	0.0	0.0	0.0	0.0	0.0	0.0	0.0	0.0	0.0	0.0	0.0	0.0	0.0	0.0	0.5	0.0	0.0	0.0	0.0	0.041666666666666664	0.0	

