









Frequency of observations in the selected location(s).:
Number of taxa: 	219

	Jan				Feb				Mar				Apr				May				Jun				Jul				Aug				Sep				Oct				Nov				Dec				
Sample Size:	7.0	5.0	6.0	12.0	6.0	5.0	6.0	8.0	6.0	10.0	9.0	14.0	4.0	6.0	4.0	5.0	1.0	3.0	4.0	3.0	1.0	1.0	0.0	3.0	1.0	1.0	1.0	3.0	0.0	3.0	1.0	6.0	2.0	1.0	1.0	4.0	1.0	1.0	1.0	3.0	3.0	4.0	7.0	6.0	5.0	2.0	8.0	7.0	

Black-bellied Whistling-Duck	0.0	0.0	0.0	0.0	0.0	0.0	0.0	0.0	0.0	0.1	0.0	0.07142857142857142	0.25	0.3333333333333333	0.5	0.6	0.0	0.0	0.25	0.3333333333333333	0.0	0.0	0.0	0.6666666666666666	1.0	0.0	1.0	0.3333333333333333	0.0	0.0	0.0	0.5	0.0	0.0	0.0	0.0	0.0	0.0	0.0	0.0	0.0	0.0	0.0	0.16666666666666666	0.0	0.0	0.0	0.0	
Snow Goose	0.0	0.0	0.0	0.0	0.0	0.0	0.0	0.0	0.0	0.0	0.0	0.0	0.0	0.0	0.0	0.0	0.0	0.0	0.0	0.0	0.0	0.0	0.0	0.0	0.0	0.0	0.0	0.0	0.0	0.0	0.0	0.0	0.0	0.0	0.0	0.0	0.0	0.0	0.0	0.0	0.0	0.25	0.0	0.0	0.0	0.0	0.0	0.14285714285714285	
Greater White-fronted Goose	0.0	0.0	0.0	0.0	0.0	0.0	0.0	0.0	0.0	0.0	0.0	0.0	0.0	0.0	0.0	0.0	0.0	0.0	0.0	0.0	0.0	0.0	0.0	0.0	0.0	0.0	0.0	0.0	0.0	0.0	0.0	0.0	0.0	0.0	0.0	0.0	0.0	0.0	0.0	0.0	0.0	0.0	0.0	0.3333333333333333	0.0	0.0	0.0	0.0	
goose sp.	0.0	0.0	0.0	0.0	0.0	0.0	0.0	0.0	0.0	0.0	0.0	0.0	0.0	0.0	0.0	0.0	0.0	0.0	0.0	0.0	0.0	0.0	0.0	0.0	0.0	0.0	0.0	0.0	0.0	0.0	0.0	0.0	0.0	0.0	0.0	0.0	0.0	0.0	0.0	0.0	0.0	0.25	0.0	0.0	0.0	0.0	0.0	0.0	
Muscovy Duck (Domestic type)	0.0	0.0	0.0	0.0	0.16666666666666666	0.0	0.0	0.0	0.0	0.0	0.0	0.07142857142857142	0.0	0.0	0.0	0.0	0.0	0.0	0.0	0.0	0.0	0.0	0.0	0.0	0.0	0.0	0.0	0.0	0.0	0.0	0.0	0.0	0.0	0.0	0.0	0.0	0.0	0.0	0.0	0.0	0.0	0.0	0.0	0.0	0.0	0.0	0.0	0.14285714285714285	
Blue-winged Teal	0.14285714285714285	0.0	0.0	0.0	0.16666666666666666	0.0	0.16666666666666666	0.0	0.0	0.0	0.1111111111111111	0.14285714285714285	0.0	0.16666666666666666	0.25	0.4	1.0	0.0	0.0	0.0	0.0	0.0	0.0	0.0	0.0	0.0	0.0	0.0	0.0	0.0	0.0	0.0	0.0	0.0	0.0	0.0	0.0	1.0	0.0	0.0	0.0	0.0	0.0	0.0	0.0	0.0	0.0	0.0	
Cinnamon Teal	0.0	0.0	0.0	0.0	0.0	0.0	0.0	0.0	0.0	0.0	0.1111111111111111	0.0	0.0	0.0	0.0	0.0	0.0	0.0	0.0	0.0	0.0	0.0	0.0	0.0	0.0	0.0	0.0	0.0	0.0	0.0	0.0	0.0	0.0	0.0	0.0	0.0	0.0	0.0	0.0	0.0	0.0	0.0	0.0	0.0	0.0	0.0	0.0	0.0	
Northern Shoveler	0.0	0.0	0.0	0.0	0.0	0.0	0.0	0.0	0.0	0.0	0.1111111111111111	0.0	0.25	0.0	0.0	0.0	0.0	0.0	0.0	0.0	0.0	0.0	0.0	0.0	0.0	0.0	0.0	0.0	0.0	0.0	0.0	0.0	0.0	0.0	0.0	0.0	0.0	0.0	0.0	0.0	0.0	0.0	0.0	0.0	0.0	0.0	0.0	0.0	
Gadwall	0.0	0.0	0.0	0.0	0.0	0.0	0.16666666666666666	0.0	0.0	0.0	0.0	0.0	0.0	0.0	0.0	0.0	0.0	0.0	0.0	0.0	0.0	0.0	0.0	0.0	0.0	0.0	0.0	0.0	0.0	0.0	0.0	0.0	0.0	0.0	0.0	0.0	0.0	0.0	1.0	0.0	0.0	0.0	0.0	0.0	0.0	0.0	0.0	0.0	
Mexican Duck	0.0	0.0	0.0	0.0	0.0	0.0	0.0	0.0	0.0	0.0	0.0	0.0	0.0015	0.0	0.0	0.0	0.0	0.0	0.0	0.0	0.0	0.0	0.0	0.0	0.0	0.0	0.0	0.0	0.0	0.0	0.0	0.0	0.0	0.0	0.0	0.0	0.0	0.0	0.0	0.0	0.0	0.0	0.0	0.0	0.0	0.0	0.0	0.0	
Mottled Duck	0.14285714285714285	0.0	0.0	0.25	0.0	0.2	0.0	0.125	0.0	0.0	0.2222222222222222	0.2857142857142857	0.0	0.3333333333333333	0.0	0.0	0.0	0.0	0.25	0.3333333333333333	0.0	1.0	0.0	0.0	0.0	0.0	0.0	0.3333333333333333	0.0	0.0	0.0	0.0	0.0	0.0	0.0	0.0	0.0	0.0	0.0	0.3333333333333333	0.0	0.0	0.0	0.0	0.0	0.0	0.0	0.14285714285714285	
Green-winged Teal	0.2857142857142857	0.0	0.0	0.0	0.0	0.0	0.16666666666666666	0.0	0.0	0.0	0.1111111111111111	0.0	0.0	0.0	0.0	0.0	0.0	0.0	0.0	0.0	0.0	0.0	0.0	0.0	0.0	0.0	0.0	0.0	0.0	0.0	0.0	0.0	0.0	0.0	0.0	0.0	0.0	0.0	0.0	0.0	0.0	0.0	0.0	0.0	0.0	0.0	0.0	0.0	
dabbling duck sp.	0.0	0.0	0.0	0.0	0.0	0.0	0.0	0.0	0.0	0.0	0.0	0.0	0.0	0.0	0.0	0.0	0.0	0.0	0.0	0.0	0.0	0.0	0.0	0.0	0.0	0.0	0.0	0.0	0.0	0.0	0.0	0.0	0.0	0.0	0.0	0.0	0.0	0.0	0.0	0.0	0.3333333333333333	0.0	0.0	0.0	0.0	0.0	0.0	0.0	
Ring-necked Duck	0.14285714285714285	0.0	0.0	0.0	0.0	0.0	0.16666666666666666	0.0	0.0	0.0	0.0	0.0	0.0	0.0	0.0	0.0	0.0	0.0	0.0	0.0	0.0	0.0	0.0	0.0	0.0	0.0	0.0	0.0	0.0	0.0	0.0	0.0	0.0	0.0	0.0	0.0	0.0	0.0	0.0	0.0	0.0	0.0	0.0	0.0	0.0	0.0	0.0	0.0	
Lesser Scaup	0.14285714285714285	0.0	0.0	0.08333333333333333	0.0	0.0	0.0	0.0	0.0	0.0	0.0	0.0	0.0	0.0	0.0	0.0	0.0	0.0	0.0	0.0	0.0	0.0	0.0	0.0	0.0	0.0	0.0	0.0	0.0	0.0	0.0	0.0	0.0	0.0	0.0	0.0	0.0	0.0	0.0	0.0	0.0	0.0	0.0	0.0	0.0	0.0	0.0	0.0	
duck sp.	0.0	0.0	0.0	0.0	0.0	0.0	0.0	0.0	0.0	0.0	0.0	0.0	0.0	0.0	0.0	0.0	0.0	0.0	0.0	0.0	0.0	0.0	0.0	0.0	0.0	0.0	0.0	0.0	0.0	0.0	0.0	0.0	0.0	0.0	0.0	0.0	0.0	0.0	0.0	0.0	0.0	0.0	0.0	0.0	0.0	0.0	0.0	0.2857142857142857	
Plain Chachalaca	0.2857142857142857	0.0	0.3333333333333333	0.16666666666666666	0.16666666666666666	0.0	0.3333333333333333	0.125	0.6666666666666666	0.4	0.3333333333333333	0.2857142857142857	0.5	0.6666666666666666	0.75	0.6	1.0	0.3333333333333333	1.0	0.6666666666666666	1.0	0.0	0.0	0.0	0.0	0.0	0.0	0.3333333333333333	0.0	0.0	0.0	0.3333333333333333	0.5	0.0	1.0	0.5	1.0	1.0	1.0	1.0	0.6666666666666666	0.75	0.42857142857142855	0.16666666666666666	0.2	0.0	0.125	0.0	
Northern Bobwhite	0.0	0.2	0.0	0.0	0.0	0.0	0.0	0.0	0.0	0.0	0.0	0.0	0.25	0.0	0.25	0.2	0.0	0.0	0.5	0.3333333333333333	1.0	0.0	0.0	0.3333333333333333	1.0	1.0	0.0	0.0	0.0	0.0	0.0	0.0	0.5	0.0	0.0	0.0	0.0	0.0	0.0	0.0	0.0	0.0	0.0	0.0	0.0	0.0	0.0	0.0	
Wild Turkey	0.0	0.0	0.0	0.0	0.0	0.0	0.0	0.0	0.0	0.0	0.0	0.0	0.0	0.0	0.0	0.4	0.0	0.0	0.25	0.0	0.0	0.0	0.0	0.0	0.0	0.0	0.0	0.0	0.0	0.0	0.0	0.0	0.0	0.0	0.0	0.0	0.0	0.0	0.0	0.0	0.0	0.0	0.0	0.0	0.0	0.0	0.0	0.0	
Least Grebe	0.2857142857142857	0.0	0.0	0.0	0.0	0.0	0.0	0.0	0.0	0.0	0.0	0.0	0.0	0.0	0.0	0.0	0.0	0.0	0.0	0.0	0.0	0.0	0.0	0.0	0.0	0.0	0.0	0.0	0.0	0.0	0.0	0.0	0.0	0.0	0.0	0.0	0.0	0.0	0.0	0.0	0.0	0.0	0.0	0.0	0.0	0.0	0.0	0.0	
Pied-billed Grebe	0.14285714285714285	0.0	0.0	0.0	0.0	0.0	0.16666666666666666	0.0	0.0	0.0	0.1111111111111111	0.0	0.0	0.0	0.0	0.0	0.0	0.0	0.0	0.0	0.0	0.0	0.0	0.0	0.0	0.0	0.0	0.0	0.0	0.0	0.0	0.0	0.0	0.0	0.0	0.0	0.0	0.0	0.0	0.0	0.0	0.0	0.0	0.0	0.2	0.0	0.0	0.0	
Rock Pigeon	0.0	0.0	0.0	0.0	0.0	0.0	0.0	0.0	0.0	0.0	0.1111111111111111	0.0	0.0	0.0	0.0	0.0	1.0	0.0	0.25	0.0	0.0	0.0	0.0	0.0	0.0	0.0	0.0	0.0	0.0	0.0	0.0	0.0	0.0	0.0	0.0	0.0	0.0	0.0	0.0	0.3333333333333333	0.3333333333333333	0.0	0.0	0.0	0.0	0.0	0.0	0.14285714285714285	
Eurasian Collared-Dove	0.0	0.0	0.0	0.0	0.0	0.0	0.0	0.125	0.0	0.0	0.0	0.0	0.0	0.16666666666666666	0.0	0.0	0.0	0.0	0.25	0.3333333333333333	0.0	0.0	0.0	0.0	0.0	0.0	0.0	0.0	0.0	0.3333333333333333	0.0	0.3333333333333333	0.5	0.0	0.0	0.0	0.0	0.0	0.0	0.0	0.0	0.0	0.0	0.0	0.0	0.0	0.0	0.0	
Inca Dove	0.14285714285714285	0.0	0.0	0.16666666666666666	0.0	0.0	0.0	0.0	0.16666666666666666	0.0	0.0	0.0	0.0	0.0	0.0	0.0	0.0	0.0	0.0	0.0	0.0	0.0	0.0	0.0	1.0	0.0	0.0	0.0	0.0	0.0	0.0	0.3333333333333333	0.5	0.0	0.0	0.0	0.0	0.0	0.0	0.3333333333333333	0.0	0.0	0.0	0.0	0.0	0.5	0.125	0.0	
Common Ground-Dove	0.14285714285714285	0.6	0.16666666666666666	0.4166666666666667	0.16666666666666666	0.0	0.0	0.0	0.16666666666666666	0.3	0.0	0.14285714285714285	0.25	0.16666666666666666	0.25	0.2	0.0	0.6666666666666666	0.75	0.0	0.0	1.0	0.0	0.6666666666666666	0.0	1.0	1.0	0.3333333333333333	0.0	0.0015	0.0015	0.6666666666666666	1.0	1.0	1.0	0.0	0.0	0.0	0.0	1.0	0.0	0.0	0.14285714285714285	0.16666666666666666	0.4	0.5	0.375	0.0	
White-tipped Dove	0.0	0.4	0.3333333333333333	0.25	0.5	0.4	0.16666666666666666	0.375	0.6666666666666666	0.2	0.2222222222222222	0.21428571428571427	0.75	0.5	1.0	0.4	1.0	0.3333333333333333	0.5	0.6666666666666666	0.0	1.0	0.0	0.3333333333333333	1.0	1.0	1.0	1.0	0.0	0.6666666666666666	0.0015	0.5	0.5	1.0	1.0	0.0	0.0	0.0	0.0	0.3333333333333333	0.0	0.75	0.14285714285714285	0.3333333333333333	0.0	0.0	0.0	0.0	
White-winged Dove	0.0	0.2	0.0	0.0	0.16666666666666666	0.0	0.16666666666666666	0.125	0.0	0.0	0.1111111111111111	0.07142857142857142	0.0	0.6666666666666666	1.0	1.0	1.0	1.0	1.0	1.0	1.0	1.0	0.0	1.0	1.0	1.0	1.0	1.0	0.0	1.0	1.0	1.0	1.0	1.0	1.0	0.5	0.0	0.0	1.0	0.6666666666666666	0.3333333333333333	0.25	0.0	0.16666666666666666	0.2	0.0	0.0	0.14285714285714285	
Mourning Dove	0.2857142857142857	0.6	0.16666666666666666	0.5	0.16666666666666666	0.2	0.16666666666666666	0.5	0.16666666666666666	0.4	0.3333333333333333	0.5	0.75	0.6666666666666666	1.0	0.8	1.0	1.0	0.75	1.0	1.0	1.0	0.0	1.0	1.0	1.0	1.0	1.0	0.0	1.0	1.0	1.0	1.0	1.0	1.0	0.5	1.0	1.0	1.0	1.0	0.3333333333333333	0.25	0.42857142857142855	0.8333333333333334	0.0015	0.5	0.25	0.2857142857142857	
Groove-billed Ani	0.0	0.0	0.0	0.0	0.0	0.0	0.0	0.0	0.0	0.0	0.0	0.0	0.0	0.0	0.5	0.0	1.0	0.6666666666666666	1.0	1.0	1.0	1.0	0.0	1.0	1.0	1.0	1.0	0.6666666666666666	0.0	0.3333333333333333	1.0	1.0	1.0	1.0	1.0	0.25	1.0	0.0	0.0	0.0	0.0	0.0	0.0	0.16666666666666666	0.0	0.0	0.0	0.0	
Greater Roadrunner	0.0	0.2	0.0	0.16666666666666666	0.0	0.0	0.0	0.25	0.0	0.0	0.1111111111111111	0.0	0.5	0.16666666666666666	0.5	0.4	1.0	0.3333333333333333	0.25	0.3333333333333333	0.0	0.0	0.0	0.0	1.0	1.0	0.0	0.0	0.0	0.0	1.0	0.16666666666666666	0.0	0.0	0.0	0.0	0.0	0.0	0.0	0.0	0.0	0.0	0.14285714285714285	0.0	0.0	0.0	0.0	0.2857142857142857	
Yellow-billed Cuckoo	0.0	0.0	0.0	0.0	0.0	0.0	0.0	0.0	0.0	0.0	0.0	0.0	0.0	0.0	0.25	0.2	0.0	1.0	0.75	1.0	1.0	1.0	0.0	1.0	1.0	1.0	0.0	0.6666666666666666	0.0	0.3333333333333333	0.0015	0.5	0.0	0.0	0.0	0.0	0.0	0.0	0.0	0.0	0.0	0.0	0.0	0.0	0.0	0.0	0.0	0.0	
Lesser Nighthawk	0.0	0.0	0.0	0.0	0.0	0.0	0.0	0.0	0.0	0.0	0.0	0.0	0.0	0.0	0.0	0.2	0.0	0.0	0.0	0.0	1.0	0.0	0.0	0.0	1.0	0.0	0.0	0.0	0.0	0.0	0.0	0.0	0.0	0.0	0.0	0.0	0.0	0.0	0.0	0.0	0.0	0.0	0.0	0.0	0.0	0.0	0.0	0.0	
Chimney Swift	0.0	0.0	0.0	0.0	0.0	0.0	0.0	0.0	0.0	0.0	0.0	0.0	0.0	0.0	0.25	0.4	0.0	0.3333333333333333	0.0	0.0	0.0	0.0	0.0	0.0	0.0	0.0	0.0	0.0	0.0	0.0	0.0	0.0	0.0	0.0	0.0	0.25	0.0	0.0	0.0	0.0	0.0	0.0	0.0	0.0	0.0	0.0	0.0	0.0	
Ruby-throated Hummingbird	0.0	0.0	0.0	0.0	0.0	0.0	0.0	0.0	0.0	0.0	0.0	0.0	0.0	0.0	0.0	0.0	0.0	0.0	0.0	0.0	0.0	0.0	0.0	0.0	0.0	0.0	0.0	0.0	0.0	0.0	0.0	0.16666666666666666	1.0	0.0	0.0	0.0	0.0	0.0	0.0	0.0	0.0	0.0	0.0	0.0	0.0	0.0	0.0	0.0	
Black-chinned Hummingbird	0.0	0.0	0.0	0.0	0.0	0.0	0.0	0.0	0.16666666666666666	0.0	0.0	0.0	0.0	0.0	0.0	0.0	0.0	0.0	0.0	0.0	0.0	0.0	0.0	0.0	0.0	0.0	0.0	0.0	0.0	0.0	0.0	0.0	0.0	0.0	0.0	0.0	0.0	0.0	0.0	0.0	0.0	0.0	0.0	0.0	0.0	0.0	0.0	0.0	
Ruby-throated/Black-chinned Hummingbird	0.0	0.0	0.0	0.0	0.0	0.0	0.0	0.0	0.0	0.0	0.0	0.07142857142857142	0.0	0.0	0.25	0.0	0.0	0.3333333333333333	0.0	0.0	0.0	0.0	0.0	0.3333333333333333	0.0	0.0	0.0	0.0	0.0	0.0	0.0	0.0	0.0	0.0	0.0	0.0	0.0	0.0	0.0	0.0	0.0	0.25	0.0	0.0	0.0	0.0	0.0	0.0	
Rufous Hummingbird	0.0	0.2	0.0	0.0015	0.0	0.0	0.0	0.0	0.0	0.2	0.0	0.0	0.0	0.0	0.0	0.0	0.0	0.0	0.0	0.0	0.0	0.0	0.0	0.0	0.0	0.0	0.0	0.0	0.0	0.0	0.0	0.0	0.0	0.0	0.0	0.0	0.0	0.0	0.0	0.0	0.0	0.0	0.0	0.0	0.0	0.0	0.0	0.0	
Buff-bellied Hummingbird	0.0	0.0	0.0	0.0	0.0	0.0	0.0	0.0	0.0	0.0	0.0	0.07142857142857142	0.0	0.0	0.0	0.0	0.0	0.3333333333333333	0.0	0.0	0.0	0.0	0.0	0.0	0.0	0.0	0.0	0.0	0.0	0.0	0.0	0.16666666666666666	0.0	0.0	0.0	0.25	0.0	0.0	0.0	0.0	0.0	0.0	0.0	0.0	0.0	0.0	0.0	0.0	
hummingbird sp.	0.0	0.0	0.0	0.0	0.0	0.0	0.0	0.0	0.0	0.0	0.0	0.0	0.0	0.16666666666666666	0.0	0.2	0.0	0.0	0.0	0.3333333333333333	0.0	0.0	0.0	0.0	0.0	0.0	0.0	0.0	0.0	0.0	0.0	0.0	0.0	0.0	0.0	0.0	0.0	0.0	0.0	0.0	0.0	0.0	0.0	0.0	0.0	0.0	0.0	0.0	
Sora	0.14285714285714285	0.0	0.0	0.0	0.0	0.0	0.0	0.0	0.0	0.0	0.0	0.0	0.0	0.0	0.0	0.0	0.0	0.0	0.0	0.0	0.0	0.0	0.0	0.0	0.0	0.0	0.0	0.0	0.0	0.0	0.0	0.0	0.0	0.0	0.0	0.0	0.0	0.0	0.0	0.0	0.0	0.0	0.0	0.0	0.2	0.0	0.125	0.0	
Common Gallinule	0.0	0.2	0.0	0.0	0.0	0.0	0.0	0.0	0.0	0.0	0.0	0.0	0.0	0.0	0.0	0.0	0.0	0.0	0.0	0.0	0.0	0.0	0.0	0.0	0.0	0.0	0.0	0.0	0.0	0.0	0.0	0.0	0.0	0.0	0.0	0.0	0.0	0.0	0.0	0.0	0.0	0.0	0.0	0.0	0.0	0.0	0.0	0.0	
American Coot	0.14285714285714285	0.0	0.0	0.25	0.3333333333333333	0.0	0.16666666666666666	0.0	0.16666666666666666	0.2	0.1111111111111111	0.21428571428571427	0.25	0.0	0.0	0.0	0.0	0.0	0.0	0.0	0.0	0.0	0.0	0.0	0.0	0.0	0.0	0.0	0.0	0.0	0.0	0.0	0.0	0.0	0.0	0.0	0.0	0.0	1.0	0.0	0.0	0.0	0.0	0.0	0.0	0.0	0.125	0.14285714285714285	
Black-necked Stilt	0.0	0.0	0.0	0.0	0.0	0.0	0.0	0.0	0.0	0.0	0.0	0.0	0.0	0.16666666666666666	0.0	0.0	0.0	0.0	0.25	0.0	0.0	0.0	0.0	0.0	0.0	0.0	0.0	0.0	0.0	0.0	0.0	0.0	0.0	0.0	0.0	0.0	0.0	0.0	0.0	0.0	0.0	0.0	0.0	0.0	0.0	0.0	0.0	0.0	
Black-bellied Plover	0.0	0.0	0.0	0.0	0.0	0.0	0.0	0.0	0.0	0.0	0.0	0.0	0.0	0.0	0.0	0.0	0.0	0.0	0.0	0.0	0.0	0.0	0.0	0.0	0.0	0.0	0.0	0.0	0.0	0.0	0.0	0.0	0.0	0.0	0.0	0.0	0.0	0.0	0.0	0.3333333333333333	0.0	0.0	0.0	0.0	0.0	0.0	0.0	0.0	
American Golden-Plover	0.0	0.0	0.0	0.0	0.0	0.0	0.0	0.0	0.0	0.0	0.0	0.14285714285714285	0.0	0.0	0.0	0.0	0.0	0.0	0.0	0.0	0.0	0.0	0.0	0.0	0.0	0.0	0.0	0.0	0.0	0.0	0.0	0.0	0.0	0.0	0.0	0.0	0.0	0.0	0.0	0.0	0.0	0.0	0.0	0.0	0.0	0.0	0.0	0.0	
Killdeer	0.42857142857142855	0.4	0.0	0.3333333333333333	0.16666666666666666	0.0	0.0	0.25	0.3333333333333333	0.3	0.2222222222222222	0.14285714285714285	0.5	0.16666666666666666	0.0	0.2	1.0	0.0	0.25	0.3333333333333333	0.0	0.0	0.0	0.3333333333333333	0.0	0.0	1.0	0.0	0.0	0.0	0.0	0.16666666666666666	0.0	1.0	0.0	0.25	0.0	0.0	1.0	0.6666666666666666	0.0	0.25	0.14285714285714285	0.16666666666666666	0.0	1.0	0.125	0.2857142857142857	
Upland Sandpiper	0.0	0.0	0.0	0.0	0.0	0.0	0.0	0.0	0.0	0.0	0.0	0.21428571428571427	0.0	0.0	0.0	0.0	0.0	0.0	0.0	0.0	0.0	0.0	0.0	0.0	0.0	0.0	0.0	0.0	0.0	0.6666666666666666	1.0	0.16666666666666666	0.0	0.0	0.0	0.0	0.0	0.0	0.0	0.0	0.0	0.0	0.0	0.0	0.0	0.0	0.0	0.0	
Long-billed Curlew	0.0	0.0	0.0	0.0	0.0	0.0	0.0	0.0	0.0	0.0	0.0	0.0	0.0	0.0	0.0	0.0	0.0	0.0	0.0	0.0	0.0	0.0	0.0	0.0	0.0	0.0	0.0	0.0	0.0	0.0	0.0	0.0	0.0	0.0	0.0	0.0	0.0	1.0	0.0	0.0	0.0	0.0	0.0	0.16666666666666666	0.0	0.0	0.0	0.0	
Stilt Sandpiper	0.0	0.0	0.0	0.0	0.0	0.0	0.0	0.0	0.0	0.0	0.0	0.0	0.0	0.0	0.0	0.0	0.0	0.0	0.0	0.0	0.0	0.0	0.0	0.0	0.0	0.0	0.0	0.0	0.0	0.3333333333333333	0.0	0.0	0.0	0.0	0.0	0.0	0.0	0.0	0.0	0.0	0.0	0.0	0.0	0.0	0.0	0.0	0.0	0.0	
Least Sandpiper	0.0	0.0	0.0	0.0	0.0	0.0	0.0	0.0	0.0	0.0	0.0	0.07142857142857142	0.0	0.0	0.0	0.0	0.0	0.0	0.0	0.0	0.0	0.0	0.0	0.0	0.0	0.0	0.0	0.0	0.0	0.0	0.0	0.0	0.0	0.0	0.0	0.0	0.0	0.0	0.0	0.0	0.0	0.25	0.0	0.0	0.0	0.0	0.0	0.0	
Pectoral Sandpiper	0.0	0.0	0.0	0.0	0.0	0.0	0.0	0.0	0.0	0.0	0.0	0.0	0.0	0.0	0.0	0.0	0.0	0.0	0.0	0.0	0.0	0.0	0.0	0.0	0.0	0.0	0.0	0.0	0.0	0.0	1.0	0.0	0.0	0.0	0.0	0.0	0.0	0.0	0.0	0.0	0.0	0.0	0.0	0.0	0.0	0.0	0.0	0.0	
peep sp.	0.0	0.0	0.0	0.0	0.0	0.0	0.0	0.0	0.0	0.0	0.0	0.0	0.0	0.0	0.0	0.0	1.0	0.0	0.0	0.0	0.0	0.0	0.0	0.0	0.0	0.0	0.0	0.0	0.0	0.3333333333333333	0.0	0.16666666666666666	0.0	0.0	0.0	0.0	0.0	0.0	0.0	0.0	0.0	0.0	0.0	0.0	0.0	0.0	0.0	0.0	
Spotted Sandpiper	0.0	0.0	0.0	0.0	0.0	0.0	0.0	0.0	0.0	0.1	0.0	0.07142857142857142	0.0	0.0	0.0	0.0	0.0	0.0	0.0	0.0	0.0	0.0	0.0	0.0	0.0	0.0	0.0	0.3333333333333333	0.0	0.3333333333333333	0.0	0.0	0.0	0.0	0.0	0.25	1.0	0.0	0.0	0.0	0.0	0.0	0.14285714285714285	0.16666666666666666	0.0	0.0	0.125	0.0	
Solitary Sandpiper	0.0	0.0	0.0	0.0	0.0	0.0	0.0	0.0	0.0	0.0	0.1111111111111111	0.0	0.25	0.0	0.25	0.0	0.0	0.0	0.0	0.0	0.0	0.0	0.0	0.0	0.0	0.0	0.0	0.0	0.0	0.0	0.0	0.0	0.0	0.0	0.0	0.0	0.0	0.0	0.0	0.0	0.0	0.0	0.0	0.0	0.0	0.0	0.0	0.0	
Greater Yellowlegs	0.0	0.0	0.0	0.0	0.0	0.0	0.0	0.0	0.0	0.1	0.3333333333333333	0.21428571428571427	0.5	0.16666666666666666	0.0	0.0	0.0	0.0	0.0	0.0	0.0	0.0	0.0	0.0	0.0	0.0	0.0	0.0	0.0	0.0	0.0	0.0	0.0	0.0	0.0	0.0	0.0	0.0	0.0	0.0	0.0	0.0	0.0	0.0	0.0	0.0	0.0	0.0	
Lesser Yellowlegs	0.0	0.0	0.0	0.0	0.0	0.0	0.0	0.0	0.0	0.0	0.0	0.07142857142857142	0.5	0.16666666666666666	0.0	0.0	0.0	0.0	0.0	0.0	0.0	0.0	0.0	0.0	0.0	0.0	0.0	0.0	0.0	0.0	0.0	0.0	0.0	0.0	0.0	0.0	0.0	0.0	0.0	0.0	0.0	0.0	0.0	0.0	0.0	0.0	0.0	0.0	
shorebird sp.	0.0	0.0	0.0	0.0	0.0	0.0	0.0	0.0	0.0	0.0	0.1111111111111111	0.0	0.0	0.0	0.0	0.0	0.0	0.0	0.0	0.0	0.0	0.0	0.0	0.0	0.0	0.0	0.0	0.0	0.0	0.0	0.0	0.0	0.0	0.0	0.0	0.0	0.0	0.0	0.0	0.0	0.0	0.0	0.0	0.0	0.0	0.0	0.0	0.0	
Laughing Gull	0.0	0.0	0.0	0.0	0.0	0.0	0.16666666666666666	0.0	0.0	0.0	0.0	0.0	0.5	0.0	0.0	0.0	0.0	0.0	0.25	0.0	0.0	0.0	0.0	0.0	0.0	0.0	0.0	0.0	0.0	0.3333333333333333	0.0	0.0	0.0	1.0	0.0	0.0	0.0	0.0	0.0	0.0	0.0	0.0	0.0	0.0	0.0	0.0	0.0	0.0	
Gull-billed Tern	0.0	0.0	0.0	0.0	0.0	0.0	0.0	0.0	0.0	0.0	0.0	0.0	0.25	0.16666666666666666	0.0	0.0	0.0	0.0	0.0	0.0	0.0	0.0	0.0	0.0	0.0	0.0	0.0	0.0	0.0	0.0	0.0	0.0	0.0	0.0	0.0	0.0	0.0	0.0	0.0	0.0	0.0	0.0	0.0	0.0	0.0	0.0	0.0	0.0	
Caspian Tern	0.0	0.0	0.0	0.08333333333333333	0.0	0.0	0.0	0.0	0.0	0.0	0.0	0.0	0.0	0.0	0.0	0.0	0.0	0.0	0.0	0.0	0.0	0.0	0.0	0.0	0.0	0.0	0.0	0.0	0.0	0.0	0.0	0.0	0.0	0.0	0.0	0.0	0.0	0.0	0.0	0.0	0.0	0.0	0.0	0.16666666666666666	0.0	0.0	0.0	0.0	
Anhinga	0.14285714285714285	0.0	0.16666666666666666	0.0	0.16666666666666666	0.0	0.0	0.0	0.0	0.1	0.1111111111111111	0.07142857142857142	0.5	0.0	0.0	0.0	0.0	0.0	0.0	0.0	0.0	0.0	0.0	0.0	0.0	0.0	0.0	0.0	0.0	0.0	0.0	0.0	0.5	0.0	1.0	0.25	0.0	1.0	0.0	0.6666666666666666	0.3333333333333333	0.0	0.0	0.0	0.0	0.0	0.125	0.0	
Neotropic Cormorant	0.14285714285714285	0.0	0.16666666666666666	0.0	0.16666666666666666	0.0	0.0	0.0	0.16666666666666666	0.0	0.1111111111111111	0.07142857142857142	0.25	0.16666666666666666	0.0	0.0	0.0	0.0	0.0	0.0	0.0	0.0	0.0	0.0	0.0	0.0	0.0	0.0	0.0	0.0	0.0	0.0	0.0	0.0	1.0	0.25	1.0	0.0	1.0	0.3333333333333333	0.3333333333333333	0.0	0.0	0.16666666666666666	0.4	0.0	0.0	0.14285714285714285	
Double-crested Cormorant	0.42857142857142855	0.0	0.0	0.08333333333333333	0.16666666666666666	0.2	0.0	0.375	0.0	0.1	0.1111111111111111	0.07142857142857142	0.0015	0.0	0.25	0.0	0.0	0.0	0.0	0.0	0.0	0.0	0.0	0.0	0.0	0.0	0.0	0.0	0.0	0.0	0.0	0.0	0.0	0.0	0.0	0.0	0.0	0.0	0.0	0.0	0.0	0.25	0.0	0.16666666666666666	0.2	0.0	0.0	0.2857142857142857	
cormorant sp.	0.0	0.2	0.16666666666666666	0.08333333333333333	0.0	0.2	0.0	0.0	0.0	0.0	0.1111111111111111	0.0	0.0	0.0	0.0	0.0	0.0	0.0	0.0	0.0	0.0	0.0	0.0	0.0	0.0	0.0	0.0	0.0	0.0	0.0	0.0	0.0	0.0	0.0	0.0	0.0	0.0	0.0	1.0	0.0	0.0	0.0	0.0	0.0	0.0	0.0	0.0	0.0	
American White Pelican	0.42857142857142855	0.2	0.0	0.0	0.3333333333333333	0.0	0.0	0.125	0.0	0.0	0.0	0.0	0.0	0.0	0.0	0.0	1.0	0.0	0.0	0.0	0.0	0.0	0.0	0.0	0.0	0.0	0.0	0.0	0.0	0.0	0.0	0.0	0.0	0.0	0.0	0.0	0.0	0.0	0.0	0.3333333333333333	0.0	0.0	0.0	0.0	0.2	0.0	0.125	0.5714285714285714	
Least Bittern	0.0	0.0	0.0	0.0	0.0	0.0	0.0	0.0	0.0	0.0	0.0	0.0	0.0	0.0	0.0	0.0	0.0	0.0	0.0	0.0	0.0	0.0	0.0	0.0	0.0	0.0	0.0	0.0	0.0	0.3333333333333333	0.0	0.0	0.0	0.0	0.0	0.0	0.0	0.0	0.0	0.0	0.0	0.0	0.0	0.0	0.0	0.0	0.0	0.0	
Great Blue Heron	0.2857142857142857	0.0	0.3333333333333333	0.25	0.16666666666666666	0.2	0.0	0.25	0.0	0.1	0.2222222222222222	0.07142857142857142	0.0	0.0	0.0	0.0	0.0	0.3333333333333333	0.25	0.0	1.0	0.0	0.0	0.0	0.0	0.0	0.0	0.0	0.0	0.0	0.0	0.0	0.0	0.0	1.0	0.25	1.0	1.0	1.0	0.6666666666666666	0.3333333333333333	0.0	0.0	0.16666666666666666	0.0	0.0	0.25	0.42857142857142855	
Great Egret	0.2857142857142857	0.0	0.3333333333333333	0.4166666666666667	0.16666666666666666	0.0	0.0	0.0	0.0	0.1	0.3333333333333333	0.35714285714285715	0.25	0.16666666666666666	0.25	0.0	1.0	0.0	0.0	0.0	0.0	0.0	0.0	0.0	0.0	1.0	1.0	0.0	0.0	0.6666666666666666	0.0015	0.5	0.5	1.0	1.0	0.25	1.0	0.0	0.0	0.6666666666666666	0.3333333333333333	0.0	0.14285714285714285	0.3333333333333333	0.0	0.0	0.0	0.14285714285714285	
Snowy Egret	0.0	0.0	0.16666666666666666	0.0	0.0	0.0	0.16666666666666666	0.0	0.0	0.1	0.1111111111111111	0.14285714285714285	0.25	0.16666666666666666	0.25	0.2	0.0	0.3333333333333333	0.25	0.0	0.0	0.0	0.0	0.0	1.0	0.0	0.0	0.0	0.0	0.0	0.0	0.3333333333333333	0.0	0.0	0.0	0.0	0.0	0.0	0.0	0.0	0.3333333333333333	0.0	0.0	0.0	0.2	0.0	0.0	0.14285714285714285	
Little Blue Heron	0.0	0.0	0.0	0.0	0.0	0.0	0.0	0.0	0.0	0.0	0.0	0.0	0.5	0.16666666666666666	0.0	0.0	0.0	0.0	0.0	0.0	0.0	0.0	0.0	0.0	1.0	0.0	0.0	0.0	0.0	0.0	0.0	0.0	0.0	0.0	0.0	0.0	0.0	0.0	0.0	0.0	0.0	0.0	0.0	0.0	0.0	0.0	0.0	0.0	
Tricolored Heron	0.0	0.0	0.0	0.0	0.0	0.2	0.0	0.0	0.0	0.0	0.2222222222222222	0.07142857142857142	0.0	0.0	0.0	0.2	0.0	0.0	0.0	0.3333333333333333	0.0	1.0	0.0	0.0	0.0	0.0	0.0	0.3333333333333333	0.0	0.3333333333333333	0.0	0.0	0.0	0.0	0.0	0.0	0.0	0.0	0.0	0.0	0.0	0.0	0.0	0.0	0.0	0.0	0.125	0.0	
Cattle Egret	0.0	0.0	0.16666666666666666	0.0	0.0	0.0	0.0	0.0	0.0	0.0	0.0	0.0	0.0	0.3333333333333333	0.0	0.0	0.0	0.0	0.0	0.3333333333333333	0.0	1.0	0.0	0.0	0.0	0.0	0.0	0.0	0.0	0.0	0.0	0.16666666666666666	0.0	0.0	0.0	0.5	0.0	0.0	0.0	0.3333333333333333	0.0	0.0	0.14285714285714285	0.16666666666666666	0.2	0.0	0.0	0.0	
Green Heron	0.0	0.0	0.0	0.0	0.0	0.0	0.0	0.0	0.0	0.0	0.0	0.0	0.75	0.3333333333333333	0.5	0.4	0.0	1.0	0.75	1.0	1.0	1.0	0.0	0.6666666666666666	1.0	1.0	1.0	0.0	0.0	0.3333333333333333	0.0	0.16666666666666666	0.0	1.0	1.0	0.0	0.0	0.0	0.0	0.0	0.0	0.0	0.0	0.0	0.0	0.0	0.0	0.0	
Black-crowned Night-Heron	0.0	0.0	0.0	0.0	0.0	0.0	0.0	0.0	0.0	0.0	0.1111111111111111	0.0	0.0	0.0	0.0	0.2	0.0	0.0	0.0	0.0	0.0	0.0	0.0	0.0	0.0	0.0	0.0	0.0	0.0	0.0	0.0	0.0	0.0	0.0	0.0	0.0	0.0	0.0	0.0	0.0	0.0	0.0	0.0	0.0	0.0	0.0	0.0	0.0	
Yellow-crowned Night-Heron	0.0	0.0	0.0	0.0	0.0	0.0	0.0	0.0	0.0	0.0	0.0	0.0	0.0	0.0	0.0	0.0	0.0	0.0	0.0	0.3333333333333333	0.0	0.0	0.0	0.0	0.0	0.0	0.0	0.0	0.0	0.0	0.0	0.0	0.0	0.0	0.0	0.0	0.0	0.0	0.0	0.0	0.0	0.0	0.0	0.0	0.0	0.0	0.0	0.0	
heron sp.	0.0	0.0	0.0	0.0	0.0	0.0	0.0	0.0	0.0	0.0	0.0	0.0	0.0	0.0	0.0	0.0	0.0	0.0	0.0	0.0	0.0	0.0	0.0	0.3333333333333333	0.0	0.0	0.0	0.0	0.0	0.0	0.0	0.0	0.0	0.0	0.0	0.0	0.0	0.0	0.0	0.0	0.0	0.0	0.0	0.0	0.0	0.0	0.0	0.0	
White Ibis	0.0	0.0	0.0	0.0	0.0	0.0	0.0	0.0	0.0	0.0	0.0	0.0	0.0	0.0	0.0	0.0	0.0	0.0	0.0	0.0	0.0	0.0	0.0	0.0	0.0	0.0	0.0	0.3333333333333333	0.0	0.0	0.0	0.0	0.0	0.0	0.0	0.0	1.0	0.0	0.0	0.0	0.0	0.0	0.0	0.0	0.0	0.0	0.0	0.0	
Roseate Spoonbill	0.0	0.0	0.16666666666666666	0.0	0.0	0.0	0.0	0.0	0.0	0.0	0.0	0.0	0.0	0.0	0.0	0.0	0.0	0.0	0.0	0.0	0.0	0.0	0.0	0.0	0.0	0.0	0.0	0.0	0.0	0.0	0.0	0.0	0.0	1.0	0.0	0.0	0.0	0.0	0.0	0.0	0.0	0.0	0.0	0.0	0.0	0.0	0.0	0.0	
Black Vulture	0.2857142857142857	0.0	0.0	0.25	0.16666666666666666	0.2	0.16666666666666666	0.25	0.0	0.0	0.3333333333333333	0.21428571428571427	0.25	0.3333333333333333	0.0	0.2	0.0	0.0	0.75	0.6666666666666666	1.0	0.0	0.0	0.3333333333333333	0.0	0.0	0.0	0.0	0.0	0.3333333333333333	0.0	0.5	1.0	0.0	1.0	0.5	1.0	0.0	1.0	0.3333333333333333	0.6666666666666666	0.0	0.0	0.16666666666666666	0.2	0.0	0.0	0.14285714285714285	
Turkey Vulture	0.5714285714285714	0.8	0.3333333333333333	0.5833333333333334	0.6666666666666666	0.6	0.3333333333333333	0.75	0.5	0.6	0.6666666666666666	0.7857142857142857	0.75	0.6666666666666666	1.0	0.4	1.0	1.0	0.75	0.3333333333333333	1.0	1.0	0.0	1.0	1.0	1.0	1.0	0.6666666666666666	0.0	1.0	1.0	0.8333333333333334	1.0	1.0	1.0	0.75	1.0	1.0	1.0	1.0	0.6666666666666666	0.0	0.14285714285714285	0.5	0.4	0.5	0.375	0.5714285714285714	
Osprey	0.14285714285714285	0.0	0.0	0.16666666666666666	0.16666666666666666	0.2	0.3333333333333333	0.0	0.0	0.1	0.2222222222222222	0.21428571428571427	0.25	0.3333333333333333	0.25	0.0	1.0	0.0	0.25	0.3333333333333333	0.0	0.0	0.0	0.0	0.0	0.0	0.0	0.0	0.0	0.3333333333333333	0.0	0.0	0.0	1.0	1.0	0.5	1.0	0.0	1.0	0.3333333333333333	0.3333333333333333	0.0	0.0	0.0	0.2	0.5	0.0	0.14285714285714285	
White-tailed Kite	0.0	0.0	0.0	0.0	0.16666666666666666	0.0	0.0	0.125	0.0	0.0	0.1111111111111111	0.0	0.0	0.0	0.0	0.0	0.0	0.0	0.0	0.3333333333333333	0.0	0.0	0.0	0.0	0.0	0.0	0.0	0.0	0.0	0.0	0.0	0.0	0.0	0.0	0.0	0.0	0.0	0.0	0.0	0.3333333333333333	0.0	0.0	0.0	0.16666666666666666	0.0	0.0	0.125	0.0	
Hook-billed Kite	0.14285714285714285	0.0	0.0	0.08333333333333333	0.0	0.0	0.0	0.0	0.0	0.0	0.0	0.0	0.0	0.0	0.0	0.0	0.0	0.0	0.0	0.0	0.0	0.0	0.0	0.0	0.0	0.0	0.0	0.0	0.0	0.0	0.0	0.0	0.0	0.0	0.0	0.25	0.0	0.0	0.0	0.0	0.0	0.0	0.0	0.0	0.0	0.0	0.0	0.0	
Swallow-tailed Kite	0.0	0.0	0.0	0.0	0.0	0.0	0.0	0.0	0.0	0.0	0.0	0.0	0.0	0.0	0.0	0.0	0.0	0.0	0.0	0.0	0.0	0.0	0.0	0.0	0.0	0.0	0.0	0.0	0.0	0.6666666666666666	0.0015	0.6666666666666666	0.0	0.0	0.0	0.0	0.0	0.0	0.0	0.0	0.0	0.0	0.0	0.0	0.0	0.0	0.0	0.0	
Mississippi Kite	0.0	0.0	0.0	0.0	0.0	0.0	0.0	0.0	0.0	0.0	0.0	0.0	0.0	0.16666666666666666	0.0	0.0015	0.0	0.3333333333333333	0.25	0.0	0.0	0.0	0.0	0.0	0.0	0.0	0.0	0.0	0.0	0.0	0.0	0.0	0.0	0.0	0.0	0.25	0.0	0.0	0.0	0.0	0.0	0.0	0.0	0.0	0.0	0.0	0.0	0.0	
Northern Harrier	0.42857142857142855	0.2	0.0	0.16666666666666666	0.0	0.0	0.16666666666666666	0.0	0.0	0.2	0.0	0.0	0.0	0.0	0.0	0.0	0.0	0.0	0.0	0.0	0.0	0.0	0.0	0.0	0.0	0.0	0.0	0.0	0.0	0.0	0.0	0.0	0.0	0.0	0.0	0.0	0.0	0.0	0.0	0.0	0.3333333333333333	0.0	0.14285714285714285	0.5	0.4	0.0	0.375	0.14285714285714285	
Sharp-shinned Hawk	0.0	0.0	0.16666666666666666	0.0	0.16666666666666666	0.2	0.0	0.0	0.0	0.1	0.1111111111111111	0.07142857142857142	0.25	0.0	0.25	0.0	0.0	0.0	0.0	0.0	0.0	0.0	0.0	0.0	0.0	0.0	0.0	0.0	0.0	0.0	0.0	0.0	0.0	0.0	0.0	0.0	0.0	0.0	1.0	0.6666666666666666	0.3333333333333333	0.5	0.0	0.0	0.0	0.0	0.0	0.2857142857142857	
Cooper's Hawk	0.14285714285714285	0.0	0.16666666666666666	0.0	0.16666666666666666	0.0	0.3333333333333333	0.0	0.0	0.0	0.0	0.0	0.75	0.16666666666666666	0.0	0.0	0.0	0.0	0.25	0.0	0.0	0.0	0.0	0.0	1.0	0.0	0.0	0.3333333333333333	0.0	0.0	1.0	0.16666666666666666	0.5	0.0	0.0	0.25	0.0	1.0	1.0	0.3333333333333333	0.3333333333333333	0.0	0.0	0.3333333333333333	0.4	0.0	0.125	0.2857142857142857	
Sharp-shinned/Cooper's Hawk	0.0	0.0	0.0	0.0	0.0	0.0	0.0	0.0	0.0	0.0	0.0	0.0	0.0	0.0	0.0	0.0	0.0	0.0	0.0	0.0	0.0	0.0	0.0	0.0	0.0	0.0	0.0	0.0	0.0	0.0	0.0	0.0	0.0	0.0	0.0	0.0	0.0	0.0	0.0	0.0	0.0	0.0	0.0	0.0	0.2	0.0	0.0	0.0	
Roadside Hawk	0.0	0.0	0.0	0.0	0.0	0.0	0.0	0.0	0.0	0.0	0.0	0.0	0.0	0.0	0.0	0.0	0.0	0.0	0.0	0.0	0.0	0.0	0.0	0.0	0.0	0.0	0.0	0.0	0.0	0.0	0.0	0.0	0.0	0.0	0.0	0.0	0.0	0.0	0.0	0.0	0.0	0.0	0.14285714285714285	0.0	0.0	0.0	0.0	0.0	
Harris's Hawk	0.2857142857142857	0.4	0.16666666666666666	0.5	0.0	0.2	0.0	0.125	0.0	0.0	0.0	0.0	0.25	0.0	0.25	0.2	0.0	0.0	0.0	0.0	0.0	0.0	0.0	0.0	0.0	0.0	0.0	0.0	0.0	0.0	0.0	0.0	0.5	0.0	0.0	0.0	1.0	0.0	0.0	0.3333333333333333	0.6666666666666666	0.0	0.0	0.3333333333333333	0.2	0.0	0.25	0.42857142857142855	
White-tailed Hawk	0.0	0.0	0.16666666666666666	0.08333333333333333	0.16666666666666666	0.2	0.0	0.0	0.16666666666666666	0.0	0.0	0.0	0.0	0.0	0.0	0.0	0.0	0.0	0.0	0.0	0.0	0.0	0.0	0.3333333333333333	0.0	0.0	0.0	0.0	0.0	0.0	0.0	0.0	0.0	0.0	0.0	0.0	0.0	0.0	0.0	0.0	0.0	0.0	0.0	0.0	0.0	0.0	0.125	0.14285714285714285	
Gray Hawk	0.14285714285714285	0.6	0.16666666666666666	0.16666666666666666	0.0	0.0	0.5	0.125	0.0	0.3	0.3333333333333333	0.2857142857142857	0.25	0.6666666666666666	0.75	0.0	1.0	0.3333333333333333	0.5	0.6666666666666666	1.0	0.0	0.0	0.0	0.0	1.0	0.0	0.0	0.0	0.6666666666666666	0.0015	0.5	0.5	0.0	0.0	0.75	1.0	1.0	0.0	1.0	0.3333333333333333	0.25	0.14285714285714285	0.3333333333333333	0.0015	0.5	0.125	0.2857142857142857	
Red-shouldered Hawk	0.5714285714285714	0.4	0.16666666666666666	0.4166666666666667	0.16666666666666666	0.4	0.16666666666666666	0.375	0.0	0.1	0.0	0.0	0.0015	0.0	0.0	0.0	0.0	0.0	0.0	0.0	0.0	0.0	0.0	0.0	0.0	0.0	0.0	0.0	0.0	0.0	0.0	0.0	0.0	0.0	1.0	0.25	1.0	0.0	0.0	0.6666666666666666	0.3333333333333333	0.25	0.0	0.6666666666666666	0.8	1.0	0.75	0.2857142857142857	
Broad-winged Hawk	0.0	0.0	0.0	0.0	0.0	0.0	0.0	0.0	0.0	0.0	0.2222222222222222	0.42857142857142855	0.75	0.16666666666666666	0.75	0.4	1.0	0.6666666666666666	0.25	0.0	0.0	0.0	0.0	0.0	0.0	0.0	0.0	0.0	0.0	0.0	0.0	0.0	0.5	1.0	1.0	0.5	1.0	0.0	1.0	0.3333333333333333	0.0	0.25	0.0	0.16666666666666666	0.2	0.0	0.0	0.0	
Swainson's Hawk	0.0	0.0	0.0	0.0	0.0	0.0	0.0	0.0	0.0	0.0	0.0	0.21428571428571427	0.25	0.16666666666666666	0.75	0.2	0.0	0.6666666666666666	0.5	1.0	0.0	0.0	0.0	0.6666666666666666	0.0	0.0	0.0	0.3333333333333333	0.0	0.3333333333333333	0.0015	0.16666666666666666	0.5	0.0	0.0	0.25	1.0	0.0	1.0	0.0	0.0	0.0	0.14285714285714285	0.0	0.0	0.0	0.0	0.0	
Zone-tailed Hawk	0.0	0.0	0.0	0.0	0.0	0.0	0.0	0.0	0.0	0.0	0.1111111111111111	0.0	0.0	0.0	0.0	0.0	0.0	0.0	0.0	0.0	0.0	0.0	0.0	0.3333333333333333	0.0	0.0	0.0	0.0	0.0	0.0	0.0	0.16666666666666666	0.0	0.0	0.0	0.0	0.0	0.0	0.0	0.0	0.0	0.0	0.0	0.0	0.0	0.0	0.0	0.0	
Red-tailed Hawk	0.8571428571428571	0.6	0.16666666666666666	0.5833333333333334	0.0	0.2	0.5	0.125	0.0	0.0	0.2222222222222222	0.07142857142857142	0.0	0.0	0.0	0.0	0.0	0.0	0.0	0.0	0.0	0.0	0.0	0.0	0.0	0.0	0.0	0.0	0.0	0.0	0.0	0.0	0.5	0.0	0.0	0.0	0.0	0.0	0.0	0.0	0.0	0.0	0.2857142857142857	0.6666666666666666	0.8	0.5	0.625	0.5714285714285714	
Ferruginous Hawk	0.0	0.0	0.0	0.08333333333333333	0.0	0.0	0.0	0.0	0.0	0.0	0.0	0.0	0.0	0.0	0.0	0.0	0.0	0.0	0.0	0.0	0.0	0.0	0.0	0.0	0.0	0.0	0.0	0.0	0.0	0.0	0.0	0.0	0.0	0.0	0.0	0.0	0.0	0.0	0.0	0.0	0.0	0.0	0.0	0.0	0.0	0.0	0.0	0.0	
Buteo sp.	0.0	0.0	0.0	0.0	0.0	0.0	0.0	0.0	0.0	0.0	0.0	0.0	0.0	0.0	0.0	0.0	0.0	0.0	0.0	0.0	0.0	0.0	0.0	0.0	0.0	0.0	0.0	0.0	0.0	0.0	0.0	0.0	0.0	0.0	0.0	0.0	0.0	0.0	0.0	0.0	0.0	0.0	0.0	0.0	0.0	0.0	0.125	0.0	
hawk sp.	0.0	0.0	0.0	0.0	0.0	0.0	0.0	0.0	0.0	0.0	0.0	0.0	0.0	0.0	0.0	0.0	0.0	0.0	0.0	0.0	0.0	0.0	0.0	0.0	0.0	0.0	0.0	0.0	0.0	0.0	0.0	0.0	0.0	0.0	0.0	0.0	0.0	0.0	0.0	0.0	0.3333333333333333	0.0	0.0	0.0	0.0	0.0	0.0	0.0	
Barn Owl	0.0	0.0	0.0	0.0	0.0	0.0	0.0	0.0	0.0	0.0	0.0	0.0	0.0	0.0	0.0	0.0	0.0	0.0	0.0	0.0	0.0	0.0	0.0	0.0	0.0	0.0	0.0	0.0	0.0	0.0	0.0	0.0	0.0	0.0	0.0	0.0	0.0	0.0	0.0	0.0	0.0	0.0	0.0	0.16666666666666666	0.2	0.0	0.125	0.0	
Eastern Screech-Owl	0.0	0.0	0.16666666666666666	0.16666666666666666	0.0	0.0	0.0	0.0	0.0	0.2	0.0	0.0	0.0	0.0	0.0	0.0	0.0	0.0	0.0	0.3333333333333333	0.0	0.0	0.0	0.0	0.0	0.0	0.0	0.0	0.0	0.0	0.0	0.16666666666666666	0.0	0.0	0.0	0.0	0.0	0.0	0.0	0.0	0.0	0.0	0.0	0.0	0.0	0.0	0.0	0.0	
Ringed Kingfisher	0.0	0.0	0.0	0.0	0.3333333333333333	0.4	0.5	0.25	0.16666666666666666	0.0	0.1111111111111111	0.42857142857142855	0.5	0.16666666666666666	0.25	0.4	0.0	0.0	0.0	0.3333333333333333	0.0	1.0	0.0	0.0	1.0	0.0	0.0	0.3333333333333333	0.0	0.3333333333333333	1.0	0.0	0.0	0.0	0.0	0.5	1.0	1.0	1.0	1.0	0.0	0.25	0.0	0.5	0.2	0.5	0.0	0.14285714285714285	
Belted Kingfisher	0.0	0.0	0.0	0.0	0.16666666666666666	0.0	0.0	0.125	0.0	0.0	0.0	0.0	0.0	0.0	0.0	0.0	0.0	0.0	0.0	0.0	0.0	0.0	0.0	0.0	0.0	0.0	0.0	0.0	0.0	0.0	0.0	0.0	0.0	0.0	0.0	0.0	1.0	0.0	0.0	0.3333333333333333	0.0	0.25	0.14285714285714285	0.0	0.2	0.0	0.0	0.0	
Green Kingfisher	0.14285714285714285	0.0	0.0	0.08333333333333333	0.0	0.2	0.16666666666666666	0.125	0.0	0.0	0.0	0.14285714285714285	0.0	0.16666666666666666	0.25	0.2	0.0	0.0	0.0	0.3333333333333333	0.0	0.0	0.0	0.0	0.0	0.0	0.0	0.3333333333333333	0.0	0.3333333333333333	0.0	0.0	0.0	0.0	0.0	0.5	0.0	0.0	1.0	0.6666666666666666	0.3333333333333333	0.0	0.0	0.3333333333333333	0.6	0.0	0.125	0.0	
Golden-fronted Woodpecker	0.5714285714285714	0.6	0.16666666666666666	0.9166666666666666	0.3333333333333333	0.4	0.8333333333333334	0.875	0.5	0.6	0.6666666666666666	0.6428571428571429	1.0	0.8333333333333334	1.0	0.6	1.0	1.0	1.0	1.0	1.0	1.0	0.0	1.0	1.0	1.0	1.0	1.0	0.0	0.6666666666666666	1.0	0.6666666666666666	0.5	1.0	1.0	0.5	1.0	0.0	1.0	1.0	1.0	1.0	0.14285714285714285	0.8333333333333334	0.4	0.5	0.75	0.7142857142857143	
Ladder-backed Woodpecker	0.2857142857142857	0.4	0.3333333333333333	0.6666666666666666	0.5	0.2	0.8333333333333334	0.75	0.3333333333333333	0.3	0.6666666666666666	0.5714285714285714	0.75	0.5	1.0	0.4	1.0	1.0	0.5	0.6666666666666666	1.0	1.0	0.0	0.3333333333333333	1.0	1.0	1.0	0.6666666666666666	0.0	0.6666666666666666	1.0	0.5	0.5	1.0	1.0	0.5	1.0	1.0	1.0	0.6666666666666666	0.3333333333333333	0.25	0.0	0.5	0.4	1.0	0.875	0.2857142857142857	
Crested Caracara	0.42857142857142855	0.6	0.16666666666666666	0.5	0.5	0.0	0.5	0.25	0.0	0.3	0.1111111111111111	0.2857142857142857	0.5	0.16666666666666666	0.25	0.0	0.0	0.0	0.0	0.3333333333333333	0.0	0.0	0.0	0.3333333333333333	0.0	0.0	0.0	0.0	0.0	0.3333333333333333	0.0	0.3333333333333333	0.0	0.0	0.0015	0.0	0.0	1.0	0.0	0.3333333333333333	0.0	0.0	0.14285714285714285	0.3333333333333333	0.2	0.0	0.0	0.42857142857142855	
American Kestrel	0.14285714285714285	0.0	0.16666666666666666	0.25	0.5	0.2	0.3333333333333333	0.125	0.16666666666666666	0.1	0.0	0.07142857142857142	0.0	0.0	0.0	0.0	0.0	0.0	0.0	0.0	0.0	0.0	0.0	0.0	0.0	0.0	0.0	0.0	0.0	0.0	0.0	0.0	0.0	0.0	0.0	0.25	0.0	1.0	1.0	0.3333333333333333	0.0	0.5	0.14285714285714285	0.3333333333333333	0.2	0.0	0.25	0.42857142857142855	
Merlin	0.0	0.0	0.0	0.0	0.0	0.0	0.16666666666666666	0.0	0.0	0.0	0.0	0.0	0.0	0.0	0.0	0.0	0.0	0.0	0.0	0.0	0.0	0.0	0.0	0.0	0.0	0.0	0.0	0.0	0.0	0.0	0.0	0.0	0.0	0.0	0.0	0.0	0.0	0.0	0.0	0.3333333333333333	0.0	0.0	0.0	0.0	0.0	0.0	0.0	0.0	
diurnal raptor sp.	0.0	0.0	0.0	0.0	0.0	0.0	0.0	0.0	0.0	0.0	0.0	0.0	0.0	0.0	0.0	0.0	0.0	0.0	0.0	0.0	0.0	0.0	0.0	0.0	0.0	0.0	0.0	0.0	0.0	0.3333333333333333	0.0	0.0	0.0	0.0	0.0	0.0	0.0	0.0	0.0	0.0	0.0	0.0	0.0	0.0	0.0	0.0	0.0	0.0	
Northern Beardless-Tyrannulet	0.0	0.0	0.0	0.08333333333333333	0.16666666666666666	0.0	0.0	0.125	0.0	0.0	0.0	0.07142857142857142	0.0	0.16666666666666666	0.0	0.0	0.0	0.0	0.0	0.0	0.0	0.0	0.0	0.0	0.0	0.0	0.0	0.0	0.0	0.0	0.0	0.0	0.0	0.0	0.0	0.0	0.0	0.0	0.0	0.3333333333333333	0.0	0.0	0.0	0.0	0.0	0.0	0.0	0.14285714285714285	
Olive-sided Flycatcher	0.0	0.0	0.0	0.0	0.0	0.0	0.0	0.0	0.0	0.0	0.0	0.0	0.0	0.0	0.0	0.0	0.0	0.0	0.0	0.3333333333333333	0.0	0.0	0.0	0.0	0.0	0.0	0.0	0.0	0.0	0.0	0.0	0.0	0.0	0.0	0.0	0.0	0.0	0.0	0.0	0.0	0.0	0.0	0.0	0.0	0.0	0.0	0.0	0.0	
Eastern Wood-Pewee	0.0	0.0	0.0	0.0	0.0	0.0	0.0	0.0	0.0	0.0	0.0	0.0	0.0	0.0	0.0	0.0	1.0	0.0	0.25	0.0	0.0	0.0	0.0	0.0	0.0	0.0	0.0	0.0	0.0	0.0	0.0	0.16666666666666666	0.0	0.0	0.0	0.25	0.0	0.0	0.0	0.0	0.0	0.0	0.0	0.0	0.0	0.0	0.0	0.0	
Yellow-bellied Flycatcher	0.0	0.0	0.0	0.0	0.0	0.0	0.0	0.0	0.0	0.0	0.0	0.0	0.0	0.0	0.0	0.0	0.0	0.0	0.25	0.0	0.0	0.0	0.0	0.0	0.0	0.0	0.0	0.0	0.0	0.0	0.0	0.0	0.0	0.0	0.0	0.0	0.0	0.0	0.0	0.0	0.0	0.0	0.0	0.0	0.0	0.0	0.0	0.0	
Acadian Flycatcher	0.0	0.0	0.0	0.0	0.0	0.0	0.0	0.0	0.0	0.0	0.0	0.0	0.0	0.0	0.0	0.0	0.0	0.3333333333333333	0.0	0.0	0.0	0.0	0.0	0.0	0.0	0.0	0.0	0.0	0.0	0.0	0.0	0.0	0.0	1.0	0.0	0.0	0.0	0.0	0.0	0.0	0.0	0.0	0.0	0.0	0.0	0.0	0.0	0.0	
Alder Flycatcher	0.0	0.0	0.0	0.0	0.0	0.0	0.0	0.0	0.0	0.0	0.0	0.0	0.0	0.0	0.0	0.0	0.0	0.0	0.0	0.3333333333333333	0.0	0.0	0.0	0.0	0.0	0.0	0.0	0.0	0.0	0.0	0.0	0.0	0.0	0.0	0.0	0.0	0.0	0.0	0.0	0.0	0.0	0.0	0.0	0.0	0.0	0.0	0.0	0.0	
Willow Flycatcher	0.0	0.0	0.0	0.0	0.0	0.0	0.0	0.0	0.0	0.0	0.0	0.0	0.0	0.0	0.0	0.0	0.0	0.0	0.0	0.0	0.0	0.0	0.0	0.0	0.0	0.0	0.0	0.0	0.0	0.0	0.0	0.0	0.0	0.0	1.0	0.0	0.0	0.0	0.0	0.0	0.0	0.0	0.0	0.0	0.0	0.0	0.0	0.0	
Alder/Willow Flycatcher (Traill's Flycatcher)	0.0	0.0	0.0	0.0	0.0	0.0	0.0	0.0	0.0	0.0	0.0	0.0	0.0	0.0	0.0	0.0	0.0	0.0	0.5	0.3333333333333333	0.0	0.0	0.0	0.0	0.0	0.0	0.0	0.0	0.0	0.0	1.0	0.0	0.0	0.0	0.0	0.0	0.0	0.0	0.0	0.0	0.0	0.0	0.0	0.0	0.0	0.0	0.0	0.0	
Least Flycatcher	0.0	0.2	0.0	0.08333333333333333	0.0	0.0	0.0	0.0	0.0	0.0	0.0	0.0	0.0	0.0	0.0	0.0	0.0	0.0	0.25	0.0	0.0	0.0	0.0	0.0	0.0	0.0	0.0	0.0	0.0	0.0	1.0	0.0	0.0	1.0	0.0	0.0	0.0	0.0	0.0	0.0	0.0	0.25	0.0	0.16666666666666666	0.0	0.0	0.0	0.14285714285714285	
Empidonax sp.	0.0	0.0	0.0	0.0	0.0	0.0	0.0	0.0	0.0	0.0	0.0	0.0	0.0	0.0	0.0	0.0	0.0	0.0	0.0	0.0	0.0	0.0	0.0	0.0	0.0	0.0	0.0	0.0	0.0	0.3333333333333333	1.0	0.16666666666666666	0.0	0.0	0.0	0.0	0.0	0.0	0.0	0.0	0.0	0.0	0.0	0.0	0.0	0.0	0.0	0.0	
Black Phoebe	0.42857142857142855	0.0	0.16666666666666666	0.16666666666666666	0.5	0.0	0.3333333333333333	0.25	0.0	0.4	0.1111111111111111	0.21428571428571427	0.75	0.5	0.5	1.0	1.0	0.3333333333333333	0.25	0.6666666666666666	1.0	1.0	0.0	0.3333333333333333	0.0	0.0	1.0	0.6666666666666666	0.0	0.3333333333333333	1.0	0.3333333333333333	0.0	0.0	0.0	0.0	0.0	1.0	1.0	0.6666666666666666	0.0	0.25	0.14285714285714285	0.5	0.6	0.0	0.125	0.5714285714285714	
Eastern Phoebe	0.42857142857142855	0.4	0.16666666666666666	0.3333333333333333	0.3333333333333333	0.4	0.6666666666666666	0.25	0.16666666666666666	0.1	0.0	0.0	0.0	0.0	0.0	0.0	0.0	0.0	0.0	0.0	0.0	0.0	0.0	0.0	0.0	0.0	0.0	0.0	0.0	0.0	0.0	0.0	0.0	0.0	0.0	0.0	0.0	1.0	1.0	1.0	0.6666666666666666	0.25	0.14285714285714285	0.8333333333333334	0.6	1.0	0.625	0.8571428571428571	
Vermilion Flycatcher	0.0	0.0	0.0	0.0	0.0	0.0	0.16666666666666666	0.0	0.0	0.0	0.0	0.07142857142857142	0.0	0.0	0.0	0.0	0.0	0.0	0.0	0.0	0.0	0.0	0.0	0.0	0.0	0.0	0.0	0.0	0.0	0.0	0.0	0.0	0.0	0.0	0.0	0.0	0.0	0.0	0.0	0.0	0.0	0.0	0.0	0.0	0.2	0.0	0.25	0.42857142857142855	
Ash-throated Flycatcher	0.0	0.0	0.0	0.0	0.0	0.0	0.0	0.0	0.0	0.0	0.0	0.0	0.0	0.0	0.0	0.2	0.0	0.0	0.0	0.0	0.0	0.0	0.0	0.0	0.0	0.0	0.0	0.0	0.0	0.0	0.0	0.0	0.0	0.0	0.0	0.0	0.0	0.0	0.0	0.0	0.0	0.0	0.0	0.0	0.0	0.0	0.0	0.0	
Great Crested Flycatcher	0.0	0.0	0.0	0.0	0.0	0.0	0.0	0.0	0.0	0.0	0.0	0.0	0.0	0.16666666666666666	0.25	0.0	0.0	0.0	0.25	0.0	0.0	0.0	0.0	0.0	0.0	0.0	0.0	0.0	0.0	0.0	0.0	0.0	0.0	0.0	1.0	0.25	0.0	0.0	0.0	0.0	0.0	0.0	0.0	0.0	0.0	0.0	0.0	0.0	
Brown-crested Flycatcher	0.0	0.0	0.0	0.0	0.0	0.0	0.0	0.0	0.0	0.0	0.0	0.0	0.25	0.5	1.0	0.4	1.0	1.0	0.5	1.0	1.0	1.0	0.0	1.0	1.0	0.0	0.0	0.6666666666666666	0.0	0.0	1.0	0.3333333333333333	0.5	0.0	1.0	0.0	0.0	0.0	0.0	0.0	0.0	0.0	0.0	0.0	0.0	0.0	0.0	0.0	
Great Kiskadee	0.7142857142857143	0.4	0.3333333333333333	0.6666666666666666	0.5	0.6	0.5	0.875	0.5	0.7	0.4444444444444444	0.6428571428571429	0.75	0.5	0.75	0.6	0.0	0.6666666666666666	1.0	1.0	1.0	1.0	0.0	0.3333333333333333	1.0	0.0	1.0	1.0	0.0	0.6666666666666666	1.0	0.8333333333333334	0.5	1.0	1.0	0.75	1.0	1.0	1.0	1.0	0.6666666666666666	0.75	0.42857142857142855	0.8333333333333334	0.6	1.0	0.75	0.8571428571428571	
Tropical Kingbird	0.0	0.0	0.0	0.0	0.0	0.0	0.16666666666666666	0.0	0.0	0.0	0.1111111111111111	0.0	0.0	0.0	0.0	0.0	0.0	0.0	0.0	0.0	0.0	0.0	0.0	0.0	0.0	0.0	0.0	0.0	0.0	0.0	0.0	0.16666666666666666	0.5	0.0	0.0	0.0	0.0	0.0	0.0	0.0	0.0	0.0	0.0	0.16666666666666666	0.0	0.0	0.0	0.14285714285714285	
Couch's Kingbird	0.14285714285714285	0.2	0.0	0.0	0.0	0.4	0.0	0.75	0.5	0.7	0.7777777777777778	0.7857142857142857	1.0	0.6666666666666666	0.75	1.0	1.0	0.6666666666666666	0.75	1.0	1.0	1.0	0.0	1.0	1.0	1.0	1.0	1.0	0.0	0.6666666666666666	0.0	0.6666666666666666	0.0	1.0	1.0	0.5	1.0	1.0	0.0	0.6666666666666666	0.0	0.0	0.0	0.3333333333333333	0.2	0.0	0.125	0.14285714285714285	
Tropical/Couch's Kingbird	0.14285714285714285	0.0	0.0	0.0	0.0	0.0	0.0	0.0	0.0	0.0	0.1111111111111111	0.14285714285714285	0.0	0.16666666666666666	0.0	0.2	0.0	0.0	0.0	0.0	0.0	0.0	0.0	0.0	0.0	0.0	0.0	0.3333333333333333	0.0	0.0	0.0	0.3333333333333333	0.0	0.0	0.0	0.0	0.0	0.0	1.0	0.0	0.3333333333333333	0.0	0.14285714285714285	0.0	0.0	0.0	0.125	0.0	
Western Kingbird	0.0	0.0	0.0	0.0	0.0	0.0	0.0	0.0	0.0	0.0	0.0	0.0	0.25	0.0	0.0	0.0	0.0	0.3333333333333333	0.0	0.0	0.0	0.0	0.0	0.0	0.0	0.0	0.0	0.0	0.0	0.3333333333333333	0.0	0.0	0.0	0.0	0.0	0.0	0.0	0.0	0.0	0.0	0.0	0.0	0.0	0.0	0.0	0.0	0.0	0.0	
Eastern Kingbird	0.0	0.0	0.0	0.0	0.0	0.0	0.0	0.0	0.0	0.0	0.0	0.0	0.0	0.16666666666666666	0.0	0.0	0.0	0.0	0.0	0.0	0.0	0.0	0.0	0.0	0.0	0.0	0.0	0.0	0.0	0.0	0.0	0.3333333333333333	0.0	0.0	1.0	0.0	0.0	0.0	0.0	0.0	0.0	0.0	0.0	0.0	0.0	0.0	0.0	0.0	
Scissor-tailed Flycatcher	0.0	0.0	0.0	0.0	0.0	0.0	0.0	0.0	0.0	0.0	0.0	0.2857142857142857	0.25	0.16666666666666666	0.5	0.4	0.0	0.6666666666666666	0.0	0.0	0.0	0.0	0.0	0.0	0.0	0.0	0.0	0.0	0.0	0.0	0.0	0.0	0.5	0.0	0.0	0.0	0.0	0.0	1.0	0.3333333333333333	0.3333333333333333	0.0	0.14285714285714285	0.0	0.0	0.0	0.0	0.0	
Loggerhead Shrike	0.0	0.0	0.16666666666666666	0.0	0.0	0.0	0.0	0.0	0.0	0.1	0.0	0.0	0.0	0.0	0.25	0.0	0.0	0.0	0.0	0.0	0.0	0.0	0.0	0.0	0.0	0.0	0.0	0.0	0.0	0.0	0.0	0.0	0.0	0.0	0.0	0.0	0.0	0.0	0.0	0.0	0.0	0.0	0.14285714285714285	0.16666666666666666	0.0	0.0	0.125	0.0	
White-eyed Vireo	0.2857142857142857	0.2	0.3333333333333333	0.16666666666666666	0.5	0.4	0.5	0.75	0.16666666666666666	0.2	0.3333333333333333	0.35714285714285715	0.25	0.5	0.5	0.4	1.0	0.6666666666666666	0.5	0.6666666666666666	1.0	1.0	0.0	0.3333333333333333	1.0	0.0	0.0	0.3333333333333333	0.0	0.3333333333333333	1.0	0.3333333333333333	0.0	1.0	1.0	0.5	1.0	1.0	0.0	0.3333333333333333	0.0	0.5	0.14285714285714285	0.6666666666666666	0.4	0.5	0.25	0.2857142857142857	
Blue-headed Vireo	0.0	0.0	0.16666666666666666	0.16666666666666666	0.0	0.0	0.16666666666666666	0.125	0.16666666666666666	0.0	0.0	0.0	0.0	0.0	0.0	0.0	0.0	0.0	0.0	0.0	0.0	0.0	0.0	0.0	0.0	0.0	0.0	0.0	0.0	0.0	0.0	0.0	0.0	0.0	0.0	0.0	0.0	0.0	0.0	0.0	0.0	0.0	0.14285714285714285	0.0	0.0	0.0	0.125	0.0	
Green Jay	0.5714285714285714	0.4	0.16666666666666666	0.75	0.6666666666666666	0.0	0.8333333333333334	0.75	0.6666666666666666	0.6	0.7777777777777778	0.7142857142857143	1.0	0.6666666666666666	1.0	0.6	1.0	1.0	1.0	1.0	1.0	1.0	0.0	1.0	1.0	1.0	1.0	1.0	0.0	0.6666666666666666	1.0	0.8333333333333334	1.0	1.0	1.0	0.5	1.0	1.0	1.0	1.0	1.0	1.0	0.7142857142857143	0.6666666666666666	0.6	1.0	0.875	0.8571428571428571	
Northern Rough-winged Swallow	0.0	0.0	0.0	0.0	0.0	0.0	0.16666666666666666	0.25	0.0	0.0	0.2222222222222222	0.14285714285714285	0.0015	0.16666666666666666	0.0	0.2	1.0	0.3333333333333333	0.25	1.0	0.0	0.0	0.0	0.0	1.0	0.0	0.0	0.0	0.0	0.0	0.0	0.16666666666666666	0.0	1.0	0.0	0.25	1.0	0.0	0.0	0.6666666666666666	0.3333333333333333	0.0	0.0	0.16666666666666666	0.0	0.0	0.0	0.0	
Purple Martin	0.0	0.0	0.0	0.0	0.0	0.0	0.0	0.125	0.0	0.0	0.1111111111111111	0.21428571428571427	0.25	0.0	0.25	0.0	1.0	0.0	0.25	0.3333333333333333	0.0	1.0	0.0	1.0	0.0	1.0	1.0	1.0	0.0	0.6666666666666666	1.0	0.3333333333333333	0.5	0.0	1.0	0.5	0.0	0.0	0.0	0.0	0.0	0.0	0.0	0.0	0.0	0.0	0.0	0.0	
Tree Swallow	0.0	0.2	0.0	0.0	0.0	0.0	0.16666666666666666	0.0	0.0	0.1	0.1111111111111111	0.07142857142857142	0.25	0.16666666666666666	0.0	0.0	1.0	0.0	0.0	0.0	0.0	0.0	0.0	0.0	0.0	0.0	0.0	0.0	0.0	0.0	0.0	0.0	0.5	0.0	1.0	0.25	0.0	0.0	0.0	0.3333333333333333	0.0	0.0	0.0	0.0	0.0	0.0	0.125	0.0	
Bank Swallow	0.0	0.0	0.0	0.0	0.0	0.0	0.0	0.0	0.0	0.0	0.0	0.0	0.0	0.16666666666666666	0.25	0.0	1.0	0.3333333333333333	0.0	0.0	0.0	0.0	0.0	0.0	0.0	0.0	0.0	0.0	0.0	0.0	0.0	0.3333333333333333	0.5	1.0	0.0	0.0	0.0	0.0	0.0	0.0	0.0	0.0	0.0	0.0	0.0	0.0	0.0	0.0	
Barn Swallow	0.0	0.0	0.0	0.0	0.0	0.0	0.0	0.0	0.0	0.0	0.1111111111111111	0.0	0.25	0.3333333333333333	0.75	0.0	1.0	1.0	0.0	0.0	0.0	0.0	0.0	0.0	0.0	0.0	0.0	0.0	0.0	0.0	1.0	0.5	1.0	1.0	1.0	0.5	1.0	1.0	1.0	1.0	0.3333333333333333	0.0	0.0	0.0	0.0	0.0	0.0	0.0	
Cliff Swallow	0.0	0.0	0.0	0.0	0.0	0.0	0.0	0.0	0.0	0.0	0.1111111111111111	0.14285714285714285	0.5	0.3333333333333333	0.25	0.4	1.0	0.6666666666666666	0.25	0.0	0.0	0.0	0.0	0.0	0.0	0.0	0.0	0.0	0.0	0.3333333333333333	0.0	0.16666666666666666	0.0	0.0	0.0	0.0	0.0	0.0	0.0	0.0	0.0	0.0	0.0	0.0	0.0	0.0	0.0	0.0	
Cave Swallow	0.0	0.2	0.0	0.08333333333333333	0.0	0.0	0.0	0.125	0.0	0.1	0.2222222222222222	0.14285714285714285	0.5	0.3333333333333333	1.0	0.4	0.0	1.0	0.75	1.0	1.0	1.0	0.0	1.0	1.0	1.0	0.0	0.3333333333333333	0.0	0.0	0.0	0.16666666666666666	0.0	1.0	1.0	0.25	1.0	0.0	0.0	0.3333333333333333	0.0	0.25	0.0	0.16666666666666666	0.0	0.0	0.125	0.2857142857142857	
Cliff/Cave Swallow	0.0	0.0	0.0	0.0	0.0	0.0	0.0	0.0	0.0	0.0	0.0	0.0	0.0	0.0	0.0	0.0	1.0	0.0	0.0	0.0	0.0	0.0	0.0	0.0	0.0	0.0	0.0	0.0	0.0	0.0	0.0	0.0	0.0	1.0	0.0	0.0	1.0	0.0	0.0	0.0	0.0	0.0	0.0	0.0	0.0	0.0	0.0	0.0	
swallow sp.	0.0	0.2	0.0	0.0	0.0	0.0	0.0	0.125	0.0	0.0	0.0	0.07142857142857142	0.0	0.16666666666666666	0.25	0.0	1.0	0.3333333333333333	0.0	0.0	0.0	0.0	0.0	0.6666666666666666	0.0	0.0	0.0	0.0	0.0	0.6666666666666666	0.0	0.16666666666666666	0.0	0.0	1.0	0.0	0.0	0.0	0.0	0.3333333333333333	0.0	0.0	0.0	0.16666666666666666	0.0	0.0	0.0	0.0	
Black-crested Titmouse	0.0	0.6	0.3333333333333333	0.5833333333333334	0.5	0.2	0.5	0.375	0.3333333333333333	0.3	0.3333333333333333	0.21428571428571427	0.25	0.5	0.75	0.6	1.0	0.6666666666666666	0.5	1.0	0.0	1.0	0.0	0.3333333333333333	0.0	0.0	1.0	0.0	0.0	0.0	0.0	0.16666666666666666	0.0	1.0	0.0	0.0	1.0	1.0	0.0	0.6666666666666666	0.0	0.25	0.14285714285714285	0.5	0.0	0.5	0.5	0.2857142857142857	
Verdin	0.0	0.2	0.0	0.08333333333333333	0.16666666666666666	0.0	0.0	0.0	0.0	0.0	0.0	0.14285714285714285	0.25	0.5	0.0	0.0	0.0	0.3333333333333333	0.0	0.0	0.0	1.0	0.0	0.0	1.0	0.0	0.0	0.3333333333333333	0.0	0.0	1.0	0.16666666666666666	0.0	1.0	1.0	0.0	0.0	1.0	1.0	0.3333333333333333	0.0	0.25	0.0	0.16666666666666666	0.0	0.0	0.0	0.2857142857142857	
House Wren	0.42857142857142855	0.6	0.3333333333333333	0.5833333333333334	0.6666666666666666	0.2	0.3333333333333333	0.625	0.16666666666666666	0.3	0.4444444444444444	0.5	0.75	0.5	0.25	0.0	0.0	0.0	0.0	0.0	0.0	0.0	0.0	0.0	0.0	0.0	0.0	0.0	0.0	0.0	0.0	0.0	0.0	1.0	0.0	0.0	0.0	1.0	1.0	1.0	0.3333333333333333	0.25	0.2857142857142857	0.6666666666666666	0.6	1.0	0.75	0.7142857142857143	
Marsh Wren	0.0	0.0	0.0	0.0	0.0	0.0	0.0	0.0	0.0	0.0	0.0	0.0	0.0	0.0	0.0	0.0	0.0	0.0	0.0	0.0	0.0	0.0	0.0	0.0	0.0	0.0	0.0	0.0	0.0	0.0	0.0	0.0	0.0	0.0	0.0	0.0	0.0	0.0	0.0	0.0	0.0	0.25	0.14285714285714285	0.0	0.0	0.0	0.0	0.0	
Carolina Wren	0.0	0.0	0.0	0.0	0.3333333333333333	0.0	0.16666666666666666	0.0	0.0	0.1	0.2222222222222222	0.07142857142857142	0.0	0.3333333333333333	0.0	0.0	0.0	0.0	0.25	0.0	0.0	0.0	0.0	0.0	0.0	0.0	0.0	0.0	0.0	0.0	0.0	0.16666666666666666	0.0	0.0	0.0	0.5	1.0	0.0	0.0	0.3333333333333333	0.3333333333333333	0.25	0.0	0.16666666666666666	0.2	0.0	0.125	0.14285714285714285	
Bewick's Wren	0.0	0.0	0.0	0.0	0.0	0.0	0.0	0.0	0.0	0.0	0.1111111111111111	0.0	0.25	0.0	0.0	0.0	0.0	0.0	0.25	0.0	0.0	0.0	0.0	0.0	0.0	0.0	0.0	0.0	0.0	0.0	0.0	0.0	0.0	0.0	0.0	0.0	0.0	0.0	0.0	0.0	0.0	0.0	0.0	0.0	0.0	0.0	0.0	0.0	
wren sp.	0.0	0.0	0.0	0.0	0.0	0.0	0.16666666666666666	0.0	0.0	0.0	0.0	0.0	0.0	0.0	0.0	0.0	0.0	0.0	0.0	0.0	0.0	0.0	0.0	0.0	0.0	0.0	0.0	0.0	0.0	0.0	0.0	0.0	0.0	0.0	0.0	0.0	0.0	0.0	0.0	0.0	0.0	0.0	0.0	0.0	0.0	0.0	0.0	0.0	
Blue-gray Gnatcatcher	0.14285714285714285	0.8	0.3333333333333333	0.5	0.6666666666666666	0.4	0.6666666666666666	0.5	0.5	0.4	0.7777777777777778	0.2857142857142857	0.0	0.3333333333333333	0.0	0.0	0.0	0.0	0.0	0.0	0.0	0.0	0.0	0.0	0.0	0.0	0.0	0.0	0.0	0.0	0.0	0.16666666666666666	0.5	1.0	1.0	0.5	0.0	1.0	1.0	1.0	1.0	0.5	0.5714285714285714	0.8333333333333334	0.4	0.5	0.875	0.5714285714285714	
Ruby-crowned Kinglet	0.14285714285714285	0.2	0.16666666666666666	0.5	0.3333333333333333	0.0	0.0	0.375	0.0	0.4	0.2222222222222222	0.0	0.0	0.0	0.0	0.0	0.0	0.0	0.0	0.0	0.0	0.0	0.0	0.0	0.0	0.0	0.0	0.0	0.0	0.0	0.0	0.0	0.0	0.0	0.0	0.0	0.0	0.0	0.0	0.3333333333333333	0.0	0.0015	0.14285714285714285	0.8333333333333334	0.4	0.5	0.625	0.7142857142857143	
Eastern Bluebird	0.0	0.4	0.0	0.0015	0.0	0.0	0.0	0.0	0.16666666666666666	0.3	0.2222222222222222	0.0	0.0	0.0	0.0	0.0	0.0	0.0	0.0	0.0	0.0	0.0	0.0	0.0	0.0	0.0	0.0	0.0	0.0	0.0	0.0	0.0	0.0	0.0	0.0	0.0	0.0	0.0	0.0	0.0	0.0	0.0	0.0	0.0	0.0	0.0	0.0	0.0	
Varied Thrush	0.0	0.0	0.0	0.0	0.0	0.0	0.0	0.0	0.0	0.0	0.0	0.0	0.0	0.0	0.0	0.0	0.0	0.0	0.0	0.0	0.0	0.0	0.0	0.0	0.0	0.0	0.0	0.0	0.0	0.0	0.0	0.0	0.0	0.0	0.0	0.0	0.0	0.0	0.0	0.0	0.3333333333333333	0.5	0.0	0.0	0.0	0.0	0.0	0.0	
Hermit Thrush	0.0	0.0	0.0	0.0	0.0	0.0	0.0	0.0	0.0	0.0	0.0	0.0	0.0	0.0	0.0	0.0	0.0	0.0	0.0	0.0	0.0	0.0	0.0	0.0	0.0	0.0	0.0	0.0	0.0	0.0	0.0	0.0	0.0	0.0	0.0	0.0	0.0	0.0	0.0	0.0	0.0	0.0	0.0	0.0	0.0	0.0	0.0	0.14285714285714285	
Clay-colored Thrush	0.0	0.2	0.0	0.0015	0.16666666666666666	0.0	0.0	0.0	0.5	0.2	0.2222222222222222	0.14285714285714285	0.0	0.16666666666666666	0.5	0.2	0.0	0.3333333333333333	0.5	0.6666666666666666	1.0	0.0	0.0	0.0	0.0	0.0	0.0	0.0	0.0	0.0	0.0	0.0	0.0	0.0	0.0	0.0	1.0	0.0	0.0	0.0	0.0	0.0	0.14285714285714285	0.16666666666666666	0.2	0.0	0.125	0.0	
American Robin	0.0	0.0	0.0	0.0	0.16666666666666666	0.0	0.0	0.0	0.0	0.0	0.0	0.0	0.0	0.0	0.0	0.0	0.0	0.0	0.0	0.0	0.0	0.0	0.0	0.0	0.0	0.0	0.0	0.0	0.0	0.0	0.0	0.0	0.0	0.0	0.0	0.0	0.0	0.0	0.0	0.0	0.0	0.0	0.0	0.0	0.0	0.0	0.0	0.0	
Gray Catbird	0.0	0.0	0.0	0.0	0.0	0.0	0.0	0.0	0.0	0.0	0.0	0.0	0.0	0.0	0.0	0.0	0.0	0.0	0.0	0.0	0.0	0.0	0.0	0.0	0.0	0.0	0.0	0.0	0.0	0.0	0.0	0.0	0.0	0.0	0.0	0.0	0.0	0.0	0.0	0.3333333333333333	0.0	0.25	0.0	0.0	0.2	0.0	0.0	0.0	
Curve-billed Thrasher	0.0	0.0	0.0	0.16666666666666666	0.16666666666666666	0.0	0.16666666666666666	0.0	0.0	0.0	0.0	0.0	0.0	0.0	0.0	0.0	0.0	0.0	0.0	0.0	0.0	0.0	0.0	0.0	0.0	0.0	0.0	0.0	0.0	0.0	0.0	0.0	0.5	0.0	0.0	0.0	0.0	0.0	0.0	0.0	0.0	0.0	0.0	0.0	0.0	0.0	0.0	0.0	
Long-billed Thrasher	0.0	0.2	0.16666666666666666	0.25	0.6666666666666666	0.2	0.5	0.5	0.5	0.6	0.6666666666666666	0.5	1.0	0.6666666666666666	1.0	0.2	1.0	1.0	1.0	0.6666666666666666	1.0	0.0	0.0	0.6666666666666666	0.0	0.0	1.0	0.3333333333333333	0.0	0.3333333333333333	0.0	0.0	0.0	1.0	0.0	0.5	0.0	1.0	1.0	1.0	0.3333333333333333	0.25	0.14285714285714285	0.6666666666666666	0.2	0.5	0.375	0.5714285714285714	
Toxostoma sp.	0.0	0.0	0.0	0.08333333333333333	0.0	0.0	0.0	0.125	0.0	0.0	0.0	0.0	0.0	0.0	0.0	0.0	0.0	0.0	0.0	0.0	0.0	0.0	0.0	0.0	0.0	0.0	0.0	0.0	0.0	0.0	0.0	0.0	0.0	0.0	0.0	0.0	0.0	0.0	0.0	0.0	0.0	0.0	0.0	0.0	0.0	0.0	0.0	0.0	
Northern Mockingbird	0.0	0.2	0.0	0.16666666666666666	0.16666666666666666	0.0	0.16666666666666666	0.25	0.3333333333333333	0.5	0.3333333333333333	0.35714285714285715	0.25	0.3333333333333333	1.0	0.6	1.0	1.0	0.75	1.0	1.0	1.0	0.0	1.0	1.0	1.0	1.0	0.3333333333333333	0.0	0.3333333333333333	0.0	0.16666666666666666	1.0	0.0	1.0	0.0	0.0	1.0	1.0	0.0	0.0	0.5	0.2857142857142857	0.8333333333333334	0.2	0.5	0.125	0.42857142857142855	
European Starling	0.0	0.0	0.0	0.0015	0.0	0.0	0.0	0.0	0.0	0.0	0.0	0.0	0.0	0.0	0.0	0.2	0.0	0.0	0.0	0.0	0.0	0.0	0.0	0.0	0.0	0.0	0.0	0.0	0.0	0.0	0.0	0.0	0.0	0.0	0.0	0.0	0.0	0.0	0.0	0.0	0.0	0.0	0.0	0.0	0.0	0.0	0.0	0.0	
American Pipit	0.14285714285714285	0.0	0.16666666666666666	0.0	0.16666666666666666	0.0	0.3333333333333333	0.0	0.0	0.0	0.0	0.0	0.0	0.0	0.0	0.0	0.0	0.0	0.0	0.0	0.0	0.0	0.0	0.0	0.0	0.0	0.0	0.0	0.0	0.0	0.0	0.0	0.0	0.0	0.0	0.0	0.0	0.0	0.0	0.0	0.0	0.25	0.0	0.16666666666666666	0.0	0.0	0.0	0.2857142857142857	
Cedar Waxwing	0.0	0.0	0.0	0.0	0.16666666666666666	0.0	0.0	0.0	0.0	0.0	0.0	0.0	0.0	0.0	0.0	0.2	0.0	0.0	0.0	0.0	0.0	0.0	0.0	0.0	0.0	0.0	0.0	0.0	0.0	0.0	0.0	0.0	0.0	0.0	0.0	0.0	0.0	0.0	0.0	0.0	0.0	0.0	0.0	0.0	0.0	0.0	0.125	0.0	
Lesser Goldfinch	0.0	0.4	0.16666666666666666	0.0	0.0015	0.0	0.0	0.0	0.0	0.2	0.2222222222222222	0.0	0.25	0.0	0.0	0.0	0.0	0.0	0.25	0.0	0.0	0.0	0.0	0.0	0.0	0.0	1.0	0.6666666666666666	0.0	0.0	1.0	0.3333333333333333	0.0	0.0	0.0	0.0	1.0	0.0	1.0	0.6666666666666666	0.0	0.0	0.14285714285714285	0.3333333333333333	0.4	0.0	0.375	0.42857142857142855	
American Goldfinch	0.0	0.0	0.0	0.16666666666666666	0.0	0.0	0.0	0.0	0.0	0.0	0.1111111111111111	0.07142857142857142	0.0	0.16666666666666666	0.0	0.0	0.0	0.0	0.0	0.0	0.0	0.0	0.0	0.0	0.0	0.0	0.0	0.0	0.0	0.0	0.0	0.0	0.0	0.0	0.0	0.0	0.0	0.0	0.0	0.0	0.0	0.0	0.0	0.5	0.2	0.5	0.375	0.2857142857142857	
Grasshopper Sparrow	0.0	0.4	0.0	0.16666666666666666	0.0	0.0	0.0	0.0	0.0	0.0	0.0	0.0	0.25	0.0	0.0	0.0	0.0	0.0	0.0	0.0	0.0	0.0	0.0	0.0	0.0	0.0	0.0	0.0	0.0	0.0	0.0	0.0	0.0	0.0	0.0	0.0	0.0	0.0	0.0	0.0	0.0	0.0	0.0	0.0	0.0	0.0	0.125	0.0	
Olive Sparrow	0.14285714285714285	0.2	0.3333333333333333	0.25	0.3333333333333333	0.2	0.16666666666666666	0.5	0.3333333333333333	0.5	0.6666666666666666	0.5	1.0	0.5	0.75	0.4	1.0	1.0	0.75	1.0	1.0	1.0	0.0	1.0	1.0	1.0	1.0	0.6666666666666666	0.0	0.6666666666666666	1.0	0.5	0.0	1.0	1.0	0.5	1.0	1.0	0.0	0.3333333333333333	0.0	0.0	0.0	0.5	0.2	0.0	0.375	0.42857142857142855	
Chipping Sparrow	0.0	0.0	0.0	0.0	0.0	0.0	0.0	0.0	0.0	0.0	0.0	0.0	0.0	0.0	0.0	0.0	0.0	0.3333333333333333	0.0	0.0	0.0	0.0	0.0	0.0	0.0	0.0	0.0	0.0	0.0	0.0	0.0	0.0	0.0	0.0	0.0	0.0	0.0	0.0	0.0	0.0	0.0	0.0	0.0	0.0	0.0	0.0	0.0	0.0	
Spizella sp.	0.0	0.0	0.0	0.0	0.0	0.0	0.0	0.0	0.0	0.0	0.0	0.0	0.0	0.0	0.0	0.0	0.0	0.0	0.0	0.0	0.0	0.0	0.0	0.0	0.0	0.0	0.0	0.0	0.0	0.0	0.0	0.0	0.0	0.0	0.0	0.0	0.0	0.0	1.0	0.0	0.0	0.0	0.0	0.0	0.0	0.0	0.0	0.0	
Lark Sparrow	0.0	0.0	0.0	0.0	0.0	0.0	0.16666666666666666	0.0	0.0	0.0	0.0	0.0	0.25	0.16666666666666666	0.0	0.2	0.0	0.3333333333333333	0.25	0.0	0.0	0.0	0.0	0.0	0.0	0.0	0.0	0.0	0.0	0.0	0.0	0.0	0.0	0.0	0.0	0.0	0.0	0.0	0.0	0.0	0.0	0.0	0.0	0.16666666666666666	0.0	0.0	0.0	0.0	
White-crowned Sparrow	0.0	0.0	0.0	0.0	0.0	0.2	0.0	0.0	0.0	0.0	0.0	0.0	0.0	0.0	0.0	0.0	0.0	0.0	0.0	0.0	0.0	0.0	0.0	0.0	0.0	0.0	0.0	0.0	0.0	0.0	0.0	0.0	0.0	0.0	0.0	0.0	0.0	0.0	0.0	0.0	0.0	0.0	0.0	0.0	0.0	0.0	0.0	0.0	
Savannah Sparrow	0.42857142857142855	0.6	0.16666666666666666	0.5833333333333334	0.3333333333333333	0.0	0.16666666666666666	0.25	0.5	0.3	0.1111111111111111	0.07142857142857142	0.0	0.0	0.0	0.0	0.0	0.0	0.0	0.0	0.0	0.0	0.0	0.0	0.0	0.0	0.0	0.0	0.0	0.0	0.0	0.0	0.0	0.0	0.0	0.0	0.0	0.0	0.0	0.0	0.0	0.0	0.0	0.0	0.2	0.5	0.375	0.7142857142857143	
Lincoln's Sparrow	0.5714285714285714	0.8	0.3333333333333333	0.5833333333333334	0.6666666666666666	0.0	0.3333333333333333	0.375	0.3333333333333333	0.8	0.4444444444444444	0.14285714285714285	0.0	0.16666666666666666	0.25	0.0	0.0	0.0	0.0	0.0	0.0	0.0	0.0	0.0	0.0	0.0	0.0	0.0	0.0	0.0	0.0	0.0	0.0	0.0	0.0	0.0	0.0	0.0	1.0	0.3333333333333333	0.3333333333333333	0.0	0.0	0.3333333333333333	0.6	0.5	0.625	0.7142857142857143	
Swamp Sparrow	0.0	0.0	0.0	0.0	0.0	0.0	0.0	0.0	0.0	0.0	0.0	0.0	0.0	0.0	0.0	0.0	0.0	0.0	0.0	0.0	0.0	0.0	0.0	0.0	0.0	0.0	0.0	0.0	0.0	0.0	0.0	0.0	0.0	0.0	0.0	0.0	0.0	0.0	0.0	0.0	0.0	0.0	0.0	0.0	0.0	0.0	0.125	0.0	
sparrow sp.	0.0	0.0	0.0	0.08333333333333333	0.16666666666666666	0.0	0.0	0.0	0.0	0.0	0.0	0.0	0.0	0.0	0.0	0.0	0.0	0.0	0.0	0.0	0.0	0.0	0.0	0.0	0.0	0.0	0.0	0.0	0.0	0.0	0.0	0.0	0.0	0.0	0.0	0.0	0.0	1.0	1.0	0.0	0.0	0.0	0.0	0.0	0.0	0.0	0.0	0.0	
Yellow-breasted Chat	0.0	0.0	0.0	0.0	0.0	0.0	0.0	0.0	0.0	0.0	0.0	0.0	0.0	0.0	0.25	0.0	0.0	0.0	0.0	0.0	0.0	0.0	0.0	0.0	0.0	0.0	0.0	0.0	0.0	0.0	0.0	0.0	0.0	0.0	0.0	0.0	0.0	0.0	0.0	0.0	0.0	0.0	0.0	0.0	0.0	0.0	0.0	0.0	
Western Meadowlark	0.0	0.0	0.16666666666666666	0.0	0.0	0.0	0.0	0.0	0.0	0.0	0.1111111111111111	0.07142857142857142	0.0	0.0	0.0	0.0	0.0	0.0	0.0	0.0	0.0	0.0	0.0	0.0	0.0	0.0	0.0	0.0	0.0	0.0	0.0	0.0	0.0	0.0	0.0	0.0	0.0	0.0	0.0	0.0	0.0	0.0	0.0	0.0	0.0	0.0	0.0	0.0	
Orchard Oriole	0.0	0.0	0.0	0.0	0.0	0.0	0.0	0.0	0.0	0.0	0.0	0.0	0.0	0.0	0.0	0.0	0.0	0.0	0.0	0.0	0.0	0.0	0.0	0.0	1.0	0.0	0.0	0.0	0.0	0.0	0.0	0.16666666666666666	0.0	1.0	0.0	0.0	0.0	0.0	0.0	0.0	0.0	0.0	0.0	0.0	0.0	0.0	0.0	0.0	
Hooded Oriole	0.0	0.0	0.0	0.0	0.0	0.0	0.0	0.0	0.0	0.0	0.1111111111111111	0.07142857142857142	0.0	0.0	0.0	0.0	0.0	0.0	0.25	0.0	0.0	1.0	0.0	0.0	0.0	0.0	0.0	0.3333333333333333	0.0	0.0	0.0	0.0	0.0	0.0	0.0	0.0	0.0	0.0	0.0	0.0	0.0	0.0	0.0	0.0	0.0	0.0	0.0	0.0	
Altamira Oriole	0.14285714285714285	0.6	0.16666666666666666	0.5833333333333334	0.16666666666666666	0.2	0.6666666666666666	0.375	0.6666666666666666	0.6	0.5555555555555556	0.42857142857142855	0.75	0.16666666666666666	1.0	0.4	0.0	1.0	0.75	0.6666666666666666	1.0	1.0	0.0	0.3333333333333333	1.0	1.0	1.0	0.3333333333333333	0.0	0.0	1.0	0.5	0.0	1.0	0.0015	0.5	1.0	0.0	1.0	0.6666666666666666	0.3333333333333333	0.25	0.14285714285714285	0.16666666666666666	0.6	0.5	0.375	0.14285714285714285	
Audubon's Oriole	0.0	0.2	0.0	0.0	0.0	0.0	0.0	0.0	0.16666666666666666	0.1	0.2222222222222222	0.0	0.0	0.0	0.0	0.0	0.0	0.0	0.0	0.0	0.0	0.0	0.0	0.0	0.0	0.0	0.0	0.0	0.0	0.0	0.0	0.0	0.0	0.0	0.0	0.0	0.0	0.0	0.0	0.0	0.3333333333333333	0.0	0.0	0.16666666666666666	0.0	0.0	0.0	0.0	
Baltimore Oriole	0.0	0.0	0.0	0.0	0.0	0.0	0.0	0.0	0.0	0.0	0.0	0.0	0.0	0.0	0.0	0.2	0.0	0.0	0.0	0.0	0.0	0.0	0.0	0.0	0.0	0.0	0.0	0.0	0.0	0.0	0.0	0.0	0.0	1.0	0.0	0.0	0.0	0.0	0.0	0.0	0.0	0.0	0.0	0.0	0.0	0.0	0.0	0.0	
Red-winged Blackbird	0.2857142857142857	0.8	0.16666666666666666	0.5	0.3333333333333333	0.0	0.5	0.5	0.3333333333333333	0.5	0.4444444444444444	0.5	0.75	1.0	0.75	0.2	1.0	0.3333333333333333	0.75	0.6666666666666666	1.0	1.0	0.0	0.0	1.0	1.0	1.0	0.3333333333333333	0.0	0.3333333333333333	1.0	0.6666666666666666	1.0	0.0	1.0	0.5	1.0	1.0	1.0	0.6666666666666666	0.0	0.25	0.0	0.3333333333333333	0.4	0.5	0.625	0.5714285714285714	
Bronzed Cowbird	0.0	0.0	0.0	0.0	0.0	0.0	0.0	0.0	0.0	0.0	0.0	0.07142857142857142	0.25	0.0	0.75	1.0	0.0	1.0	1.0	1.0	1.0	1.0	0.0	1.0	1.0	1.0	0.0	0.3333333333333333	0.0	0.0	0.0	0.0	0.0	0.0	0.0	0.0	0.0	0.0	0.0	0.0	0.0	0.0	0.0	0.0	0.0	0.0	0.0	0.0	
Brown-headed Cowbird	0.0	0.0	0.0	0.0	0.0	0.0	0.0	0.0	0.0	0.1	0.0	0.21428571428571427	0.25	0.6666666666666666	0.75	0.6	0.0	0.6666666666666666	0.5	0.3333333333333333	1.0	0.0	0.0	0.6666666666666666	1.0	0.0	0.0	0.0	0.0	0.0	0.0	0.0	0.5	0.0	0.0	0.0	0.0	0.0	0.0	0.0	0.0	0.0	0.0	0.0	0.0	0.0	0.0	0.0	
Bronzed/Brown-headed Cowbird	0.0	0.0	0.0	0.0	0.0	0.0	0.0	0.0	0.0	0.0	0.0	0.0	0.0	0.0	0.25	0.0	0.0	0.3333333333333333	0.0	0.0	0.0	0.0	0.0	0.0	0.0	0.0	0.0	0.0	0.0	0.0	0.0	0.0	0.0	0.0	0.0	0.0	0.0	0.0	0.0	0.0	0.0	0.0	0.0	0.0	0.0	0.0	0.0	0.0	
Great-tailed Grackle	0.0	0.4	0.3333333333333333	0.3333333333333333	0.5	0.2	0.5	0.5	0.6666666666666666	0.6	0.3333333333333333	0.35714285714285715	1.0	0.6666666666666666	1.0	0.8	1.0	1.0	0.75	1.0	1.0	1.0	0.0	1.0	1.0	1.0	1.0	0.6666666666666666	0.0	0.3333333333333333	0.0	0.5	1.0	0.0	0.0	0.25	1.0	1.0	1.0	0.3333333333333333	0.3333333333333333	1.0	0.14285714285714285	0.6666666666666666	0.2	0.5	0.375	0.2857142857142857	
blackbird sp.	0.0	0.0	0.0	0.0	0.0	0.0	0.0	0.0	0.0	0.0	0.0	0.0	0.0	0.0	0.0	0.0	0.0	0.0	0.0	0.0	0.0	0.0	0.0	0.0	0.0	0.0	0.0	0.3333333333333333	0.0	0.0	0.0	0.0	0.0	0.0	0.0	0.0	0.0	0.0	0.0	0.0	0.0	0.0	0.0	0.0	0.0	0.0	0.0	0.0	
Louisiana Waterthrush	0.0	0.0	0.0	0.0	0.0	0.0	0.0	0.0	0.0	0.0	0.0015	0.0	0.0	0.0	0.0	0.0	0.0	0.0	0.0	0.0	0.0	0.0	0.0	0.0	0.0	0.0	0.0	0.0	0.0	0.0	0.0	0.0	0.0	0.0	0.0	0.0	0.0	0.0	0.0	0.0	0.0	0.0	0.0	0.0	0.0	0.0	0.0	0.0	
Black-and-white Warbler	0.0	0.0	0.16666666666666666	0.3333333333333333	0.0	0.0	0.0	0.0	0.0	0.0	0.0	0.0	0.0	0.0	0.0	0.0	0.0	0.0	0.0	0.0	0.0	0.0	0.0	0.0	0.0	0.0	0.0	0.0	0.0	0.0	0.0	0.0	0.0	0.0	0.0	0.0	0.0	0.0	0.0	0.0	0.0	0.25	0.14285714285714285	0.0	0.0	0.0	0.125	0.0	
Tennessee Warbler	0.0	0.0	0.0	0.0	0.0	0.0	0.0	0.0	0.0	0.0	0.0	0.0	0.0	0.0	0.0	0.2	0.0	0.0	0.0	0.0	0.0	0.0	0.0	0.0	0.0	0.0	0.0	0.0	0.0	0.0	0.0	0.0	0.0	0.0	0.0	0.0	0.0	0.0	0.0	0.0	0.0	0.0	0.0	0.0	0.0	0.0	0.0	0.0	
Orange-crowned Warbler	0.2857142857142857	0.6	0.5	0.75	0.5	0.0	0.6666666666666666	0.625	0.3333333333333333	0.6	0.4444444444444444	0.21428571428571427	0.0	0.0	0.0	0.0	0.0	0.0	0.0	0.0	0.0	0.0	0.0	0.0	0.0	0.0	0.0	0.0	0.0	0.0	0.0	0.0	0.0	0.0	0.0	0.0	0.0	0.0	0.0	0.3333333333333333	0.0	0.25	0.2857142857142857	0.6666666666666666	0.2	0.5	0.75	0.7142857142857143	
Nashville Warbler	0.0	0.0	0.16666666666666666	0.08333333333333333	0.16666666666666666	0.0	0.3333333333333333	0.0	0.0	0.0	0.0	0.07142857142857142	0.0	0.3333333333333333	0.0	0.0	0.0	0.0	0.0	0.0	0.0	0.0	0.0	0.0	0.0	0.0	0.0	0.0	0.0	0.0	0.0	0.0	0.0	0.0	0.0	0.0	0.0	0.0	1.0	0.3333333333333333	0.0	0.0	0.14285714285714285	0.0	0.0	0.0	0.25	0.0	
Common Yellowthroat	0.2857142857142857	0.4	0.16666666666666666	0.16666666666666666	0.3333333333333333	0.2	0.16666666666666666	0.625	0.16666666666666666	0.2	0.3333333333333333	0.14285714285714285	0.5	0.5	0.75	0.2	0.0	0.3333333333333333	0.5	0.3333333333333333	0.0	0.0	0.0	0.0	0.0	0.0	0.0	0.3333333333333333	0.0	0.0	0.0	0.0	0.0	1.0	0.0	0.25	1.0	0.0	0.0	0.6666666666666666	0.3333333333333333	0.25	0.14285714285714285	0.6666666666666666	0.2	0.5	0.5	0.42857142857142855	
Northern Parula	0.0	0.0	0.0	0.0	0.0	0.0	0.0	0.0	0.0	0.0	0.1111111111111111	0.0	0.0	0.0	0.0	0.0	0.0	0.0	0.0	0.0	0.0	0.0	0.0	0.0	0.0	0.0	0.0	0.0	0.0	0.0	0.0	0.0	0.0	0.0	0.0	0.0	0.0	0.0	0.0	0.0	0.0	0.0	0.0	0.0	0.0	0.0	0.0	0.0	
Yellow Warbler	0.0	0.0	0.0	0.0	0.0	0.0	0.0	0.0	0.0	0.0	0.0	0.0	0.0	0.0	0.0	0.0	0.0	0.3333333333333333	0.25	0.0	0.0	0.0	0.0	0.0	0.0	0.0	0.0	0.0	0.0	0.0	1.0	0.6666666666666666	0.0	1.0	1.0	0.5	0.0	0.0	0.0	0.0	0.0	0.0	0.0	0.0	0.0	0.0	0.0	0.0	
Pine Warbler	0.0	0.0	0.0	0.08333333333333333	0.0	0.0	0.0	0.0	0.0	0.0	0.0	0.0	0.0	0.0	0.0	0.0	0.0	0.0	0.0	0.0	0.0	0.0	0.0	0.0	0.0	0.0	0.0	0.0	0.0	0.0	0.0	0.0	0.0	0.0	0.0	0.0	0.0	0.0	0.0	0.0	0.0	0.0	0.0	0.0	0.0	0.0	0.0	0.0	
Yellow-rumped Warbler	0.0	0.6	0.16666666666666666	0.16666666666666666	0.3333333333333333	0.0	0.5	0.125	0.3333333333333333	0.1	0.0	0.0	0.0	0.0	0.0	0.0	0.0	0.0	0.0	0.0	0.0	0.0	0.0	0.0	0.0	0.0	0.0	0.0	0.0	0.0	0.0	0.0	0.0	0.0	0.0	0.0	0.0	0.0	0.0	0.0	0.0	0.0	0.0	0.16666666666666666	0.2	0.0	0.375	0.2857142857142857	
Black-throated Gray Warbler	0.0	0.0	0.0	0.0	0.0	0.0	0.0	0.0	0.0	0.0	0.1111111111111111	0.0	0.0	0.0	0.0	0.0	0.0	0.0	0.0	0.0	0.0	0.0	0.0	0.0	0.0	0.0	0.0	0.0	0.0	0.0	0.0	0.0	0.0	0.0	0.0	0.0	0.0	0.0	0.0	0.0	0.0	0.0	0.0	0.0	0.0	0.0	0.0	0.0	
Black-throated Green Warbler	0.0	0.0	0.0	0.16666666666666666	0.0	0.0	0.16666666666666666	0.0	0.0	0.0	0.0	0.0	0.0	0.0	0.0	0.0	0.0	0.0	0.0	0.0	0.0	0.0	0.0	0.0	0.0	0.0	0.0	0.0	0.0	0.0	0.0	0.0	0.0	1.0	0.0	0.0	0.0	0.0	0.0	0.0	0.0	0.0	0.0	0.0	0.0	0.0	0.125	0.0	
Wilson's Warbler	0.0	0.0	0.16666666666666666	0.08333333333333333	0.0	0.0	0.0	0.0	0.0	0.1	0.0	0.0	0.0	0.0	0.0	0.0	0.0	0.0	0.0	0.0	0.0	0.0	0.0	0.0	0.0	0.0	0.0	0.0	0.0	0.0	0.0	0.0	0.0	1.0	0.0	0.0	0.0	0.0	0.0	0.0	0.0	0.25	0.14285714285714285	0.0	0.0	0.0	0.125	0.0	
warbler sp. (Parulidae sp.)	0.0	0.0	0.0	0.0	0.0	0.0	0.0	0.0	0.0	0.0	0.0	0.0	0.25	0.0	0.0	0.0	0.0	0.0	0.0	0.0	0.0	0.0	0.0	0.0	0.0	0.0	0.0	0.0	0.0	0.0	0.0	0.0	0.0	0.0	0.0	0.0	0.0	1.0	1.0	0.3333333333333333	0.0	0.0	0.0	0.0	0.0	0.0	0.0	0.0	
Summer Tanager	0.0	0.0	0.0	0.0	0.0	0.0	0.0	0.0	0.0	0.0	0.0	0.0	0.0	0.0	0.0	0.0	0.0	0.0	0.0	0.0	0.0	0.0	0.0	0.0	0.0	0.0	0.0	0.0	0.0	0.0	0.0	0.0	0.0	0.0	0.0	0.25	0.0	0.0	0.0	0.0	0.0	0.0	0.0	0.0	0.0	0.0	0.0	0.0	
Northern Cardinal	0.14285714285714285	0.4	0.3333333333333333	0.5833333333333334	0.6666666666666666	0.4	0.6666666666666666	1.0	0.5	0.5	0.7777777777777778	0.7142857142857143	0.75	0.8333333333333334	1.0	0.6	1.0	1.0	1.0	1.0	1.0	0.0	0.0	1.0	1.0	1.0	1.0	1.0	0.0	0.6666666666666666	1.0	0.3333333333333333	0.0	1.0	1.0	0.5	0.0	1.0	1.0	0.6666666666666666	0.3333333333333333	0.25	0.2857142857142857	0.6666666666666666	0.6	1.0	0.5	0.8571428571428571	
Blue Grosbeak	0.0	0.0	0.0	0.0	0.0	0.0	0.0	0.0	0.0	0.0	0.0	0.0	0.0	0.3333333333333333	0.5	0.4	0.0	1.0	0.75	0.6666666666666666	1.0	1.0	0.0	1.0	1.0	1.0	1.0	0.3333333333333333	0.0	0.3333333333333333	0.0	0.16666666666666666	0.0	1.0	0.0015	0.25	1.0	0.0	0.0	0.0	0.0	0.0	0.0	0.0	0.0	0.0	0.0	0.0	
Lazuli Bunting	0.0	0.0	0.0	0.0	0.0	0.0	0.0	0.0	0.16666666666666666	0.0	0.0	0.0	0.0	0.0	0.0	0.0	0.0	0.0	0.0	0.0	0.0	0.0	0.0	0.0	0.0	0.0	0.0	0.0	0.0	0.0	0.0	0.0	0.0	0.0	0.0	0.0	0.0	0.0	0.0	0.0	0.0	0.0	0.0	0.0	0.0	0.0	0.0	0.0	
Indigo Bunting	0.0	0.2	0.0	0.08333333333333333	0.0	0.0	0.0	0.0	0.16666666666666666	0.1	0.1111111111111111	0.0	0.0	0.0	0.25	0.0	0.0	0.3333333333333333	0.0	0.0	0.0	0.0	0.0	0.0	0.0	0.0	0.0	0.0	0.0	0.0	0.0	0.16666666666666666	0.0	1.0	0.0	0.0	0.0	1.0	1.0	0.3333333333333333	0.0	0.0	0.0	0.16666666666666666	0.0	0.0	0.25	0.0	
Lazuli/Indigo Bunting	0.0	0.0	0.0	0.0	0.0	0.0	0.0	0.125	0.0	0.0	0.0	0.0	0.0	0.0	0.0	0.0	0.0	0.0	0.0	0.0	0.0	0.0	0.0	0.0	0.0	0.0	0.0	0.0	0.0	0.0	0.0	0.0	0.0	0.0	0.0	0.0	0.0	0.0	0.0	0.0	0.0	0.0	0.0	0.0	0.0	0.0	0.0	0.0	
Painted Bunting	0.0	0.0	0.0	0.0	0.16666666666666666	0.0	0.0	0.0	0.0	0.0	0.0	0.0	0.0	0.0	0.0	0.4	0.0	0.3333333333333333	0.25	0.3333333333333333	0.0	0.0	0.0	0.0	1.0	0.0	0.0	0.0	0.0	0.0	0.0	0.5	0.0	0.0	0.0	0.0	0.0	0.0	0.0	0.0	0.0	0.0	0.0	0.0	0.0	0.0	0.0	0.0	
Dickcissel	0.0	0.0	0.0	0.0	0.0	0.0	0.0	0.0	0.0	0.0	0.0	0.0	0.0	0.0	0.5	0.4	1.0	0.3333333333333333	0.0	0.0	0.0	1.0	0.0	0.0	1.0	0.0	1.0	0.3333333333333333	0.0	0.3333333333333333	1.0	0.3333333333333333	0.0	1.0	1.0	0.5	0.0	1.0	1.0	0.6666666666666666	0.0	0.0	0.0	0.0	0.0	0.0	0.0	0.0	
House Sparrow	0.0	0.2	0.16666666666666666	0.16666666666666666	0.16666666666666666	0.0	0.3333333333333333	0.0	0.0	0.1	0.1111111111111111	0.0	0.0	0.0	0.25	0.0	0.0	0.0	0.5	0.0	0.0	0.0	0.0	0.0	0.0	0.0	0.0	0.0	0.0	0.0	0.0	0.0	0.0	0.0	0.0	0.0	0.0	0.0	0.0	0.0	0.0	0.5	0.0	0.0	0.0	0.0	0.125	0.0	
passerine sp.	0.0	0.0	0.0	0.0	0.0	0.0	0.0	0.0	0.0	0.0	0.0	0.0	0.25	0.0	0.0	0.2	0.0	0.0	0.0	0.0	0.0	0.0	0.0	0.0	0.0	0.0	0.0	0.0	0.0	0.0	0.0	0.0	0.0	0.0	0.0	0.0	0.0	0.0	0.0	0.0	0.0	0.0	0.0	0.0	0.0	0.0	0.0	0.0	

