









Frequency of observations in the selected location(s).:
Number of taxa: 	237

	Jan				Feb				Mar				Apr				May				Jun				Jul				Aug				Sep				Oct				Nov				Dec				
Sample Size:	15.0	9.0	8.0	9.0	6.0	8.0	3.0	6.0	7.0	5.0	5.0	24.0	14.0	15.0	17.0	40.0	15.0	2.0	7.0	7.0	8.0	3.0	2.0	3.0	0.0	3.0	1.0	7.0	5.0	5.0	6.0	15.0	7.0	3.0	9.0	8.0	10.0	10.0	12.0	12.0	4.0	3.0	5.0	10.0	0.0	4.0	7.0	6.0	

Black-bellied Whistling-Duck	0.0	0.0	0.0	0.0	0.0	0.0	0.0	0.0	0.14285714285714285	0.2	0.2	0.16666666666666666	0.0	0.2	0.23529411764705882	0.35	0.2	0.5	0.2857142857142857	0.2857142857142857	0.375	0.3333333333333333	0.0	0.0	0.0	0.3333333333333333	0.0	0.5714285714285714	0.2	0.0	0.0	0.0	0.0	0.3333333333333333	0.1111111111111111	0.0	0.3	0.0	0.08333333333333333	0.0	0.0	0.0	0.0	0.0	0.0	0.0	0.0	0.0	
Fulvous Whistling-Duck	0.0	0.0	0.0	0.0	0.0	0.0	0.0	0.0	0.0	0.0	0.0	0.041666666666666664	0.07142857142857142	0.06666666666666667	0.17647058823529413	0.15	0.2	0.5	0.14285714285714285	0.14285714285714285	0.625	0.0	0.0	0.0	0.0	0.0	0.0	0.14285714285714285	0.0	0.0	0.0	0.0	0.0	0.0	0.0	0.0	0.1	0.0	0.0	0.0	0.0	0.0	0.0	0.0	0.0	0.0	0.0	0.0	
Snow Goose	0.0	0.0	0.0	0.0	0.0	0.0	0.0	0.0	0.0	0.0	0.0	0.0	0.0	0.0	0.0	0.0	0.0	0.0	0.0	0.0	0.0	0.0	0.0	0.0	0.0	0.0	0.0	0.0	0.0	0.0	0.0	0.0	0.0	0.0	0.0	0.0	0.0	0.0	0.0	0.0	0.0	0.0	0.0	0.1	0.0	0.0	0.0	0.0	
Greater White-fronted Goose	0.0	0.0	0.0	0.0	0.0	0.0	0.0	0.0	0.0	0.0	0.0	0.0	0.0	0.0	0.0	0.0	0.0	0.0	0.0	0.0	0.0	0.0	0.0	0.0	0.0	0.0	0.0	0.0	0.0	0.0	0.0	0.0	0.0	0.0	0.0	0.0	0.1	0.0	0.0	0.08333333333333333	0.0	0.0	0.0	0.0	0.0	0.0	0.0	0.0	
Blue-winged Teal	0.0	0.2222222222222222	0.0	0.0	0.16666666666666666	0.125	0.0	0.0	0.7142857142857143	0.2	0.2	0.375	0.5	0.4666666666666667	0.47058823529411764	0.5	0.13333333333333333	1.0	0.5714285714285714	0.2857142857142857	0.25	0.0	0.0	0.0	0.0	0.0	0.0	0.0	0.0	0.0	0.0	0.06666666666666667	0.14285714285714285	0.3333333333333333	0.3333333333333333	0.25	0.3	0.0	0.4166666666666667	0.08333333333333333	0.0	0.0	0.2	0.1	0.0	0.5	0.14285714285714285	0.0	
Northern Shoveler	0.13333333333333333	0.1111111111111111	0.0	0.1111111111111111	0.16666666666666666	0.0	0.0	0.0	0.14285714285714285	0.0	0.2	0.25	0.2857142857142857	0.26666666666666666	0.17647058823529413	0.25	0.0	0.0	0.0	0.0	0.0	0.0	0.0	0.0	0.0	0.0	0.0	0.0	0.0	0.0	0.0	0.06666666666666667	0.0	0.0	0.0	0.125	0.3	0.0	0.0	0.08333333333333333	0.0	0.0	0.0	0.0	0.0	0.5	0.2857142857142857	0.16666666666666666	
Gadwall	0.4666666666666667	0.1111111111111111	0.0	0.1111111111111111	0.0	0.0	0.0	0.16666666666666666	0.14285714285714285	0.0	0.2	0.08333333333333333	0.14285714285714285	0.0	0.11764705882352941	0.025	0.0	0.0	0.0	0.0	0.0	0.0	0.0	0.0	0.0	0.0	0.0	0.0	0.0	0.0	0.0	0.0	0.0	0.0	0.0	0.0	0.0	0.0	0.0	0.0	0.0	0.0	0.0	0.1	0.0	0.5	0.2857142857142857	0.0015	
American Wigeon	0.06666666666666667	0.0	0.0	0.0	0.0	0.0	0.0	0.0	0.0	0.0	0.0	0.041666666666666664	0.0	0.0	0.11764705882352941	0.0	0.06666666666666667	0.0	0.0	0.0	0.0	0.0	0.0	0.0	0.0	0.0	0.0	0.0	0.0	0.0	0.0	0.0	0.0	0.0	0.0	0.0	0.0	0.0	0.0	0.0	0.0	0.0	0.0	0.1	0.0	0.0	0.14285714285714285	0.16666666666666666	
Mallard	0.0	0.0	0.0	0.0	0.0	0.0	0.0	0.0	0.14285714285714285	0.0	0.0	0.0	0.0	0.0	0.0	0.0	0.0	0.0	0.0	0.0	0.0	0.0	0.0	0.0	0.0	0.0	0.0	0.0	0.0	0.0	0.0	0.0	0.0	0.0	0.0	0.0	0.0	0.0	0.0	0.0	0.0	0.0	0.2	0.0	0.0	0.0	0.0	0.0	
Mottled Duck	0.0	0.0	0.0	0.0	0.0	0.0	0.0	0.16666666666666666	0.0	0.0	0.0	0.041666666666666664	0.21428571428571427	0.06666666666666667	0.058823529411764705	0.225	0.06666666666666667	0.5	0.14285714285714285	0.14285714285714285	0.125	0.0	0.5	0.0	0.0	0.3333333333333333	0.0	0.2857142857142857	0.0	0.0	0.0	0.06666666666666667	0.0	0.6666666666666666	0.1111111111111111	0.0	0.1	0.0	0.08333333333333333	0.16666666666666666	0.0	0.0	0.2	0.1	0.0	0.0	0.0	0.16666666666666666	
Northern Pintail	0.0	0.0	0.0	0.0	0.0	0.0	0.0	0.0	0.0	0.0	0.0	0.0	0.0	0.0	0.0	0.0	0.0	0.0	0.0	0.0	0.0	0.0	0.0	0.0	0.0	0.0	0.0	0.0	0.0	0.0	0.0	0.0	0.0	0.0	0.0	0.0	0.0	0.0	0.0	0.0	0.0	0.0	0.0	0.0	0.0	0.25	0.0	0.0	
Green-winged Teal	0.0	0.1111111111111111	0.0	0.0	0.0	0.125	0.0	0.0	0.0	0.0	0.0	0.0	0.0	0.06666666666666667	0.0	0.0	0.0	0.0	0.0	0.0	0.0	0.0	0.0	0.0	0.0	0.0	0.0	0.0	0.0	0.0	0.0	0.0	0.0	0.0	0.0	0.0	0.0	0.0	0.0	0.08333333333333333	0.0	0.0	0.0	0.0	0.0	0.25	0.14285714285714285	0.0015	
Canvasback	0.0	0.0	0.0	0.0	0.0	0.0	0.0	0.0	0.0	0.0	0.0	0.0	0.0	0.0	0.0	0.0	0.0	0.0	0.0	0.0	0.0	0.0	0.0	0.0	0.0	0.0	0.0	0.0	0.0	0.0	0.0	0.0	0.0	0.0	0.0	0.0	0.0	0.0	0.0	0.0	0.0	0.0	0.0	0.0	0.0	0.25	0.0	0.16666666666666666	
Redhead	0.2	0.2222222222222222	0.0	0.1111111111111111	0.0	0.25	0.0	0.16666666666666666	0.42857142857142855	0.0	0.2	0.25	0.07142857142857142	0.0	0.058823529411764705	0.025	0.2	0.5	0.2857142857142857	0.14285714285714285	0.25	0.0	0.5	0.0	0.0	0.0	0.0	0.0	0.0	0.0	0.0	0.0	0.0	0.0	0.0	0.0	0.0	0.0	0.0	0.0	0.0	0.0	0.2	0.2	0.0	0.5	0.14285714285714285	0.16666666666666666	
Ring-necked Duck	0.06666666666666667	0.1111111111111111	0.125	0.0	0.0	0.125	0.0	0.0	0.14285714285714285	0.0	0.0	0.0	0.0	0.0	0.0	0.0	0.0	0.0	0.0	0.0	0.0	0.0	0.0	0.0	0.0	0.0	0.0	0.0	0.0	0.0	0.0	0.0	0.0	0.0	0.0	0.0	0.0	0.0	0.0	0.0	0.0	0.0	0.0	0.0	0.0	0.5	0.0	0.0	
Greater Scaup	0.0	0.0	0.125	0.1111111111111111	0.0	0.0	0.0	0.0	0.0	0.0	0.0	0.0	0.07142857142857142	0.0	0.0	0.0	0.0	0.0	0.0	0.0	0.0	0.0	0.0	0.0	0.0	0.0	0.0	0.0	0.0	0.0	0.0	0.0	0.0	0.0	0.0	0.0	0.0	0.0	0.0	0.0	0.0	0.0	0.0	0.1	0.0	0.0	0.0	0.0	
Lesser Scaup	0.5333333333333333	0.3333333333333333	0.375	0.2222222222222222	0.16666666666666666	0.25	0.0	0.0	0.7142857142857143	0.0	0.2	0.3333333333333333	0.21428571428571427	0.13333333333333333	0.058823529411764705	0.075	0.0	0.0	0.0	0.0	0.125	0.0	0.0	0.0	0.0	0.0	0.0	0.0	0.0	0.0	0.0	0.0	0.0	0.0	0.0	0.0	0.0	0.0	0.0	0.0	0.0	0.0	0.0	0.3	0.0	0.25	0.14285714285714285	0.3333333333333333	
Greater/Lesser Scaup	0.0	0.0	0.0	0.0	0.0	0.0	0.0	0.0	0.0	0.0	0.0015	0.0	0.0	0.0	0.0	0.0	0.0	0.0	0.0	0.0	0.0	0.0	0.0	0.0	0.0	0.0	0.0	0.0	0.0	0.0	0.0	0.0	0.0	0.0	0.0	0.0	0.0	0.0	0.0	0.0	0.0	0.0	0.0	0.0	0.0	0.0	0.0	0.0	
Surf Scoter	0.0	0.0	0.0	0.0	0.0	0.0	0.0	0.0	0.0	0.0	0.2	0.0	0.0	0.0	0.0	0.0	0.0	0.0	0.0	0.0	0.0	0.0	0.0	0.0	0.0	0.0	0.0	0.0	0.0	0.0	0.0	0.0	0.0	0.0	0.0	0.0	0.0	0.0	0.0	0.0	0.0	0.0	0.0	0.0	0.0	0.0	0.0	0.0	
Bufflehead	0.13333333333333333	0.1111111111111111	0.0	0.0	0.0	0.0	0.0	0.0	0.0	0.0	0.0	0.0	0.0	0.0	0.0	0.0	0.0	0.0	0.0	0.0	0.0	0.0	0.0	0.0	0.0	0.0	0.0	0.0	0.0	0.0	0.0	0.0	0.0	0.0	0.0	0.0	0.0	0.0	0.0	0.0	0.0	0.0	0.0	0.1	0.0	0.0	0.0	0.16666666666666666	
Common Goldeneye	0.06666666666666667	0.0	0.0	0.0	0.0	0.0	0.0	0.0	0.0	0.0	0.0	0.0	0.0	0.0	0.0	0.0	0.0	0.0	0.0	0.0	0.0	0.0	0.0	0.0	0.0	0.0	0.0	0.0	0.0	0.0	0.0	0.0	0.0	0.0	0.0	0.0	0.0	0.0	0.0	0.0	0.0	0.0	0.0	0.0	0.0	0.0	0.0	0.16666666666666666	
Hooded Merganser	0.0	0.0	0.0	0.0	0.0	0.0	0.0	0.0	0.0	0.0	0.0	0.041666666666666664	0.0	0.0	0.0	0.0	0.0	0.0	0.0	0.0	0.0	0.0	0.0	0.0	0.0	0.0	0.0	0.0	0.0	0.0	0.0	0.0	0.0	0.0	0.0	0.0	0.0	0.0	0.0	0.0	0.0	0.0	0.0	0.0	0.0	0.25	0.0	0.0	
Red-breasted Merganser	0.06666666666666667	0.1111111111111111	0.0	0.1111111111111111	0.0	0.0	0.0	0.0	0.14285714285714285	0.2	0.0	0.16666666666666666	0.07142857142857142	0.06666666666666667	0.0	0.025	0.0	0.0	0.14285714285714285	0.0	0.0	0.0	0.0	0.0	0.0	0.0	0.0	0.0	0.0	0.0	0.0	0.0	0.0	0.0	0.0	0.0	0.0	0.0	0.0	0.0	0.0	0.0	0.0	0.1	0.0	0.0	0.0	0.16666666666666666	
Ruddy Duck	0.5333333333333333	0.2222222222222222	0.25	0.1111111111111111	0.16666666666666666	0.125	0.0	0.0	0.42857142857142855	0.0	0.4	0.20833333333333334	0.14285714285714285	0.13333333333333333	0.11764705882352941	0.05	0.13333333333333333	0.5	0.0	0.0	0.0	0.0	0.0	0.0	0.0	0.0	0.0	0.14285714285714285	0.0	0.0	0.0	0.0	0.0	0.0	0.0	0.0	0.0	0.1	0.0	0.0	0.0	0.0	0.0	0.2	0.0	0.5	0.14285714285714285	0.5	
Northern Bobwhite	0.0	0.0	0.0	0.0	0.0	0.0	0.0	0.0	0.0	0.0	0.0	0.0	0.0	0.0	0.0	0.0	0.06666666666666667	0.0	0.14285714285714285	0.14285714285714285	0.0	0.0	0.0	0.3333333333333333	0.0	0.0	0.0	0.0	0.2	0.0	0.0	0.06666666666666667	0.0	0.0	0.1111111111111111	0.0	0.0	0.0	0.0	0.0	0.0	0.0	0.0	0.0	0.0	0.0	0.0	0.0	
Pied-billed Grebe	0.5333333333333333	0.2222222222222222	0.125	0.4444444444444444	0.16666666666666666	0.625	0.0	0.3333333333333333	0.5714285714285714	0.0	0.6	0.3333333333333333	0.2857142857142857	0.26666666666666666	0.29411764705882354	0.25	0.2	0.0	0.14285714285714285	0.14285714285714285	0.0	0.0	0.0	0.0	0.0	0.0	0.0	0.2857142857142857	0.4	0.0	0.0	0.26666666666666666	0.0	0.0	0.3333333333333333	0.25	0.2	0.2	0.3333333333333333	0.4166666666666667	0.25	0.0	0.2	0.6	0.0	0.5	0.42857142857142855	0.5	
Horned Grebe	0.0	0.0	0.0	0.0	0.0	0.0	0.0	0.0	0.0	0.0	0.0	0.0	0.0	0.0	0.0	0.0	0.0	0.0	0.0	0.0	0.0	0.0	0.0	0.0	0.0	0.0	0.0	0.0	0.0	0.0	0.0	0.0	0.0	0.0	0.0	0.0	0.0	0.0	0.0	0.0	0.0	0.0	0.0	0.0	0.0	0.0	0.0	0.16666666666666666	
Eared Grebe	0.4666666666666667	0.1111111111111111	0.0	0.1111111111111111	0.16666666666666666	0.125	0.0	0.0	0.14285714285714285	0.0	0.0	0.16666666666666666	0.2857142857142857	0.06666666666666667	0.0	0.0	0.0	0.0	0.0	0.0	0.0	0.0	0.0	0.0	0.0	0.0	0.0	0.0	0.0	0.0	0.0	0.0	0.0	0.0	0.0	0.0	0.0	0.0	0.0	0.0	0.0	0.0	0.0	0.0	0.0	0.0	0.0	0.0	
Rock Pigeon	0.0	0.1111111111111111	0.0	0.1111111111111111	0.0	0.25	0.0	0.0	0.0	0.0	0.0	0.0	0.0	0.06666666666666667	0.0	0.125	0.0	0.0	0.0	0.0	0.0	0.3333333333333333	0.0	0.0	0.0	0.3333333333333333	0.0	0.2857142857142857	0.0	0.0	0.0	0.0	0.14285714285714285	0.0	0.0	0.0	0.0	0.0	0.08333333333333333	0.0	0.0	0.0	0.0	0.1	0.0	0.25	0.14285714285714285	0.16666666666666666	
Eurasian Collared-Dove	0.0	0.2222222222222222	0.0	0.0	0.0	0.0	0.0	0.0	0.0	0.2	0.2	0.0	0.0	0.06666666666666667	0.0	0.125	0.0	0.0	0.0	0.2857142857142857	0.0	0.3333333333333333	0.0	0.0	0.0	0.3333333333333333	0.0	0.2857142857142857	0.0	0.0	0.16666666666666666	0.13333333333333333	0.14285714285714285	0.0	0.1111111111111111	0.125	0.0	0.0	0.0	0.0	0.0	0.0	0.0	0.0	0.0	0.5	0.14285714285714285	0.0015	
Inca Dove	0.0	0.0	0.0	0.0	0.0	0.0	0.0	0.0	0.0	0.0	0.0	0.0	0.0	0.0	0.0	0.0	0.0	0.0	0.14285714285714285	0.0	0.0	0.0	0.0	0.0	0.0	0.0	1.0	0.0	0.0	0.0	0.0	0.0	0.0	0.0	0.0	0.0	0.0	0.0	0.0	0.0	0.0	0.0	0.0	0.0	0.0	0.0	0.0	0.0	
Common Ground-Dove	0.0	0.0	0.0	0.0	0.0	0.0	0.0	0.0	0.0	0.0	0.0	0.0	0.0	0.0	0.0	0.0	0.0	0.0	0.0	0.0	0.0	0.0	0.0	0.0	0.0	0.0	0.0	0.0	0.0	0.0	0.0	0.0	0.0	0.0	0.0	0.0	0.0	0.0	0.08333333333333333	0.0	0.0	0.0	0.0	0.0	0.0	0.0	0.0	0.0	
White-winged Dove	0.0	0.0	0.0	0.2222222222222222	0.0	0.0	0.0	0.0	0.0	0.0	0.0	0.041666666666666664	0.0	0.06666666666666667	0.0	0.075	0.06666666666666667	0.0	0.0	0.0	0.0	0.0	0.0	0.0	0.0	0.0	0.0	0.14285714285714285	0.0	0.0	0.16666666666666666	0.0	0.0	0.0	0.0	0.0	0.0	0.0	0.08333333333333333	0.0	0.0	0.0	0.0	0.0	0.0	0.25	0.0	0.0	
Mourning Dove	0.26666666666666666	0.0	0.125	0.2222222222222222	0.16666666666666666	0.0	0.0	0.3333333333333333	0.0	0.0	0.2	0.20833333333333334	0.21428571428571427	0.2	0.11764705882352941	0.225	0.26666666666666666	0.5	0.14285714285714285	0.5714285714285714	0.5	0.3333333333333333	0.5	0.6666666666666666	0.0	0.6666666666666666	1.0	0.5714285714285714	0.6	0.4	0.6666666666666666	0.4	0.42857142857142855	0.3333333333333333	0.2222222222222222	0.125	0.5	0.1	0.4166666666666667	0.25	0.5	0.3333333333333333	0.4	0.4	0.0	0.5	0.42857142857142855	0.0	
Groove-billed Ani	0.0	0.0	0.0	0.0	0.0	0.0	0.0	0.0	0.0	0.0	0.0	0.0	0.0	0.0	0.0	0.0	0.0	0.0	0.0	0.0	0.0	0.0	0.0	0.0	0.0	0.0	0.0	0.0	0.0	0.0	0.0	0.0	0.0	0.0	0.0	0.0	0.1	0.0	0.0	0.0	0.0	0.0	0.0	0.0	0.0	0.0	0.0	0.0	
Yellow-billed Cuckoo	0.0	0.0	0.0	0.0	0.0	0.0	0.0	0.0	0.0	0.0	0.0	0.0	0.0	0.0	0.0	0.0	0.0	0.0	0.0	0.0	0.0	0.0	0.0	0.0	0.0	0.0	0.0	0.0	0.0	0.0	0.16666666666666666	0.0	0.0	0.0	0.0	0.0	0.0	0.0	0.0	0.0	0.0	0.0	0.0	0.0	0.0	0.0	0.0	0.0	
Common Nighthawk	0.0	0.0	0.0	0.0	0.0	0.0	0.0	0.0	0.0	0.0	0.0	0.0	0.0	0.0	0.058823529411764705	0.05	0.13333333333333333	0.0	0.2857142857142857	0.2857142857142857	0.5	0.3333333333333333	0.0	0.0	0.0	0.0	0.0	0.2857142857142857	0.2	0.2	0.16666666666666666	0.0	0.0	0.3333333333333333	0.0	0.0	0.0	0.0	0.0	0.0	0.0	0.0	0.0	0.0	0.0	0.0	0.0	0.0	
Chimney Swift	0.0	0.0	0.0	0.0	0.0	0.0	0.0	0.0	0.0	0.0	0.0	0.0	0.0	0.0	0.0	0.0	0.0	0.0	0.0	0.0	0.0	0.0	0.0	0.0	0.0	0.0	0.0	0.0	0.0	0.0	0.0	0.0	0.0	0.0	0.0	0.0	0.1	0.0	0.0	0.0	0.0	0.0	0.0	0.0	0.0	0.0	0.0	0.0	
Ruby-throated Hummingbird	0.0	0.0	0.0	0.0	0.0	0.0	0.0	0.0	0.0	0.0	0.0	0.041666666666666664	0.0	0.06666666666666667	0.058823529411764705	0.1	0.0	0.0	0.0	0.0	0.0	0.0	0.0	0.0	0.0	0.0	0.0	0.0	0.0	0.0	0.0	0.0	0.0	0.0	0.0	0.125	0.0015	0.0	0.08333333333333333	0.0	0.0	0.0	0.0	0.0	0.0	0.0	0.0	0.0	
Black-chinned Hummingbird	0.0	0.0	0.0	0.0	0.0	0.0	0.0	0.0	0.0	0.0	0.0	0.0	0.0	0.0	0.0	0.025	0.0	0.0	0.0	0.0	0.0	0.0	0.0	0.0	0.0	0.0	0.0	0.0	0.0	0.0	0.0	0.0	0.0	0.0	0.0	0.0	0.0	0.0	0.0	0.0	0.0	0.0	0.0	0.0	0.0	0.0	0.0	0.0	
Clapper Rail	0.0	0.0	0.0	0.0	0.0	0.0	0.0	0.0	0.0	0.0	0.0	0.0	0.0	0.0	0.0015	0.0	0.0	0.0	0.14285714285714285	0.14285714285714285	0.0	0.0	0.0	0.0	0.0	0.3333333333333333	0.0	0.14285714285714285	0.0	0.0	0.0	0.2	0.0	0.3333333333333333	0.2222222222222222	0.0	0.2	0.0	0.0	0.0	0.0	0.0	0.0	0.0	0.0	0.0	0.0	0.0	
King/Clapper Rail	0.0	0.0	0.0	0.0	0.0	0.0	0.0	0.0	0.0	0.0	0.0	0.0	0.0	0.0	0.0	0.0	0.0	0.0	0.0	0.0	0.0	0.0	0.0	0.0	0.0	0.0	0.0	0.0	0.0	0.0	0.0	0.06666666666666667	0.0	0.0	0.0	0.0	0.1	0.0	0.0	0.0	0.0	0.0	0.0	0.0	0.0	0.0	0.0	0.0	
Sora	0.0	0.0	0.0	0.0	0.0	0.0	0.0	0.0	0.0	0.0	0.0	0.0	0.0	0.0	0.11764705882352941	0.05	0.0	0.0	0.0	0.0	0.0	0.0	0.0	0.0	0.0	0.0	0.0	0.0	0.0	0.0	0.0	0.0	0.0	0.0	0.0	0.0	0.0	0.0	0.0	0.0	0.0	0.0	0.0	0.0	0.0	0.0	0.0	0.0	
Common Gallinule	0.0	0.0	0.0	0.0	0.0	0.25	0.0	0.0	0.0	0.0	0.0	0.0	0.0	0.0	0.11764705882352941	0.075	0.2	0.0	0.0	0.14285714285714285	0.0	0.0	0.0	0.0	0.0	0.0	0.0	0.2857142857142857	0.0	0.0	0.0	0.13333333333333333	0.0	0.0	0.3333333333333333	0.125	0.0	0.1	0.08333333333333333	0.0	0.0	0.0	0.0	0.0	0.0	0.25	0.0	0.0	
American Coot	0.6666666666666666	0.4444444444444444	0.25	0.4444444444444444	0.16666666666666666	0.625	0.3333333333333333	0.8333333333333334	0.7142857142857143	0.2	0.8	0.5	0.42857142857142855	0.6	0.6470588235294118	0.475	0.5333333333333333	0.5	0.42857142857142855	0.42857142857142855	0.375	0.0	0.5	0.0	0.0	0.3333333333333333	0.0	0.42857142857142855	0.2	0.0	0.0	0.26666666666666666	0.0	0.0	0.3333333333333333	0.125	0.1	0.1	0.5	0.25	0.25	0.3333333333333333	0.2	0.5	0.0	0.5	0.2857142857142857	0.3333333333333333	
rail/crake sp.	0.0	0.0	0.0	0.0	0.0	0.0	0.0	0.0	0.0	0.0	0.0	0.0	0.0	0.0	0.0	0.0	0.0	0.0	0.0	0.0	0.0	0.0	0.0	0.0	0.0	0.0	0.0	0.0	0.0	0.0	0.16666666666666666	0.0	0.0	0.0	0.0	0.0	0.0	0.0	0.0	0.0	0.0	0.0	0.0	0.0	0.0	0.0	0.0	0.0	
Sandhill Crane	0.0	0.0	0.0	0.0	0.0	0.0	0.0	0.0	0.0	0.0	0.0	0.041666666666666664	0.0	0.0	0.0	0.0	0.0	0.0	0.0	0.0	0.0	0.0	0.0	0.0	0.0	0.0	0.0	0.0	0.0	0.0	0.0	0.0	0.0	0.0	0.0	0.0	0.0	0.0	0.0	0.0	0.0	0.0	0.0	0.0	0.0	0.0	0.0	0.16666666666666666	
Black-necked Stilt	0.0	0.0	0.0	0.0	0.0	0.125	0.0	0.0	0.0	0.0	0.0	0.16666666666666666	0.21428571428571427	0.4666666666666667	0.47058823529411764	0.525	0.2	1.0	0.5714285714285714	0.2857142857142857	0.875	0.0	1.0	0.0	0.0	1.0	0.0	0.5714285714285714	0.4	0.4	0.16666666666666666	0.4	0.5714285714285714	0.6666666666666666	0.2222222222222222	0.5	0.2	0.2	0.16666666666666666	0.16666666666666666	0.5	0.0	0.2	0.0	0.0	0.25	0.0	0.0	
American Avocet	0.0	0.1111111111111111	0.0	0.2222222222222222	0.0	0.0	0.0	0.0	0.0	0.0	0.2	0.125	0.07142857142857142	0.4	0.35294117647058826	0.375	0.13333333333333333	0.5	0.42857142857142855	0.2857142857142857	0.625	0.3333333333333333	0.5	0.3333333333333333	0.0	0.3333333333333333	0.0	0.14285714285714285	0.2	0.0	0.0	0.26666666666666666	0.2857142857142857	0.6666666666666666	0.6666666666666666	0.375	0.4	0.4	0.5	0.5	0.75	0.0	0.0	0.3	0.0	0.5	0.42857142857142855	0.16666666666666666	
American Oystercatcher	0.13333333333333333	0.0	0.125	0.0	0.0	0.0	0.0	0.0	0.0	0.0	0.0	0.041666666666666664	0.07142857142857142	0.0	0.0	0.05	0.06666666666666667	0.0	0.2857142857142857	0.14285714285714285	0.0	0.0	0.0	0.0	0.0	0.3333333333333333	0.0	0.2857142857142857	0.0	0.4	0.0	0.13333333333333333	0.14285714285714285	0.0	0.1111111111111111	0.125	0.5	0.4	0.3333333333333333	0.3333333333333333	0.25	0.0	0.2	0.4	0.0	0.0	0.0	0.16666666666666666	
Black-bellied Plover	0.3333333333333333	0.4444444444444444	0.0	0.6666666666666666	0.8333333333333334	0.5	0.6666666666666666	0.3333333333333333	0.42857142857142855	0.0	0.2	0.3333333333333333	0.7142857142857143	0.4666666666666667	0.5882352941176471	0.725	0.4666666666666667	1.0	0.7142857142857143	0.2857142857142857	0.375	0.0	0.5	0.0	0.0	0.3333333333333333	0.0	0.2857142857142857	0.2	0.8	0.0	0.6	0.8571428571428571	0.3333333333333333	0.4444444444444444	0.5	0.7	0.7	0.9166666666666666	0.75	0.75	0.3333333333333333	0.6	0.5	0.0	0.5	0.7142857142857143	0.8333333333333334	
American Golden-Plover	0.0	0.0	0.0	0.0	0.0	0.0	0.0	0.0	0.0	0.0	0.2	0.08333333333333333	0.0	0.06666666666666667	0.0015	0.025	0.0	0.0	0.0	0.0	0.0	0.0	0.0	0.0	0.0	0.0	0.0	0.0	0.0	0.0	0.0	0.0	0.0	0.0	0.0	0.0	0.0	0.0	0.0	0.0	0.0	0.0	0.0	0.0	0.0	0.0	0.0	0.0	
Snowy Plover	0.4	0.4444444444444444	0.25	0.4444444444444444	0.6666666666666666	0.5	0.3333333333333333	0.5	0.42857142857142855	0.0	0.4	0.4166666666666667	0.2857142857142857	0.26666666666666666	0.29411764705882354	0.075	0.0	0.0	0.14285714285714285	0.0	0.125	0.0	0.5	0.0	0.0	0.0	0.0	0.5714285714285714	0.8	0.6	0.0	0.5333333333333333	0.5714285714285714	0.3333333333333333	0.3333333333333333	0.25	0.7	0.4	0.75	0.5833333333333334	0.25	0.0	0.4	0.4	0.0	0.0	0.2857142857142857	0.6666666666666666	
Wilson's Plover	0.0	0.0	0.0	0.0	0.0	0.0	0.0	0.0	0.14285714285714285	0.0	0.4	0.3333333333333333	0.2857142857142857	0.3333333333333333	0.29411764705882354	0.375	0.13333333333333333	0.5	0.2857142857142857	0.42857142857142855	0.375	0.6666666666666666	0.5	0.3333333333333333	0.0	1.0	0.0	0.7142857142857143	0.8	0.8	0.16666666666666666	0.4666666666666667	0.2857142857142857	0.6666666666666666	0.0	0.25	0.0015	0.0	0.0	0.0	0.0	0.0	0.0	0.1	0.0	0.0	0.0	0.0	
Semipalmated Plover	0.13333333333333333	0.2222222222222222	0.0	0.0	0.0	0.0	0.0	0.0	0.0	0.0	0.2	0.20833333333333334	0.35714285714285715	0.3333333333333333	0.7647058823529411	0.55	0.4666666666666667	1.0	0.42857142857142855	0.2857142857142857	0.25	0.0	0.0	0.0	0.0	0.3333333333333333	0.0	0.5714285714285714	0.8	1.0	0.16666666666666666	0.7333333333333333	1.0	0.6666666666666666	0.3333333333333333	0.375	0.7	0.5	0.5	0.5833333333333334	0.25	0.3333333333333333	0.0	0.2	0.0	0.0	0.0	0.16666666666666666	
Piping Plover	0.3333333333333333	0.1111111111111111	0.0	0.1111111111111111	0.16666666666666666	0.125	0.0	0.16666666666666666	0.2857142857142857	0.0	0.2	0.25	0.21428571428571427	0.4666666666666667	0.23529411764705882	0.15	0.13333333333333333	0.5	0.0	0.0	0.0	0.0	0.0	0.0	0.0	0.0	0.0	0.42857142857142855	0.4	0.8	0.0	0.5333333333333333	0.8571428571428571	0.0015	0.2222222222222222	0.125	0.4	0.2	0.5833333333333334	0.5833333333333334	0.25	0.3333333333333333	0.6	0.7	0.0	0.5	0.42857142857142855	0.5	
Killdeer	0.13333333333333333	0.1111111111111111	0.125	0.1111111111111111	0.16666666666666666	0.375	0.0	0.6666666666666666	0.14285714285714285	0.2	0.8	0.4166666666666667	0.21428571428571427	0.4	0.5294117647058824	0.35	0.4	1.0	0.7142857142857143	0.7142857142857143	0.25	0.3333333333333333	0.5	0.3333333333333333	0.0	0.6666666666666666	0.0	0.5714285714285714	0.4	0.2	0.16666666666666666	0.5333333333333333	0.5714285714285714	0.6666666666666666	0.4444444444444444	0.375	0.4	0.2	0.3333333333333333	0.16666666666666666	0.5	0.0	0.4	0.3	0.0	0.75	0.5714285714285714	0.5	
Upland Sandpiper	0.0	0.0	0.0	0.0	0.0	0.0	0.0	0.0	0.0	0.0	0.0	0.0	0.0	0.0	0.058823529411764705	0.0	0.0	0.0	0.0	0.0	0.0	0.0	0.0	0.0	0.0	0.0	0.0	0.0	0.0	0.0	0.0	0.0	0.0	0.0	0.0	0.0	0.0	0.0	0.0	0.0	0.0	0.0	0.0	0.0	0.0	0.0	0.0	0.0	
Whimbrel	0.0	0.0	0.0	0.0	0.0	0.0	0.0	0.0	0.0	0.0	0.0	0.08333333333333333	0.0	0.06666666666666667	0.11764705882352941	0.2	0.13333333333333333	0.0	0.0	0.14285714285714285	0.0	0.0	0.0	0.0	0.0	0.0	0.0	0.0	0.0	0.0	0.0	0.0	0.0	0.0	0.0	0.0	0.0	0.0	0.08333333333333333	0.0	0.0	0.0	0.0	0.0	0.0	0.0	0.0	0.0	
Long-billed Curlew	0.0	0.1111111111111111	0.0	0.1111111111111111	0.16666666666666666	0.125	0.0	0.0	0.0	0.2	0.0	0.0	0.0	0.0	0.0	0.075	0.06666666666666667	0.0	0.0	0.0	0.0	0.0	0.0	0.0	0.0	0.0	0.0	0.14285714285714285	0.0	0.2	0.0	0.06666666666666667	0.0	0.0	0.1111111111111111	0.0	0.1	0.0	0.08333333333333333	0.08333333333333333	0.0	0.0	0.0	0.1	0.0	0.0	0.14285714285714285	0.16666666666666666	
Hudsonian Godwit	0.0	0.0	0.0	0.0	0.0	0.0	0.0	0.0	0.0	0.0	0.0	0.0	0.0	0.0	0.058823529411764705	0.0	0.0	0.0	0.0	0.0	0.0	0.0	0.0	0.0	0.0	0.0	0.0	0.0	0.0	0.0	0.0	0.0	0.0	0.0	0.0	0.0	0.0	0.0	0.0	0.0	0.0	0.0	0.0	0.0	0.0	0.0	0.0	0.0	
Marbled Godwit	0.0	0.0	0.0	0.0	0.0	0.125	0.0	0.0	0.0	0.0	0.0	0.08333333333333333	0.21428571428571427	0.2	0.11764705882352941	0.275	0.13333333333333333	0.5	0.2857142857142857	0.0	0.125	0.0	0.5	0.0	0.0	0.0	0.0	0.2857142857142857	0.0	0.6	0.0	0.13333333333333333	0.2857142857142857	0.3333333333333333	0.3333333333333333	0.25	0.4	0.1	0.25	0.08333333333333333	0.0	0.0	0.0	0.1	0.0	0.0	0.14285714285714285	0.16666666666666666	
Ruddy Turnstone	0.13333333333333333	0.2222222222222222	0.0	0.0	0.16666666666666666	0.0	0.0	0.16666666666666666	0.0	0.4	0.0	0.041666666666666664	0.42857142857142855	0.6666666666666666	0.7058823529411765	0.8	0.8	1.0	0.8571428571428571	0.5714285714285714	0.5	0.0	0.0	0.0	0.0	0.3333333333333333	0.0	0.42857142857142855	0.8	1.0	0.3333333333333333	0.8666666666666667	0.7142857142857143	1.0	0.3333333333333333	0.375	0.4	0.3	0.4166666666666667	0.4166666666666667	0.25	0.6666666666666666	0.4	0.5	0.0	0.5	0.14285714285714285	0.5	
Red Knot	0.0	0.0	0.0	0.1111111111111111	0.0	0.0	0.0	0.0	0.0	0.0	0.0	0.0	0.14285714285714285	0.06666666666666667	0.0	0.0	0.13333333333333333	0.0	0.14285714285714285	0.14285714285714285	0.0	0.0	0.0	0.0	0.0	0.0	0.0	0.0	0.4	0.0	0.0	0.0	0.0	0.3333333333333333	0.2222222222222222	0.25	0.4	0.3	0.3333333333333333	0.25	0.25	0.0	0.0	0.2	0.0	0.0	0.14285714285714285	0.0	
Stilt Sandpiper	0.0	0.0	0.0	0.0	0.0	0.0	0.0	0.0	0.0	0.0	0.0	0.0	0.07142857142857142	0.06666666666666667	0.11764705882352941	0.05	0.06666666666666667	0.0	0.0	0.0	0.0	0.0	0.0	0.0	0.0	0.0	0.0	0.0	0.0	0.0	0.0	0.0	0.0	0.3333333333333333	0.1111111111111111	0.125	0.1	0.0	0.0	0.08333333333333333	0.0	0.0	0.0	0.0	0.0	0.0	0.14285714285714285	0.0	
Sanderling	0.6666666666666666	0.6666666666666666	0.625	0.7777777777777778	1.0	0.875	1.0	0.8333333333333334	0.8571428571428571	1.0	0.6	0.75	0.7857142857142857	0.8666666666666667	1.0	0.825	0.7333333333333333	1.0	0.8571428571428571	0.7142857142857143	0.5	0.0	0.0	0.0	0.0	0.3333333333333333	0.0	0.7142857142857143	0.8	1.0	0.5	0.7333333333333333	1.0	1.0	0.3333333333333333	0.625	0.8	0.6	1.0	0.75	0.75	1.0	0.6	0.9	0.0015	1.0	0.8571428571428571	0.8333333333333334	
Dunlin	0.26666666666666666	0.0	0.125	0.0	0.3333333333333333	0.375	0.0	0.16666666666666666	0.14285714285714285	0.0	0.2	0.16666666666666666	0.35714285714285715	0.4	0.5294117647058824	0.5	0.4	1.0	0.7142857142857143	0.14285714285714285	0.0	0.0	0.0	0.0	0.0	0.0	0.0	0.0	0.0	0.0	0.0	0.0	0.0	0.0	0.0	0.0	0.0	0.2	0.16666666666666666	0.16666666666666666	0.0015	0.3333333333333333	0.4	0.1	0.0	0.25	0.2857142857142857	0.16666666666666666	
Baird's Sandpiper	0.0	0.0	0.0	0.0	0.0	0.0	0.0	0.0	0.0	0.0	0.2	0.041666666666666664	0.0	0.13333333333333333	0.11764705882352941	0.1	0.06666666666666667	0.0	0.0	0.0	0.0	0.0	0.0	0.0	0.0	0.0	0.0	0.14285714285714285	0.0	0.0	0.0	0.06666666666666667	0.14285714285714285	0.0	0.0	0.0	0.0	0.0	0.0	0.0	0.0	0.0	0.0	0.0	0.0	0.0	0.0	0.0	
Least Sandpiper	0.0	0.3333333333333333	0.0	0.1111111111111111	0.16666666666666666	0.125	0.0	0.0	0.0	0.0015	0.2	0.4166666666666667	0.5	0.4	0.4117647058823529	0.4	0.4	0.5	0.14285714285714285	0.14285714285714285	0.125	0.0	0.0	0.0	0.0	0.0	0.0	0.42857142857142855	0.8	0.6	0.0	0.4666666666666667	0.5714285714285714	0.3333333333333333	0.2222222222222222	0.5	0.7	0.2	0.5833333333333334	0.4166666666666667	0.5	0.6666666666666666	0.4	0.3	0.0	0.25	0.2857142857142857	0.5	
White-rumped Sandpiper	0.0	0.0	0.0	0.0	0.0	0.0	0.0	0.0	0.0	0.0	0.0	0.0	0.0	0.0	0.058823529411764705	0.075	0.13333333333333333	0.0	0.2857142857142857	0.14285714285714285	0.25	0.0	0.5	0.0	0.0	0.0	0.0	0.0	0.0	0.0	0.0	0.0	0.0	0.0	0.0	0.0	0.0	0.0	0.0	0.0	0.0	0.0	0.0	0.0	0.0	0.0	0.0	0.0	
Buff-breasted Sandpiper	0.0	0.0	0.0	0.0	0.0	0.0	0.0	0.0	0.0	0.0	0.0	0.0	0.0	0.0	0.0	0.0	0.0	0.0	0.0	0.0	0.0	0.0	0.0	0.0	0.0	0.0	0.0	0.0	0.0	0.0	0.0	0.06666666666666667	0.14285714285714285	0.0	0.0	0.0	0.0	0.0	0.0	0.0	0.0	0.0	0.0	0.0	0.0	0.0	0.0	0.0	
Pectoral Sandpiper	0.0	0.0	0.0	0.0	0.0	0.0	0.0	0.0	0.0	0.0	0.0	0.0	0.07142857142857142	0.0	0.11764705882352941	0.1	0.2	0.0	0.0	0.0	0.0	0.0	0.0	0.0	0.0	0.0	0.0	0.0	0.0	0.0	0.0	0.0	0.0	0.3333333333333333	0.0	0.0	0.0	0.0	0.0	0.0	0.0	0.0	0.0	0.0	0.0	0.0	0.0	0.0	
Semipalmated Sandpiper	0.0	0.0	0.0	0.0	0.0	0.0	0.0	0.0	0.0	0.0	0.2	0.08333333333333333	0.07142857142857142	0.13333333333333333	0.4117647058823529	0.375	0.3333333333333333	1.0	0.42857142857142855	0.14285714285714285	0.125	0.0	0.5	0.0	0.0	0.0	0.0	0.2857142857142857	0.0	0.0	0.0	0.4	0.5714285714285714	0.3333333333333333	0.2222222222222222	0.125	0.2	0.0	0.0	0.0	0.0	0.0	0.0	0.0	0.0	0.0	0.0	0.0	
Western Sandpiper	0.13333333333333333	0.3333333333333333	0.0	0.0	0.3333333333333333	0.0	0.0	0.16666666666666666	0.0	0.0015	0.0	0.125	0.2857142857142857	0.06666666666666667	0.23529411764705882	0.275	0.26666666666666666	0.0	0.14285714285714285	0.14285714285714285	0.125	0.0	0.0	0.0	0.0	0.0	1.0	0.0	0.8	0.2	0.0	0.4666666666666667	0.2857142857142857	0.3333333333333333	0.4444444444444444	0.25	0.5	0.4	0.5833333333333334	0.5	0.25	0.3333333333333333	0.2	0.5	0.0	0.25	0.2857142857142857	0.16666666666666666	
peep sp.	0.0	0.0	0.0	0.0	0.0	0.0	0.0	0.0	0.0	0.0	0.0	0.0	0.0	0.0	0.0	0.0	0.0	0.0	0.0	0.0	0.125	0.0	0.0	0.0	0.0	0.0	0.0	0.0	0.0	0.0	0.0	0.0	0.0	0.0	0.0	0.0	0.0	0.0	0.08333333333333333	0.0	0.0	0.0	0.0	0.0	0.0	0.0	0.0	0.0	
Short-billed Dowitcher	0.0	0.0	0.0	0.0	0.0	0.0	0.0	0.0	0.0	0.2	0.0	0.041666666666666664	0.14285714285714285	0.06666666666666667	0.23529411764705882	0.275	0.13333333333333333	0.5	0.0	0.14285714285714285	0.125	0.0	0.0	0.0	0.0	0.0	0.0	0.0	0.0	0.0	0.0	0.26666666666666666	0.2857142857142857	0.3333333333333333	0.1111111111111111	0.25	0.1	0.2	0.16666666666666666	0.16666666666666666	0.0	0.0	0.0	0.1	0.0	0.0	0.0	0.0	
Long-billed Dowitcher	0.0	0.0	0.0	0.0	0.0	0.0	0.0	0.0	0.0	0.0	0.2	0.041666666666666664	0.07142857142857142	0.13333333333333333	0.23529411764705882	0.2	0.2	0.5	0.0	0.0	0.0	0.0	0.0	0.0	0.0	0.0	0.0	0.0	0.0	0.0	0.0	0.06666666666666667	0.14285714285714285	0.0	0.0015	0.0	0.0	0.1	0.0	0.08333333333333333	0.0	0.0	0.0	0.0	0.0	0.25	0.0015	0.0	
Short-billed/Long-billed Dowitcher	0.0	0.0	0.0	0.0	0.0	0.125	0.0	0.16666666666666666	0.0	0.0	0.0	0.041666666666666664	0.14285714285714285	0.13333333333333333	0.11764705882352941	0.125	0.0	0.0	0.2857142857142857	0.0	0.0	0.0	0.0	0.0	0.0	0.0	0.0	0.14285714285714285	0.0	0.0	0.0	0.0015	0.42857142857142855	0.0	0.1111111111111111	0.125	0.2	0.0	0.08333333333333333	0.08333333333333333	0.0	0.0	0.0	0.0	0.0	0.0	0.0	0.0	
Wilson's Snipe	0.0	0.0	0.125	0.0	0.0	0.0	0.0	0.0	0.0	0.0	0.0	0.0	0.0	0.0	0.0	0.0	0.06666666666666667	0.0	0.0	0.0	0.0	0.0	0.0	0.0	0.0	0.0	0.0	0.0	0.0	0.0	0.0	0.0	0.0	0.0	0.0	0.0	0.0	0.0	0.0	0.0	0.0	0.0	0.0	0.1	0.0	0.0	0.0015	0.16666666666666666	
Wilson's Phalarope	0.0	0.0	0.0	0.0	0.0	0.0	0.0	0.0	0.0	0.0	0.0	0.041666666666666664	0.0	0.0	0.11764705882352941	0.25	0.3333333333333333	1.0	0.2857142857142857	0.0	0.0	0.0	0.0	0.0	0.0	0.0	0.0	0.0	0.0	0.0	0.0	0.0	0.0	0.3333333333333333	0.4444444444444444	0.25	0.0	0.0	0.0	0.0	0.0	0.0	0.0	0.0	0.0	0.0	0.0	0.0	
Red-necked Phalarope	0.0	0.0	0.0	0.0	0.0	0.0	0.0	0.0	0.0	0.0	0.0	0.0	0.0	0.0	0.0	0.0	0.0	0.0	0.0	0.0	0.0	0.0	0.0	0.0	0.0	0.0	0.0	0.0	0.0	0.0	0.0	0.0	0.0	0.0	0.3333333333333333	0.25	0.0	0.0	0.0	0.0	0.0	0.0	0.0	0.0	0.0	0.0	0.0	0.0	
Spotted Sandpiper	0.0	0.0	0.0	0.0	0.0	0.0	0.0	0.0	0.0	0.0	0.0	0.0	0.14285714285714285	0.06666666666666667	0.11764705882352941	0.075	0.3333333333333333	0.5	0.2857142857142857	0.0	0.0	0.0	0.0	0.0	0.0	0.0	0.0	0.0	0.0	0.0	0.0	0.06666666666666667	0.0	0.3333333333333333	0.0	0.125	0.0	0.0	0.0	0.0	0.0	0.0	0.0	0.1	0.0	0.0	0.0	0.16666666666666666	
Solitary Sandpiper	0.0	0.0	0.0	0.0	0.0	0.0	0.0	0.0	0.0	0.0	0.0	0.0	0.07142857142857142	0.0	0.0	0.05	0.06666666666666667	0.0	0.14285714285714285	0.0	0.0	0.0	0.0	0.0	0.0	0.0	0.0	0.0	0.0	0.0	0.0	0.0	0.0	0.0	0.0	0.0	0.1	0.0	0.0	0.08333333333333333	0.0	0.0	0.0	0.0	0.0	0.0	0.0	0.0	
Greater Yellowlegs	0.06666666666666667	0.1111111111111111	0.0	0.1111111111111111	0.0	0.0	0.0	0.16666666666666666	0.0	0.2	0.2	0.16666666666666666	0.21428571428571427	0.26666666666666666	0.35294117647058826	0.325	0.2	0.0	0.2857142857142857	0.14285714285714285	0.125	0.0	0.0	0.0	0.0	0.3333333333333333	0.0	0.2857142857142857	0.0	0.0	0.16666666666666666	0.26666666666666666	0.14285714285714285	0.3333333333333333	0.1111111111111111	0.125	0.4	0.2	0.5833333333333334	0.3333333333333333	0.5	0.0	0.0	0.2	0.0	0.5	0.14285714285714285	0.0015	
Willet	0.6	0.5555555555555556	0.25	0.6666666666666666	0.8333333333333334	0.875	0.6666666666666666	0.8333333333333334	0.42857142857142855	0.6	0.4	0.7083333333333334	0.9285714285714286	0.8	0.9411764705882353	0.85	0.5333333333333333	1.0	0.8571428571428571	0.7142857142857143	0.75	0.6666666666666666	1.0	0.6666666666666666	0.0	1.0	1.0	0.5714285714285714	0.8	0.8	0.5	0.9333333333333333	0.8571428571428571	1.0	0.4444444444444444	0.75	0.8	0.9	0.9166666666666666	0.6666666666666666	0.5	1.0	0.8	0.9	0.0015	1.0	0.8571428571428571	0.6666666666666666	
Lesser Yellowlegs	0.0	0.2222222222222222	0.0	0.0	0.16666666666666666	0.0	0.0	0.0	0.0	0.0	0.4	0.16666666666666666	0.42857142857142855	0.4	0.29411764705882354	0.575	0.4	1.0	0.2857142857142857	0.0	0.125	0.0	0.5	0.0	0.0	0.0	0.0	0.0	0.0	0.2	0.16666666666666666	0.0015	0.14285714285714285	0.3333333333333333	0.2222222222222222	0.25	0.3	0.3	0.25	0.3333333333333333	0.0	0.0	0.0	0.1	0.0	0.25	0.0015	0.0	
Greater/Lesser Yellowlegs	0.0	0.0	0.0	0.0	0.0	0.0	0.0	0.0	0.0	0.0	0.0	0.0	0.0	0.0	0.0015	0.0	0.06666666666666667	0.0	0.0	0.0	0.0	0.0	0.0	0.0	0.0	0.0	0.0	0.0	0.0	0.0	0.0	0.06666666666666667	0.0	0.0	0.0	0.0	0.0	0.0	0.0	0.0	0.0	0.0	0.0	0.0	0.0	0.0	0.0	0.0	
shorebird sp.	0.0	0.1111111111111111	0.0	0.0	0.0	0.0	0.0	0.0	0.0	0.0	0.0	0.0	0.0	0.0	0.0	0.0	0.0	0.0	0.0	0.0	0.0	0.0	0.0	0.0	0.0	0.0	0.0	0.0	0.0	0.0	0.0	0.0	0.0	0.0015	0.0	0.0	0.1	0.0	0.0	0.0	0.0	0.0	0.0	0.0	0.0	0.0	0.0	0.0	
Bonaparte's Gull	0.0	0.1111111111111111	0.0	0.1111111111111111	0.16666666666666666	0.0	0.0	0.16666666666666666	0.0	0.0	0.0	0.08333333333333333	0.0	0.0	0.0	0.0	0.0	0.0	0.0	0.0	0.0	0.0	0.0	0.0	0.0	0.0	0.0	0.0	0.0	0.0	0.0	0.0	0.0	0.0	0.0	0.0	0.0	0.0	0.0	0.0	0.0	0.0	0.0	0.0	0.0	0.0	0.14285714285714285	0.3333333333333333	
Laughing Gull	0.7333333333333333	0.5555555555555556	0.375	0.7777777777777778	1.0	0.75	0.0	0.5	0.5714285714285714	0.8	0.8	0.875	0.8571428571428571	0.9333333333333333	0.8235294117647058	0.85	0.6666666666666666	1.0	1.0	0.8571428571428571	1.0	1.0	1.0	1.0	0.0	1.0	1.0	1.0	1.0	1.0	0.6666666666666666	1.0	1.0	1.0	0.4444444444444444	0.875	0.9	0.7	1.0	0.75	0.75	1.0	0.4	0.9	0.0015	0.75	0.8571428571428571	0.8333333333333334	
Franklin's Gull	0.0	0.0	0.0	0.0	0.0	0.0	0.0	0.0	0.0	0.0	0.0	0.041666666666666664	0.07142857142857142	0.06666666666666667	0.17647058823529413	0.1	0.13333333333333333	0.0	0.0	0.0	0.0	0.0	0.0	0.0	0.0	0.0	0.0	0.0	0.0	0.0	0.0	0.0	0.0	0.0	0.0	0.0	0.1	0.2	0.16666666666666666	0.3333333333333333	0.5	0.0	0.0	0.0	0.0	0.25	0.0	0.0	
Ring-billed Gull	0.7333333333333333	0.7777777777777778	0.375	1.0	1.0	0.625	0.6666666666666666	0.6666666666666666	0.42857142857142855	1.0	0.8	0.7916666666666666	0.7142857142857143	0.7333333333333333	0.47058823529411764	0.45	0.5333333333333333	0.5	0.5714285714285714	0.14285714285714285	0.0	0.3333333333333333	0.5	0.0	0.0	0.0	1.0	0.0	0.4	0.4	0.16666666666666666	0.2	0.42857142857142855	0.3333333333333333	0.2222222222222222	0.5	0.3	0.3	0.6666666666666666	0.6666666666666666	0.5	1.0	0.6	0.8	0.0015	0.75	0.8571428571428571	0.8333333333333334	
California Gull	0.0	0.0	0.0	0.0	0.0	0.0	0.0	0.0	0.0	0.0	0.0	0.08333333333333333	0.0	0.0	0.0	0.0	0.0	0.0	0.0	0.0	0.0	0.0	0.0	0.0	0.0	0.0	0.0	0.0	0.0	0.0	0.0	0.0	0.0	0.0	0.0	0.0	0.0	0.0	0.0	0.0	0.0	0.0	0.0	0.0	0.0	0.0	0.0	0.0	
Herring Gull	0.4	0.4444444444444444	0.5	0.7777777777777778	1.0	0.625	0.3333333333333333	0.3333333333333333	0.42857142857142855	0.4	0.4	0.5416666666666666	0.6428571428571429	0.4666666666666667	0.47058823529411764	0.5	0.13333333333333333	0.0	0.5714285714285714	0.14285714285714285	0.25	0.0	0.0	0.0	0.0	0.3333333333333333	0.0	0.2857142857142857	0.0	0.0	0.0	0.4	0.42857142857142855	0.3333333333333333	0.2222222222222222	0.25	0.2	0.4	0.5	0.5	0.25	0.6666666666666666	0.4	0.8	0.0	0.75	0.7142857142857143	0.8333333333333334	
Iceland Gull	0.0	0.0	0.0	0.0	0.0	0.0	0.0	0.0	0.0	0.0	0.0	0.0	0.0	0.0	0.0	0.0	0.0	0.0	0.0	0.0	0.0	0.0	0.0	0.0	0.0	0.0	0.0	0.0	0.0	0.0	0.0	0.0	0.0	0.0	0.0	0.0	0.0	0.0	0.0	0.0	0.0	0.0	0.0	0.0	0.0	0.25	0.0	0.0	
Lesser Black-backed Gull	0.4	0.3333333333333333	0.25	0.5555555555555556	0.6666666666666666	0.125	0.0	0.16666666666666666	0.2857142857142857	0.0015	0.2	0.25	0.5714285714285714	0.0015	0.23529411764705882	0.1	0.13333333333333333	0.0	0.0	0.0	0.0	0.0	0.0	0.0	0.0	0.0	0.0	0.14285714285714285	0.6	0.2	0.0	0.2	0.14285714285714285	0.6666666666666666	0.2222222222222222	0.375	0.7	0.6	0.6666666666666666	0.5833333333333334	0.25	0.3333333333333333	0.4	0.6	0.0	0.75	0.5714285714285714	0.6666666666666666	
Glaucous Gull	0.0	0.0	0.0	0.0	0.3333333333333333	0.0	0.0	0.0	0.0	0.0	0.0	0.0	0.0	0.0	0.0	0.0	0.0	0.0	0.0	0.0	0.0	0.0	0.0	0.0	0.0	0.0	0.0	0.0	0.0	0.0	0.0	0.0	0.0	0.0	0.0	0.0	0.0	0.0	0.0	0.0	0.0	0.0	0.0	0.0	0.0	0.0	0.0	0.0	
Great Black-backed Gull	0.0	0.0	0.0	0.0	0.0	0.0	0.0	0.0	0.0	0.0	0.0	0.125	0.0	0.0	0.0	0.0	0.0	0.0	0.0	0.0	0.0	0.0	0.0	0.0	0.0	0.0	0.0	0.0	0.0	0.0	0.0	0.0	0.0	0.0	0.0	0.0	0.0	0.0	0.0	0.0	0.0	0.0	0.0	0.0	0.0	0.0	0.0	0.0	
Least Tern	0.0	0.0	0.0	0.0	0.0	0.0	0.0	0.0	0.0	0.0	0.2	0.041666666666666664	0.42857142857142855	0.6	0.5294117647058824	0.65	0.5333333333333333	1.0	0.7142857142857143	0.7142857142857143	0.625	1.0	0.5	0.6666666666666666	0.0	1.0	1.0	0.5714285714285714	1.0	1.0	1.0	0.8	0.2857142857142857	0.3333333333333333	0.2222222222222222	0.0	0.0	0.0	0.0	0.0	0.0	0.0	0.0	0.0	0.0	0.0	0.0	0.0	
Gull-billed Tern	0.0	0.0	0.0	0.2222222222222222	0.0	0.0	0.0	0.0	0.0	0.0	0.0	0.25	0.2857142857142857	0.26666666666666666	0.0015	0.225	0.13333333333333333	0.0	0.0	0.14285714285714285	0.125	0.0	0.0	0.3333333333333333	0.0	0.0	0.0	0.14285714285714285	0.2	0.2	0.0	0.06666666666666667	0.0	0.0	0.0	0.125	0.0	0.1	0.0	0.08333333333333333	0.0	0.0	0.0	0.0	0.0	0.0	0.0	0.0	
Caspian Tern	0.26666666666666666	0.0	0.125	0.4444444444444444	0.16666666666666666	0.375	0.3333333333333333	0.0	0.14285714285714285	0.0	0.4	0.4583333333333333	0.5	0.3333333333333333	0.17647058823529413	0.35	0.4666666666666667	1.0	0.42857142857142855	0.5714285714285714	0.5	0.3333333333333333	0.0	0.3333333333333333	0.0	0.3333333333333333	1.0	0.2857142857142857	0.6	0.4	0.16666666666666666	0.4666666666666667	0.14285714285714285	0.3333333333333333	0.3333333333333333	0.125	0.5	0.3	0.5833333333333334	0.5833333333333334	0.5	0.6666666666666666	0.0	0.4	0.0	0.25	0.2857142857142857	0.16666666666666666	
Black Tern	0.0	0.0	0.0	0.0	0.0	0.0	0.0	0.0	0.0	0.0	0.0	0.041666666666666664	0.0	0.06666666666666667	0.11764705882352941	0.2	0.2	0.5	0.8571428571428571	0.2857142857142857	0.625	0.3333333333333333	0.0	0.3333333333333333	0.0	0.6666666666666666	0.0	0.7142857142857143	0.8	1.0	0.8333333333333334	0.6	0.42857142857142855	0.3333333333333333	0.1111111111111111	0.0	0.0	0.0	0.0	0.0	0.0	0.0	0.0	0.0	0.0	0.0	0.0	0.0	
Common Tern	0.0	0.0	0.125	0.0	0.0	0.0	0.0	0.0	0.0	0.4	0.0	0.041666666666666664	0.0	0.2	0.11764705882352941	0.175	0.2	0.5	0.0	0.14285714285714285	0.375	0.0	0.0	0.0	0.0	0.0	0.0	0.14285714285714285	0.0	0.2	0.0	0.2	0.2857142857142857	0.3333333333333333	0.1111111111111111	0.0	0.2	0.0	0.08333333333333333	0.16666666666666666	0.0	0.6666666666666666	0.0	0.1	0.0	0.0	0.0	0.0	
Forster's Tern	0.5333333333333333	0.4444444444444444	0.375	0.2222222222222222	0.3333333333333333	0.5	0.6666666666666666	0.3333333333333333	0.0015	0.2	0.4	0.375	0.5714285714285714	0.5333333333333333	0.4117647058823529	0.4	0.3333333333333333	1.0	0.14285714285714285	0.42857142857142855	0.125	0.0	1.0	0.0	0.0	0.6666666666666666	0.0	0.2857142857142857	0.4	0.4	0.0	0.4	0.42857142857142855	0.3333333333333333	0.2222222222222222	0.375	0.7	0.4	0.5	0.5	0.25	0.3333333333333333	0.0	0.6	0.0	0.75	0.5714285714285714	0.5	
Royal Tern	0.3333333333333333	0.4444444444444444	0.125	0.6666666666666666	0.5	0.5	0.3333333333333333	0.3333333333333333	0.2857142857142857	0.6	0.8	0.5833333333333334	0.6428571428571429	0.9333333333333333	0.7058823529411765	0.75	0.4666666666666667	1.0	0.5714285714285714	0.5714285714285714	0.875	0.3333333333333333	1.0	0.6666666666666666	0.0	1.0	0.0	0.7142857142857143	0.8	1.0	0.5	0.8666666666666667	0.8571428571428571	0.6666666666666666	0.3333333333333333	0.5	0.8	0.5	0.75	0.5833333333333334	0.5	0.3333333333333333	0.2	0.5	0.0	0.75	0.5714285714285714	0.5	
Sandwich Tern	0.0	0.0	0.125	0.0	0.0	0.0	0.0	0.0	0.0	0.2	0.2	0.2916666666666667	0.35714285714285715	0.4	0.35294117647058826	0.45	0.26666666666666666	1.0	0.2857142857142857	0.42857142857142855	0.625	0.0	0.0	0.3333333333333333	0.0	1.0	0.0	0.42857142857142855	0.6	0.4	0.16666666666666666	0.5333333333333333	0.5714285714285714	0.3333333333333333	0.3333333333333333	0.125	0.3	0.3	0.3333333333333333	0.16666666666666666	0.5	0.0	0.0	0.0	0.0	0.25	0.0	0.16666666666666666	
Black Skimmer	0.06666666666666667	0.3333333333333333	0.0	0.0	0.0	0.25	0.0	0.0	0.0	0.0	0.0	0.041666666666666664	0.0	0.2	0.23529411764705882	0.425	0.06666666666666667	0.5	0.42857142857142855	0.42857142857142855	0.375	0.3333333333333333	0.5	0.3333333333333333	0.0	0.3333333333333333	0.0	0.2857142857142857	1.0	0.6	0.16666666666666666	0.6666666666666666	0.42857142857142855	0.3333333333333333	0.2222222222222222	0.375	0.0	0.0	0.08333333333333333	0.16666666666666666	0.0	0.0	0.0	0.1	0.0	0.0	0.14285714285714285	0.0015	
Common Loon	0.0	0.1111111111111111	0.0	0.1111111111111111	0.0	0.0	0.0	0.0	0.0	0.2	0.0	0.0	0.0	0.06666666666666667	0.0	0.025	0.0	0.0	0.0	0.0	0.0	0.0	0.0	0.0	0.0	0.0	0.0	0.0	0.0	0.0	0.0	0.0	0.0	0.0	0.0	0.0	0.0	0.0	0.0	0.0	0.0	0.0	0.0	0.1	0.0	0.0	0.14285714285714285	0.16666666666666666	
Wood Stork	0.0	0.0	0.0	0.0	0.0	0.0	0.0	0.0	0.0	0.0	0.0	0.0	0.0	0.0	0.0	0.0	0.0	0.0	0.0	0.0	0.0	0.0	0.0	0.0	0.0	0.0	0.0	0.0	0.0	0.0	0.0	0.0	0.0	0.0015	0.0	0.0	0.0	0.0	0.0	0.0	0.0	0.0	0.0	0.0	0.0	0.0	0.0	0.0	
Magnificent Frigatebird	0.0	0.0	0.0	0.0	0.0	0.0	0.0	0.0	0.0	0.0	0.0	0.0	0.0	0.0	0.0	0.05	0.0	0.0	0.14285714285714285	0.2857142857142857	0.125	0.3333333333333333	0.5	0.0	0.0	0.6666666666666666	0.0	0.14285714285714285	0.4	0.4	0.16666666666666666	0.26666666666666666	0.2857142857142857	0.3333333333333333	0.0	0.125	0.0	0.0	0.0	0.0	0.0	0.0	0.0	0.0	0.0	0.0	0.0	0.0	
Masked Booby	0.0	0.0	0.0	0.0	0.0	0.0	0.0	0.0	0.0	0.0	0.0	0.0	0.0	0.0	0.0	0.0	0.0	0.0	0.0	0.0	0.0	0.0	0.0	0.0	0.0	0.0	0.0	0.0	0.0015	0.0	0.0	0.0	0.0	0.0	0.0	0.0	0.0	0.0	0.0	0.0	0.0	0.0	0.0	0.0	0.0	0.0	0.0	0.0	
Northern Gannet	0.0	0.1111111111111111	0.0	0.0	0.0	0.0	0.0	0.0	0.0	0.2	0.0	0.0	0.0	0.0	0.0015	0.0	0.0	0.0	0.0	0.0	0.0	0.0	0.0	0.0	0.0	0.0	0.0	0.0	0.0	0.0	0.0	0.0	0.0	0.0	0.0	0.0	0.0	0.0	0.0	0.0	0.0	0.0	0.0	0.0	0.0	0.0	0.0	0.0	
Anhinga	0.0	0.1111111111111111	0.0	0.0	0.0	0.0	0.0	0.0	0.0	0.0	0.0	0.0	0.0	0.0	0.0	0.05	0.0	0.0	0.0	0.14285714285714285	0.0	0.0	0.0	0.0	0.0	0.0	0.0	0.0	0.0	0.0	0.0	0.0	0.0	0.0	0.0	0.0	0.0	0.0	0.0	0.0	0.0	0.0	0.0	0.0	0.0	0.0	0.0	0.0	
Neotropic Cormorant	0.26666666666666666	0.4444444444444444	0.0	0.2222222222222222	0.16666666666666666	0.25	0.6666666666666666	0.16666666666666666	0.2857142857142857	0.2	0.6	0.375	0.21428571428571427	0.26666666666666666	0.17647058823529413	0.425	0.4666666666666667	1.0	0.8571428571428571	0.5714285714285714	0.875	0.6666666666666666	0.5	0.3333333333333333	0.0	1.0	0.0	0.7142857142857143	0.8	0.4	0.6666666666666666	0.5333333333333333	0.7142857142857143	0.6666666666666666	0.3333333333333333	0.5	0.5	0.4	0.5833333333333334	0.3333333333333333	0.25	0.3333333333333333	0.2	0.2	0.0	0.5	0.14285714285714285	0.5	
Double-crested Cormorant	0.06666666666666667	0.4444444444444444	0.25	0.3333333333333333	0.16666666666666666	0.25	0.3333333333333333	0.16666666666666666	0.0	0.4	0.6	0.2916666666666667	0.21428571428571427	0.13333333333333333	0.23529411764705882	0.2	0.0	0.0	0.14285714285714285	0.14285714285714285	0.0	0.0	0.0	0.0	0.0	0.0	0.0	0.0	0.0	0.0	0.0	0.0	0.0	0.0015	0.1111111111111111	0.125	0.2	0.0	0.5	0.3333333333333333	0.75	0.6666666666666666	0.0	0.4	0.0	0.25	0.5714285714285714	0.5	
cormorant sp.	0.0	0.0	0.0	0.1111111111111111	0.0	0.0	0.0	0.0	0.0	0.2	0.0	0.041666666666666664	0.0	0.0	0.0	0.0	0.0	0.0	0.0	0.14285714285714285	0.25	0.0	0.5	0.0	0.0	0.0	0.0	0.0	0.0	0.0	0.0	0.13333333333333333	0.0	0.0015	0.0	0.0	0.1	0.0	0.08333333333333333	0.0	0.0	0.0	0.0	0.0	0.0	0.0	0.0	0.0	
American White Pelican	0.3333333333333333	0.2222222222222222	0.125	0.3333333333333333	0.16666666666666666	0.25	0.6666666666666666	0.3333333333333333	0.14285714285714285	0.4	0.2	0.125	0.14285714285714285	0.06666666666666667	0.11764705882352941	0.05	0.0	0.0	0.14285714285714285	0.0	0.0	0.0	0.0	0.0	0.0	0.3333333333333333	0.0	0.2857142857142857	0.2	0.0	0.0	0.0	0.0	0.0	0.0	0.0	0.1	0.1	0.16666666666666666	0.16666666666666666	0.25	0.0	0.2	0.3	0.0	0.5	0.42857142857142855	0.3333333333333333	
Brown Pelican	0.26666666666666666	0.5555555555555556	0.25	0.7777777777777778	0.3333333333333333	0.75	0.6666666666666666	0.8333333333333334	0.8571428571428571	0.6	0.6	0.7083333333333334	0.7142857142857143	0.7333333333333333	0.7058823529411765	0.725	0.6666666666666666	1.0	0.7142857142857143	0.5714285714285714	0.75	1.0	0.5	0.3333333333333333	0.0	0.6666666666666666	0.0	0.8571428571428571	1.0	0.6	0.3333333333333333	0.8	1.0	1.0	0.4444444444444444	0.625	0.8	0.5	0.8333333333333334	0.5833333333333334	0.75	0.6666666666666666	0.4	0.7	0.0015	1.0	0.8571428571428571	0.5	
Least Bittern	0.0	0.0	0.0	0.0	0.0	0.0	0.0	0.0	0.0	0.0	0.0	0.0	0.0	0.0	0.058823529411764705	0.05	0.13333333333333333	0.0	0.14285714285714285	0.0	0.125	0.0	0.0	0.0	0.0	0.0	0.0	0.14285714285714285	0.0	0.0	0.16666666666666666	0.06666666666666667	0.0	0.0015	0.0	0.0	0.0	0.0	0.0	0.0	0.0	0.0	0.0	0.0	0.0	0.0	0.0	0.0	
Great Blue Heron	0.2	0.4444444444444444	0.25	0.4444444444444444	0.16666666666666666	0.125	0.0	0.16666666666666666	0.42857142857142855	0.2	0.0	0.16666666666666666	0.14285714285714285	0.26666666666666666	0.11764705882352941	0.3	0.13333333333333333	0.5	0.5714285714285714	0.42857142857142855	0.625	0.3333333333333333	1.0	0.0	0.0	0.3333333333333333	0.0	0.7142857142857143	1.0	0.8	0.5	0.6	0.42857142857142855	0.6666666666666666	0.5555555555555556	0.5	0.5	0.4	0.6666666666666666	0.4166666666666667	0.75	0.3333333333333333	0.2	0.7	0.0	0.75	0.42857142857142855	0.3333333333333333	
Great Egret	0.5333333333333333	0.4444444444444444	0.125	0.6666666666666666	0.16666666666666666	0.625	0.0	0.3333333333333333	0.5714285714285714	0.2	0.6	0.4583333333333333	0.35714285714285715	0.4666666666666667	0.4117647058823529	0.45	0.26666666666666666	0.5	0.5714285714285714	0.8571428571428571	0.75	0.6666666666666666	1.0	0.3333333333333333	0.0	1.0	0.0	0.5714285714285714	0.8	0.4	0.5	0.5333333333333333	0.42857142857142855	0.6666666666666666	0.3333333333333333	0.75	0.7	0.3	0.75	0.5833333333333334	0.75	0.3333333333333333	0.2	0.5	0.0	0.75	0.2857142857142857	0.3333333333333333	
Snowy Egret	0.4666666666666667	0.4444444444444444	0.125	0.2222222222222222	0.0	0.25	0.0	0.3333333333333333	0.14285714285714285	0.0	0.4	0.2916666666666667	0.35714285714285715	0.4666666666666667	0.23529411764705882	0.45	0.4666666666666667	0.0	0.8571428571428571	0.8571428571428571	0.5	0.3333333333333333	0.5	0.0	0.0	0.3333333333333333	0.0	0.5714285714285714	0.6	0.4	0.16666666666666666	0.5333333333333333	0.7142857142857143	0.6666666666666666	0.5555555555555556	0.5	0.8	0.5	0.6666666666666666	0.3333333333333333	0.0	0.3333333333333333	0.0	0.4	0.0	0.5	0.14285714285714285	0.3333333333333333	
Little Blue Heron	0.0	0.1111111111111111	0.0	0.1111111111111111	0.0	0.125	0.0	0.16666666666666666	0.0	0.2	0.0	0.16666666666666666	0.14285714285714285	0.06666666666666667	0.23529411764705882	0.15	0.13333333333333333	0.0	0.42857142857142855	0.2857142857142857	0.0	0.0	0.5	0.0	0.0	0.6666666666666666	0.0	0.42857142857142855	0.4	0.4	0.16666666666666666	0.3333333333333333	0.14285714285714285	0.6666666666666666	0.2222222222222222	0.125	0.3	0.0	0.16666666666666666	0.0	0.0	0.0	0.0	0.2	0.0	0.25	0.14285714285714285	0.0	
Tricolored Heron	0.2	0.0015	0.0	0.1111111111111111	0.0	0.25	0.0	0.0	0.2857142857142857	0.0	0.2	0.2916666666666667	0.21428571428571427	0.4	0.29411764705882354	0.525	0.3333333333333333	0.5	0.7142857142857143	0.7142857142857143	0.75	0.3333333333333333	0.5	0.3333333333333333	0.0	0.3333333333333333	0.0	0.5714285714285714	0.4	0.6	0.6666666666666666	0.6666666666666666	0.7142857142857143	0.6666666666666666	0.3333333333333333	0.5	0.6	0.5	0.25	0.08333333333333333	0.5	0.0	0.0	0.2	0.0	0.75	0.2857142857142857	0.3333333333333333	
Reddish Egret	0.0	0.1111111111111111	0.0	0.1111111111111111	0.16666666666666666	0.125	0.0	0.16666666666666666	0.0	0.0	0.2	0.25	0.14285714285714285	0.26666666666666666	0.17647058823529413	0.45	0.26666666666666666	0.5	0.7142857142857143	0.42857142857142855	0.375	0.0	0.0	0.0	0.0	0.3333333333333333	0.0	0.42857142857142855	0.2	0.2	0.16666666666666666	0.9333333333333333	0.5714285714285714	0.6666666666666666	0.4444444444444444	0.375	0.9	0.4	0.5	0.3333333333333333	0.5	0.0	0.0	0.2	0.0	0.5	0.14285714285714285	0.16666666666666666	
Cattle Egret	0.0	0.0	0.0	0.0	0.0	0.0	0.0	0.0	0.0	0.0015	0.0	0.08333333333333333	0.07142857142857142	0.06666666666666667	0.17647058823529413	0.1	0.0	0.0	0.0	0.0	0.0	0.3333333333333333	0.0	0.0	0.0	0.3333333333333333	0.0	0.14285714285714285	0.0	0.0	0.0	0.13333333333333333	0.0	0.6666666666666666	0.0	0.0	0.1	0.2	0.0	0.0	0.0	0.0	0.0	0.1	0.0	0.0	0.0	0.0	
Green Heron	0.0	0.0	0.0	0.0	0.0	0.0	0.0	0.0	0.0	0.0	0.0	0.0	0.0	0.0	0.11764705882352941	0.125	0.06666666666666667	0.0	0.14285714285714285	0.42857142857142855	0.0	0.3333333333333333	0.5	0.0	0.0	0.3333333333333333	0.0	0.2857142857142857	0.0	0.0	0.16666666666666666	0.06666666666666667	0.0	0.0	0.0	0.0	0.0	0.0	0.0	0.0	0.0	0.0	0.0	0.0	0.0	0.0	0.0	0.0	
Black-crowned Night-Heron	0.0	0.1111111111111111	0.0	0.0	0.16666666666666666	0.0	0.0	0.0	0.14285714285714285	0.0	0.0	0.0	0.0	0.0	0.0	0.025	0.0	0.5	0.0	0.0	0.0	0.0	0.0	0.0	0.0	0.0	0.0	0.0	0.2	0.0	0.0	0.0	0.0	0.0	0.0	0.0	0.0	0.0	0.0	0.0	0.0	0.0	0.0	0.1	0.0	0.0	0.0	0.16666666666666666	
Yellow-crowned Night-Heron	0.0	0.0	0.0	0.0	0.16666666666666666	0.0	0.0	0.0	0.0	0.0	0.0	0.0	0.0	0.0	0.058823529411764705	0.025	0.0	0.5	0.0	0.14285714285714285	0.0	0.0	0.5	0.0	0.0	0.3333333333333333	0.0	0.2857142857142857	0.2	0.0	0.16666666666666666	0.2	0.0	0.3333333333333333	0.1111111111111111	0.25	0.0	0.0	0.0	0.0	0.0	0.0	0.0	0.1	0.0	0.0	0.14285714285714285	0.0	
White Ibis	0.13333333333333333	0.1111111111111111	0.0	0.1111111111111111	0.16666666666666666	0.25	0.0015	0.16666666666666666	0.42857142857142855	0.2	0.0	0.25	0.07142857142857142	0.06666666666666667	0.11764705882352941	0.2	0.06666666666666667	0.5	0.14285714285714285	0.0	0.125	0.0	0.0	0.0	0.0	0.3333333333333333	0.0	0.2857142857142857	0.4	0.4	0.0	0.2	0.14285714285714285	0.6666666666666666	0.3333333333333333	0.625	0.4	0.3	0.4166666666666667	0.4166666666666667	0.5	0.0	0.2	0.3	0.0	0.75	0.0	0.16666666666666666	
White-faced Ibis	0.13333333333333333	0.0	0.0	0.1111111111111111	0.0	0.0	0.0	0.0	0.14285714285714285	0.0	0.4	0.125	0.07142857142857142	0.13333333333333333	0.17647058823529413	0.075	0.06666666666666667	0.0	0.14285714285714285	0.14285714285714285	0.0	0.0	0.0	0.0	0.0	0.3333333333333333	0.0	0.0	0.0	0.0	0.0	0.0	0.0	0.3333333333333333	0.0	0.0	0.1	0.0	0.0	0.0	0.0	0.0	0.2	0.1	0.0	0.0	0.0	0.16666666666666666	
Glossy/White-faced Ibis	0.0	0.0	0.0	0.0	0.0	0.0	0.0	0.0	0.14285714285714285	0.0	0.0	0.0	0.0	0.0	0.0	0.0	0.0	0.0	0.0	0.0	0.0	0.0	0.0	0.0	0.0	0.0	0.0	0.0	0.0	0.0	0.0	0.0	0.0	0.0	0.0	0.0	0.1	0.0	0.0	0.0	0.0	0.0	0.0	0.0	0.0	0.0	0.0	0.0	
Roseate Spoonbill	0.0	0.1111111111111111	0.125	0.1111111111111111	0.16666666666666666	0.0	0.0	0.0	0.0	0.0	0.0	0.125	0.0	0.2	0.058823529411764705	0.425	0.06666666666666667	1.0	0.7142857142857143	0.14285714285714285	0.125	0.0	0.0	0.0	0.0	0.3333333333333333	0.0	0.2857142857142857	0.2	0.2	0.0	0.26666666666666666	0.42857142857142855	0.3333333333333333	0.2222222222222222	0.25	0.1	0.2	0.16666666666666666	0.16666666666666666	0.0	0.0	0.0	0.2	0.0	0.5	0.14285714285714285	0.16666666666666666	
Black Vulture	0.13333333333333333	0.0	0.0	0.0	0.0	0.0	0.0	0.0	0.0	0.0	0.2	0.16666666666666666	0.0	0.13333333333333333	0.11764705882352941	0.05	0.06666666666666667	0.0	0.0	0.0	0.0	0.0	0.0	0.0	0.0	0.0	0.0	0.2857142857142857	0.0	0.0	0.0	0.2	0.0	0.3333333333333333	0.0	0.0	0.0	0.0	0.25	0.16666666666666666	0.25	0.3333333333333333	0.0	0.1	0.0	0.25	0.0	0.0	
Turkey Vulture	0.3333333333333333	0.0	0.0	0.1111111111111111	0.16666666666666666	0.25	0.0	0.16666666666666666	0.14285714285714285	0.2	0.2	0.2916666666666667	0.0	0.26666666666666666	0.058823529411764705	0.125	0.06666666666666667	0.0	0.2857142857142857	0.14285714285714285	0.125	0.0	0.0	0.0	0.0	0.0	0.0	0.2857142857142857	0.0	0.2	0.0	0.26666666666666666	0.42857142857142855	0.6666666666666666	0.3333333333333333	0.125	0.3	0.0	0.4166666666666667	0.16666666666666666	0.25	0.3333333333333333	0.2	0.2	0.0	0.25	0.14285714285714285	0.16666666666666666	
Osprey	0.4666666666666667	0.1111111111111111	0.375	0.5555555555555556	0.16666666666666666	0.375	0.0	0.3333333333333333	0.14285714285714285	0.2	0.2	0.16666666666666666	0.07142857142857142	0.13333333333333333	0.23529411764705882	0.025	0.06666666666666667	0.0	0.14285714285714285	0.0	0.125	0.0	0.0	0.0	0.0	0.0	0.0	0.0	0.0	0.0	0.0	0.06666666666666667	0.0	0.0015	0.0	0.25	0.6	0.3	0.6666666666666666	0.4166666666666667	0.5	0.3333333333333333	0.6	0.4	0.0	0.5	0.2857142857142857	0.3333333333333333	
White-tailed Kite	0.0	0.0015	0.0	0.0	0.0	0.0	0.0	0.0	0.0	0.2	0.0	0.0	0.0	0.0	0.058823529411764705	0.0	0.0	0.0	0.0	0.0	0.0	0.0	0.0	0.0	0.0	0.0	0.0	0.0	0.0	0.0	0.0	0.0	0.0	0.0	0.0	0.0	0.0	0.0	0.08333333333333333	0.08333333333333333	0.0	0.0	0.0	0.1	0.0	0.5	0.0	0.16666666666666666	
Swallow-tailed Kite	0.0	0.0	0.0	0.0	0.0	0.0	0.0	0.0	0.0	0.0	0.0	0.0	0.0	0.0	0.058823529411764705	0.0	0.0	0.0	0.0	0.0	0.0	0.0	0.0	0.0	0.0	0.0	0.0	0.0	0.0	0.0	0.0	0.0	0.0	0.0	0.0	0.0	0.0	0.0	0.0	0.0	0.0	0.0	0.0	0.0	0.0	0.0	0.0	0.0	
Mississippi Kite	0.0	0.0	0.0	0.0	0.0	0.0	0.0	0.0	0.0	0.0	0.0	0.0	0.0	0.0	0.0	0.0	0.0	0.0	0.14285714285714285	0.0	0.0	0.0	0.0	0.0	0.0	0.0	0.0	0.0	0.0	0.0	0.0	0.06666666666666667	0.0	0.0	0.0	0.0	0.0	0.0	0.0	0.0	0.0	0.0	0.0	0.0	0.0	0.0	0.0	0.0	
Northern Harrier	0.26666666666666666	0.4444444444444444	0.625	0.2222222222222222	0.16666666666666666	0.125	0.0	0.16666666666666666	0.14285714285714285	0.0	0.6	0.3333333333333333	0.21428571428571427	0.0	0.0	0.025	0.0	0.0	0.14285714285714285	0.0	0.0	0.0	0.0	0.0	0.0	0.0	0.0	0.0	0.0	0.0	0.0	0.0	0.0	0.6666666666666666	0.1111111111111111	0.125	0.2	0.0	0.4166666666666667	0.5	0.5	0.3333333333333333	0.0	0.5	0.0	0.5	0.2857142857142857	0.3333333333333333	
Cooper's Hawk	0.0	0.1111111111111111	0.0	0.0	0.0	0.0	0.0	0.0	0.0	0.0	0.0	0.0	0.0	0.0	0.0	0.0	0.0	0.0	0.0	0.0	0.0	0.0	0.0	0.0	0.0	0.0	0.0	0.0	0.0	0.0	0.0	0.0	0.0	0.0	0.0	0.0	0.0	0.0	0.0	0.16666666666666666	0.0	0.0	0.0	0.0	0.0	0.0	0.0	0.16666666666666666	
Bald Eagle	0.0	0.0	0.0	0.0	0.0	0.0	0.0	0.0	0.0	0.0	0.0	0.0	0.0	0.0	0.0	0.0	0.0	0.0	0.0	0.0	0.0	0.0	0.0	0.0	0.0	0.0	0.0	0.0	0.0	0.0	0.0	0.0	0.0	0.0	0.0	0.0	0.0	0.0	0.0	0.0	0.0	0.0	0.0	0.1	0.0	0.0	0.0	0.0	
White-tailed Hawk	0.0	0.0015	0.0	0.0	0.0	0.0	0.0	0.0	0.0	0.0	0.0	0.0	0.0	0.0	0.0	0.0	0.0	0.0	0.0	0.0	0.0	0.0	0.0	0.0	0.0	0.0	0.0	0.0	0.0	0.0	0.0	0.0	0.0	0.0	0.1111111111111111	0.125	0.0	0.0	0.0	0.0	0.0	0.0	0.0	0.0	0.0	0.0	0.0	0.0	
Red-shouldered Hawk	0.0	0.0	0.0	0.0	0.0	0.0	0.0	0.0	0.0	0.0	0.0	0.0	0.0	0.0	0.0	0.0	0.0	0.0	0.0	0.0	0.0	0.0	0.0	0.0	0.0	0.0	0.0	0.0	0.0	0.0	0.0	0.0	0.0	0.0	0.0	0.0	0.0	0.0	0.0	0.0	0.0	0.0	0.0	0.1	0.0	0.0	0.0	0.16666666666666666	
Swainson's Hawk	0.0	0.0	0.0	0.0	0.0	0.0	0.0	0.0	0.0	0.0	0.0	0.0	0.0	0.0	0.0	0.025	0.0	0.0	0.0	0.14285714285714285	0.0	0.0	0.0	0.0	0.0	0.0	0.0	0.0	0.0	0.0	0.0	0.0	0.0	0.0	0.2222222222222222	0.125	0.0	0.0	0.0	0.0	0.0	0.0	0.0	0.0	0.0	0.0	0.0	0.0	
Red-tailed Hawk	0.5333333333333333	0.1111111111111111	0.375	0.2222222222222222	0.0	0.25	0.0	0.6666666666666666	0.2857142857142857	0.4	0.2	0.08333333333333333	0.07142857142857142	0.06666666666666667	0.0	0.05	0.0	0.0	0.0	0.0	0.0	0.0	0.0	0.0	0.0	0.0	0.0	0.0	0.0	0.0	0.0	0.0	0.0	0.0	0.0	0.0	0.1	0.0	0.08333333333333333	0.08333333333333333	0.5	0.3333333333333333	0.4	0.2	0.0	0.75	0.2857142857142857	0.5	
Belted Kingfisher	0.2	0.2222222222222222	0.0	0.1111111111111111	0.0	0.0	0.0	0.0	0.0	0.2	0.0	0.08333333333333333	0.14285714285714285	0.06666666666666667	0.0	0.025	0.0	0.0	0.0	0.0	0.0	0.0	0.0	0.0	0.0	0.0	0.0	0.0	0.0	0.0	0.0	0.0	0.0	0.0	0.0	0.0	0.1	0.0	0.25	0.08333333333333333	0.0	0.0	0.0	0.2	0.0	0.25	0.14285714285714285	0.16666666666666666	
Yellow-bellied Sapsucker	0.0	0.0	0.0	0.0	0.0	0.0	0.0	0.0	0.0	0.0	0.0	0.0	0.0	0.0	0.0	0.0	0.0	0.0	0.0	0.0	0.0	0.0	0.0	0.0	0.0	0.0	0.0	0.0	0.0	0.0	0.0	0.0	0.0	0.0	0.0	0.0	0.0	0.0	0.0	0.0	0.0	0.0	0.0	0.0	0.0	0.0	0.14285714285714285	0.0	
Northern Flicker	0.0	0.0	0.0	0.0	0.0	0.0	0.0	0.0	0.0	0.0	0.0	0.0	0.0	0.0	0.0	0.0	0.0	0.0	0.0	0.0	0.0	0.0	0.0	0.0	0.0	0.0	0.0	0.0	0.0	0.0	0.0	0.0	0.0	0.0	0.0	0.0	0.0	0.0	0.0	0.0	0.0	0.0	0.0	0.0	0.0	0.0	0.14285714285714285	0.0	
Crested Caracara	0.06666666666666667	0.0015	0.0	0.0	0.0	0.0	0.0	0.0	0.14285714285714285	0.0	0.2	0.041666666666666664	0.0	0.0	0.058823529411764705	0.1	0.0	0.0	0.0	0.0	0.0	0.0	0.0	0.0	0.0	0.0	0.0	0.0	0.0	0.0	0.0	0.0	0.14285714285714285	0.0	0.0	0.0	0.1	0.0	0.0	0.0	0.0	0.0	0.2	0.1	0.0	0.75	0.14285714285714285	0.16666666666666666	
American Kestrel	0.26666666666666666	0.3333333333333333	0.125	0.1111111111111111	0.3333333333333333	0.0	0.0	0.16666666666666666	0.14285714285714285	0.0	0.0	0.0	0.07142857142857142	0.0	0.058823529411764705	0.0	0.0	0.0	0.0	0.0	0.0	0.0	0.0	0.0	0.0	0.0	0.0	0.0	0.0	0.0	0.0	0.0	0.0	0.0	0.0	0.0	0.1	0.0	0.16666666666666666	0.08333333333333333	0.0015	0.0	0.4	0.2	0.0	0.25	0.2857142857142857	0.3333333333333333	
Merlin	0.0	0.0	0.0	0.0	0.0	0.0	0.0	0.0	0.14285714285714285	0.0	0.0	0.0	0.0	0.0	0.0	0.0	0.06666666666666667	0.0	0.0	0.0	0.0	0.0	0.0	0.0	0.0	0.0	0.0	0.0	0.0	0.0	0.0	0.0	0.0	0.0	0.0	0.0	0.0	0.0	0.0	0.0	0.0	0.0	0.2	0.0	0.0	0.0	0.0	0.0	
Peregrine Falcon	0.0	0.0	0.0	0.0	0.0	0.0	0.0	0.0	0.14285714285714285	0.0	0.0	0.0	0.0	0.0	0.0	0.0	0.0	0.0	0.0	0.0	0.0	0.0	0.0	0.0	0.0	0.0	0.0	0.0	0.0	0.0	0.0	0.0	0.0	0.0	0.0	0.125	0.0	0.0	0.0	0.08333333333333333	0.0	0.0	0.0	0.0	0.0	0.0	0.14285714285714285	0.0	
Monk Parakeet	0.0	0.1111111111111111	0.0	0.0	0.0	0.0	0.0	0.0	0.0	0.0	0.0	0.0	0.0	0.0	0.0	0.0	0.0	0.0	0.0	0.0	0.0	0.0	0.0	0.0	0.0	0.0	0.0	0.14285714285714285	0.0	0.0	0.0	0.0	0.0	0.0	0.0	0.0	0.0	0.0	0.0	0.0	0.0	0.0	0.0	0.0	0.0	0.0	0.0	0.0	
Eastern Wood-Pewee	0.0	0.0	0.0	0.0	0.0	0.0	0.0	0.0	0.0	0.0	0.0	0.0	0.0	0.0	0.0	0.025	0.06666666666666667	0.5	0.0	0.0	0.0	0.0	0.0	0.0	0.0	0.0	0.0	0.0	0.0	0.0	0.0	0.06666666666666667	0.0	0.0	0.1111111111111111	0.0	0.0	0.0	0.0	0.0	0.0	0.0	0.0	0.0	0.0	0.0	0.0	0.0	
Eastern Phoebe	0.4	0.1111111111111111	0.0	0.1111111111111111	0.0	0.0	0.0	0.16666666666666666	0.0	0.0	0.0	0.0	0.0	0.0	0.0	0.0	0.0	0.0	0.0	0.0	0.0	0.0	0.0	0.0	0.0	0.0	0.0	0.0	0.0	0.0	0.0	0.0	0.0	0.0	0.0	0.0	0.0	0.0	0.08333333333333333	0.0	0.0	0.0	0.4	0.0	0.0	0.75	0.14285714285714285	0.16666666666666666	
Couch's Kingbird	0.0	0.0	0.0	0.0	0.0	0.0	0.0	0.0	0.0	0.0	0.0	0.0	0.0	0.0	0.0015	0.0	0.0	0.0	0.0	0.0	0.0	0.0	0.0	0.0	0.0	0.0	0.0	0.0	0.0	0.0	0.0	0.0	0.0	0.0	0.0	0.0	0.0	0.0	0.0	0.0	0.0	0.0	0.0	0.0	0.0	0.0	0.0	0.0	
Eastern Kingbird	0.0	0.0	0.0	0.0	0.0	0.0	0.0	0.0	0.0	0.0	0.0	0.0	0.0	0.0	0.0	0.05	0.13333333333333333	0.0	0.14285714285714285	0.0	0.0	0.0	0.0	0.0	0.0	0.0	0.0	0.2857142857142857	0.0	0.0	0.16666666666666666	0.06666666666666667	0.2857142857142857	0.0015	0.1111111111111111	0.125	0.0	0.0	0.0	0.0	0.0	0.0	0.0	0.0	0.0	0.0	0.0	0.0	
Scissor-tailed Flycatcher	0.0	0.0	0.0	0.0	0.0	0.0	0.0	0.0	0.0	0.0	0.0	0.20833333333333334	0.2857142857142857	0.5333333333333333	0.17647058823529413	0.425	0.26666666666666666	0.5	0.14285714285714285	0.2857142857142857	0.875	0.3333333333333333	1.0	0.6666666666666666	0.0	1.0	1.0	0.42857142857142855	0.6	0.2	0.3333333333333333	0.2	0.2857142857142857	0.6666666666666666	0.2222222222222222	0.125	0.4	0.1	0.5833333333333334	0.16666666666666666	0.0	0.0	0.0	0.0	0.0	0.0	0.0	0.0	
Loggerhead Shrike	0.6	0.6666666666666666	0.25	0.1111111111111111	0.3333333333333333	0.125	0.0	0.6666666666666666	0.42857142857142855	0.2	0.2	0.2916666666666667	0.07142857142857142	0.26666666666666666	0.0015	0.175	0.13333333333333333	0.0	0.14285714285714285	0.14285714285714285	0.25	0.3333333333333333	0.5	0.3333333333333333	0.0	0.0	0.0	0.42857142857142855	0.2	0.0	0.5	0.2	0.42857142857142855	0.6666666666666666	0.2222222222222222	0.125	0.2	0.1	0.3333333333333333	0.4166666666666667	0.0	0.0	0.0	0.4	0.0	0.75	0.14285714285714285	0.3333333333333333	
White-eyed Vireo	0.0	0.0	0.0	0.0	0.0	0.0	0.0	0.0	0.0	0.0	0.0	0.0	0.0	0.06666666666666667	0.0	0.0	0.0	0.0	0.0	0.0	0.0	0.0	0.0	0.0	0.0	0.0	0.0	0.0	0.0	0.0	0.0	0.0	0.0	0.0	0.0	0.0	0.0	0.0	0.0	0.0	0.0	0.0	0.0	0.0	0.0	0.0	0.0	0.0	
American Crow	0.0	0.1111111111111111	0.0	0.0	0.0	0.0	0.0	0.0	0.0	0.0	0.2	0.041666666666666664	0.0	0.0	0.0	0.05	0.0	0.0	0.0	0.0	0.0	0.0	0.0	0.0	0.0	0.0	0.0	0.0	0.0	0.0	0.0	0.06666666666666667	0.0	0.0	0.0	0.0	0.1	0.0	0.0	0.0	0.0	0.0	0.0	0.1	0.0	0.0	0.14285714285714285	0.16666666666666666	
Horned Lark	0.13333333333333333	0.1111111111111111	0.625	0.4444444444444444	0.0	0.25	0.3333333333333333	0.3333333333333333	0.2857142857142857	0.0	0.2	0.2916666666666667	0.5714285714285714	0.2	0.29411764705882354	0.25	0.2	0.5	0.2857142857142857	0.2857142857142857	0.0	0.0	0.0	0.0	0.0	0.0	0.0	0.14285714285714285	0.0	0.0	0.16666666666666666	0.06666666666666667	0.14285714285714285	0.0015	0.1111111111111111	0.0	0.4	0.0	0.3333333333333333	0.0	0.25	0.0	0.2	0.1	0.0	0.25	0.14285714285714285	0.16666666666666666	
Northern Rough-winged Swallow	0.0	0.0	0.0	0.0	0.0	0.0	0.0	0.0	0.0	0.0	0.0	0.0	0.07142857142857142	0.0	0.0	0.05	0.0	0.0	0.0	0.0	0.0	0.0	0.0	0.0	0.0	0.0	0.0	0.0	0.0	0.0	0.0	0.0	0.0	0.0	0.0	0.0	0.0	0.0	0.08333333333333333	0.0	0.0	0.0	0.0	0.0	0.0	0.0	0.0	0.0015	
Purple Martin	0.0	0.0	0.0	0.0	0.0	0.0	0.0	0.0	0.14285714285714285	0.0	0.0	0.041666666666666664	0.0	0.13333333333333333	0.0	0.1	0.2	0.0	0.0	0.2857142857142857	0.25	0.0	0.0	0.3333333333333333	0.0	0.6666666666666666	0.0	0.2857142857142857	0.4	0.2	0.0	0.0	0.0	0.0	0.0	0.0	0.0	0.0	0.0	0.0	0.0	0.0	0.0	0.0	0.0	0.0	0.0	0.0	
Tree Swallow	0.0	0.0	0.0	0.1111111111111111	0.0	0.0	0.0	0.0	0.0	0.0015	0.0	0.20833333333333334	0.0	0.06666666666666667	0.11764705882352941	0.0	0.0	0.0	0.0	0.0	0.0	0.0	0.0	0.0	0.0	0.0	0.0	0.0	0.0	0.0	0.0	0.0	0.0	0.0	0.0	0.0	0.0	0.0	0.0	0.0	0.0	0.0	0.0	0.0	0.0	0.0	0.0	0.0	
Bank Swallow	0.0	0.0	0.0	0.0	0.0	0.0	0.0	0.0	0.0	0.0	0.0	0.041666666666666664	0.0	0.0	0.0	0.0015	0.0	0.0	0.0	0.0	0.0	0.0	0.0	0.0	0.0	0.0	0.0	0.0	0.0	0.0	0.0	0.0	0.0	0.3333333333333333	0.0	0.0	0.0	0.1	0.0	0.0	0.0	0.0	0.0	0.0	0.0	0.0	0.0	0.0	
Barn Swallow	0.0	0.0	0.0	0.0	0.0	0.0	0.0	0.0	0.14285714285714285	0.0	0.2	0.4166666666666667	0.14285714285714285	0.3333333333333333	0.47058823529411764	0.425	0.2	0.5	0.42857142857142855	0.5714285714285714	0.625	0.6666666666666666	0.5	0.3333333333333333	0.0	0.0	0.0	0.5714285714285714	0.8	0.0	0.3333333333333333	0.2	0.14285714285714285	0.3333333333333333	0.2222222222222222	0.125	0.3	0.0	0.0	0.0	0.25	0.0	0.0	0.0	0.0	0.0	0.0	0.0	
Cliff Swallow	0.0	0.0	0.0	0.0	0.0	0.0	0.0	0.0	0.0	0.0	0.0	0.0	0.07142857142857142	0.0	0.0	0.025	0.0	0.0	0.0	0.0	0.0	0.0	0.5	0.0	0.0	0.0	0.0	0.14285714285714285	0.0	0.0	0.16666666666666666	0.0	0.0	0.0	0.1111111111111111	0.0	0.2	0.0	0.0	0.0	0.0	0.0	0.0	0.0	0.0	0.0	0.0	0.0	
Cave Swallow	0.0	0.0	0.0	0.0	0.0	0.0	0.0	0.0	0.0	0.0	0.0	0.0	0.0	0.0	0.0	0.025	0.0	0.0	0.0	0.0	0.0	0.0	0.0	0.0	0.0	0.0	0.0	0.0	0.0	0.0	0.0	0.0	0.0	0.0	0.0	0.125	0.0	0.0	0.0	0.0	0.0	0.0	0.0	0.0	0.0	0.0	0.0	0.0	
Cliff/Cave Swallow	0.0	0.0	0.0	0.0	0.0	0.0	0.0	0.0	0.0	0.0	0.0	0.0	0.0	0.0	0.0	0.0	0.0	0.0	0.0	0.0	0.0	0.0	0.0	0.0	0.0	0.0	0.0	0.0	0.0	0.0	0.0	0.0	0.0	0.0015	0.0	0.0	0.0	0.0	0.0	0.0	0.0	0.0	0.0	0.0	0.0	0.0	0.0	0.0	
swallow sp.	0.0	0.0	0.0	0.0	0.0	0.0	0.0	0.0	0.0	0.0	0.0	0.0	0.0	0.0	0.0	0.0	0.06666666666666667	0.0	0.0	0.0	0.0	0.0	0.0	0.0	0.0	0.0	0.0	0.0	0.0	0.0	0.0	0.0	0.14285714285714285	0.0015	0.0	0.0	0.1	0.0	0.08333333333333333	0.0	0.0	0.0	0.0	0.0	0.0	0.0	0.0	0.0	
Tufted Titmouse	0.0	0.0	0.0	0.0	0.0	0.0	0.0	0.0	0.0	0.0	0.0	0.0	0.0	0.0	0.0	0.025	0.0	0.0	0.0	0.0	0.0	0.0	0.0	0.0	0.0	0.0	0.0	0.0	0.0	0.0	0.0	0.0	0.0	0.0	0.0	0.0	0.0	0.0	0.0	0.0	0.0	0.0	0.0	0.0	0.0	0.0	0.0	0.0	
House Wren	0.0	0.0	0.0	0.0	0.0	0.0	0.0	0.0	0.0	0.0	0.0	0.0	0.0	0.0	0.0015	0.0	0.0	0.0	0.0	0.0	0.0	0.0	0.0	0.0	0.0	0.0	0.0	0.0	0.0	0.0	0.0	0.0	0.0	0.0	0.0	0.0	0.0	0.0	0.08333333333333333	0.0	0.25	0.0	0.0	0.0	0.0	0.0	0.0	0.16666666666666666	
Sedge Wren	0.06666666666666667	0.0	0.0	0.0	0.0	0.0	0.0	0.0	0.0	0.0	0.0	0.041666666666666664	0.0	0.0	0.0015	0.0	0.0	0.0	0.0	0.0	0.0	0.0	0.0	0.0	0.0	0.0	0.0	0.0	0.0	0.0	0.0	0.0	0.0	0.0	0.0	0.0	0.0	0.0	0.08333333333333333	0.0	0.0	0.0	0.2	0.0	0.0	0.25	0.0	0.0	
Marsh Wren	0.0	0.0	0.0	0.0	0.0	0.0	0.0	0.0	0.0	0.0	0.0	0.041666666666666664	0.0	0.06666666666666667	0.11764705882352941	0.025	0.0	0.0	0.0	0.0	0.0	0.0	0.0	0.0	0.0	0.0	0.0	0.0	0.0	0.0	0.0	0.0	0.0	0.0	0.0	0.0	0.0	0.0	0.08333333333333333	0.0	0.0	0.0	0.0	0.0	0.0	0.25	0.0	0.0	
Blue-gray Gnatcatcher	0.0	0.0	0.0	0.0	0.0	0.0	0.0	0.0	0.0	0.0	0.0	0.0	0.0	0.0	0.0	0.0	0.0	0.0	0.0	0.0	0.0	0.0	0.0	0.0	0.0	0.0	0.0	0.0	0.0	0.0	0.0	0.0	0.0	0.0	0.0	0.0	0.0	0.0	0.0	0.0	0.0	0.0	0.0	0.0	0.0	0.25	0.0	0.0	
Ruby-crowned Kinglet	0.06666666666666667	0.0	0.0	0.0	0.16666666666666666	0.0	0.0	0.0	0.0	0.0	0.0	0.0	0.0	0.0	0.0	0.0	0.0	0.0	0.0	0.0	0.0	0.0	0.0	0.0	0.0	0.0	0.0	0.0	0.0	0.0	0.0	0.0	0.0	0.0	0.0	0.0	0.0	0.0	0.0	0.0	0.0	0.0	0.0	0.0	0.0	0.25	0.0	0.16666666666666666	
Eastern Bluebird	0.0	0.0	0.0	0.0	0.0	0.0	0.0	0.0	0.0	0.0	0.0	0.0	0.0	0.0	0.0	0.0	0.06666666666666667	0.0	0.0	0.0	0.0	0.0	0.0	0.0	0.0	0.0	0.0	0.0	0.0	0.0	0.0	0.0	0.0	0.0	0.0	0.0	0.0	0.0	0.0	0.0	0.0	0.0	0.0	0.0	0.0	0.0	0.0	0.0	
Gray-cheeked Thrush	0.0	0.0	0.0	0.0	0.0	0.0	0.0	0.0	0.0	0.0	0.0	0.0	0.0	0.0	0.0	0.025	0.0	0.0	0.0	0.0	0.0	0.0	0.0	0.0	0.0	0.0	0.0	0.0	0.0	0.0	0.0	0.0	0.0	0.0	0.0	0.0	0.0	0.0	0.0	0.0	0.0	0.0	0.0	0.0	0.0	0.0	0.0	0.0	
Wood Thrush	0.0	0.0	0.0	0.0	0.0	0.0	0.0	0.0	0.0	0.0	0.0	0.0	0.0	0.0	0.0	0.025	0.0	0.0	0.0	0.0	0.0	0.0	0.0	0.0	0.0	0.0	0.0	0.0	0.0	0.0	0.0	0.0	0.0	0.0	0.0	0.0	0.0	0.0	0.0	0.0	0.0	0.0	0.0	0.0	0.0	0.0	0.0	0.0	
Gray Catbird	0.0	0.0	0.0	0.0	0.0	0.0	0.0	0.0	0.0	0.0	0.0	0.0	0.0	0.0	0.0	0.05	0.06666666666666667	0.0	0.0	0.0	0.0	0.0	0.0	0.0	0.0	0.0	0.0	0.0	0.0	0.0	0.0	0.0	0.0	0.0	0.0	0.0	0.0	0.0	0.08333333333333333	0.0	0.0	0.0	0.0	0.0	0.0	0.0	0.0	0.0	
Northern Mockingbird	0.3333333333333333	0.4444444444444444	0.375	0.1111111111111111	0.16666666666666666	0.25	0.0	0.3333333333333333	0.2857142857142857	0.0	0.2	0.5833333333333334	0.14285714285714285	0.4	0.4117647058823529	0.275	0.3333333333333333	0.5	0.2857142857142857	0.42857142857142855	0.625	0.3333333333333333	0.5	1.0	0.0	1.0	1.0	0.5714285714285714	0.6	0.0	0.5	0.3333333333333333	0.2857142857142857	0.6666666666666666	0.2222222222222222	0.25	0.3	0.2	0.75	0.4166666666666667	0.25	0.0	0.4	0.4	0.0	0.75	0.14285714285714285	0.3333333333333333	
European Starling	0.0	0.1111111111111111	0.125	0.2222222222222222	0.0	0.0	0.0	0.3333333333333333	0.0	0.4	0.2	0.08333333333333333	0.2857142857142857	0.2	0.0	0.15	0.06666666666666667	0.0	0.2857142857142857	0.5714285714285714	0.25	0.0	0.5	0.3333333333333333	0.0	0.0	0.0	0.5714285714285714	0.6	0.0	0.3333333333333333	0.06666666666666667	0.14285714285714285	0.3333333333333333	0.0	0.125	0.2	0.0	0.16666666666666666	0.0	0.0	0.3333333333333333	0.2	0.1	0.0	0.25	0.0	0.16666666666666666	
American Pipit	0.26666666666666666	0.1111111111111111	0.5	0.1111111111111111	0.0	0.0	0.0	0.3333333333333333	0.14285714285714285	0.0	0.0	0.0	0.0	0.0	0.0	0.0	0.0	0.0	0.0	0.0	0.0	0.0	0.0	0.0	0.0	0.0	0.0	0.0	0.0	0.0	0.0	0.0	0.0	0.0	0.0	0.0	0.0	0.0	0.0	0.0	0.0	0.0	0.2	0.0	0.0	0.25	0.2857142857142857	0.0015	
Sprague's Pipit	0.0	0.0	0.0	0.0	0.0	0.125	0.0	0.0	0.0	0.0	0.0	0.0	0.0	0.0	0.0	0.0	0.0	0.0	0.0	0.0	0.0	0.0	0.0	0.0	0.0	0.0	0.0	0.0	0.0	0.0	0.0	0.0	0.0	0.0	0.0	0.0	0.0	0.0	0.0	0.0	0.0	0.0	0.0	0.0	0.0	0.0	0.0	0.0	
Pine Siskin	0.0	0.0	0.0	0.0	0.0	0.0	0.0	0.0	0.0	0.0	0.0	0.0	0.0	0.0	0.0	0.0	0.0	0.0	0.0	0.0	0.0	0.0	0.0	0.0	0.0	0.0	0.0	0.0	0.0	0.0	0.0	0.0	0.0	0.0	0.0	0.0	0.0	0.0	0.0	0.0	0.25	0.0	0.0	0.0	0.0	0.0	0.0	0.0	
Lapland Longspur	0.0	0.0	0.0	0.0	0.0	0.0	0.0	0.0	0.0	0.0	0.0	0.0	0.0	0.0	0.0	0.0	0.0	0.0	0.0	0.0	0.0	0.0	0.0	0.0	0.0	0.0	0.0	0.0	0.0	0.0	0.0	0.0	0.0	0.0	0.0	0.0	0.0	0.0	0.0	0.08333333333333333	0.0	0.0	0.0	0.0	0.0	0.0	0.0	0.0	
Grasshopper Sparrow	0.0	0.0	0.0	0.0	0.0	0.0	0.0	0.0	0.0	0.0	0.0	0.0	0.0	0.0	0.0	0.0	0.0	0.0	0.0	0.0	0.0	0.0	0.0	0.0	0.0	0.0	0.0	0.0	0.0	0.0	0.0	0.0	0.0	0.0	0.0	0.0	0.0	0.0	0.0	0.0	0.5	0.0	0.0	0.0	0.0	0.0	0.0	0.0	
Field Sparrow	0.0	0.0	0.0	0.0	0.0	0.0	0.0	0.0	0.0	0.0	0.0	0.0	0.0	0.0	0.0	0.0	0.0	0.0	0.0	0.0	0.0	0.0	0.0	0.0	0.0	0.0	0.0	0.0	0.0	0.0	0.0	0.0	0.0	0.0	0.0	0.0	0.0	0.0	0.0	0.0	0.0	0.0	0.0	0.0	0.0	0.25	0.0	0.16666666666666666	
Lark Sparrow	0.0	0.0	0.0	0.0	0.0	0.0	0.0	0.0	0.0	0.0	0.0	0.041666666666666664	0.0	0.0	0.0	0.0	0.0	0.0	0.0	0.0	0.0	0.0	0.0	0.0	0.0	0.0	0.0	0.0	0.0	0.0	0.0	0.0	0.0	0.0	0.0	0.0	0.0	0.0	0.0	0.0	0.0	0.0	0.0	0.0	0.0	0.0	0.0	0.0	
Fox Sparrow	0.0	0.1111111111111111	0.0	0.0	0.0	0.0	0.0	0.0	0.0	0.0	0.0	0.0	0.0	0.0	0.0	0.0	0.0	0.0	0.0	0.0	0.0	0.0	0.0	0.0	0.0	0.0	0.0	0.0	0.0	0.0	0.0	0.0	0.0	0.0	0.0	0.0	0.0	0.0	0.0	0.0	0.0	0.0	0.0	0.0	0.0	0.0	0.0	0.0	
White-crowned Sparrow	0.0	0.0	0.0	0.0	0.0	0.0	0.0	0.0	0.0	0.0	0.0	0.0	0.0	0.0	0.0	0.025	0.0	0.0	0.0	0.0	0.0	0.0	0.0	0.0	0.0	0.0	0.0	0.0	0.0	0.0	0.0	0.0	0.0	0.0	0.0	0.0	0.0	0.0	0.0	0.0	0.0	0.0	0.0	0.0	0.0	0.0	0.0	0.16666666666666666	
Harris's Sparrow	0.0	0.0	0.0	0.0	0.0	0.0	0.0	0.0	0.0	0.0	0.0	0.0	0.0	0.0	0.0	0.0	0.0	0.0	0.0	0.0	0.0	0.0	0.0	0.0	0.0	0.0	0.0	0.0	0.0	0.0	0.0	0.0	0.0	0.0	0.0	0.0	0.0	0.0	0.0	0.0	0.0	0.0	0.0	0.0	0.0	0.0	0.14285714285714285	0.16666666666666666	
Seaside Sparrow	0.0	0.2222222222222222	0.0	0.0	0.0	0.0	0.0	0.0	0.0	0.0	0.0	0.0	0.0	0.0	0.0	0.0	0.0	0.0	0.14285714285714285	0.0	0.0	0.0	0.0	0.0	0.0	0.0	0.0	0.14285714285714285	0.0	0.0	0.0	0.0	0.0	0.0	0.0	0.125	0.0	0.0	0.0	0.0	0.0	0.0	0.0	0.0	0.0	0.25	0.0	0.0	
Savannah Sparrow	0.4666666666666667	0.4444444444444444	0.125	0.3333333333333333	0.5	0.125	0.0	0.3333333333333333	0.5714285714285714	0.4	0.6	0.3333333333333333	0.14285714285714285	0.06666666666666667	0.17647058823529413	0.125	0.2	0.0	0.0	0.0	0.0	0.0	0.0	0.0	0.0	0.0	0.0	0.0	0.0	0.0	0.0	0.0	0.0	0.0	0.0	0.0	0.0	0.0	0.08333333333333333	0.0	0.0	0.0	0.2	0.2	0.0	0.5	0.2857142857142857	0.3333333333333333	
Song Sparrow	0.0	0.0	0.0	0.0	0.0	0.0	0.0	0.0	0.0	0.0	0.0	0.0	0.0	0.0	0.0	0.0	0.0	0.0	0.0	0.0	0.0	0.0	0.0	0.0	0.0	0.0	0.0	0.0	0.0	0.0	0.0	0.0	0.0	0.0	0.0	0.0	0.0	0.0	0.0	0.0	0.0	0.0	0.0	0.0	0.0	0.0	0.0	0.16666666666666666	
Lincoln's Sparrow	0.06666666666666667	0.0	0.0	0.0	0.0	0.0	0.0	0.0	0.0	0.0	0.0	0.0	0.0	0.0	0.11764705882352941	0.025	0.0	0.0	0.0	0.0	0.0	0.0	0.0	0.0	0.0	0.0	0.0	0.0	0.0	0.0	0.0	0.0	0.0	0.0	0.0	0.0	0.0	0.0	0.0	0.0	0.0	0.0	0.2	0.0	0.0	0.25	0.0	0.0	
Swamp Sparrow	0.06666666666666667	0.0	0.0	0.0	0.0	0.0	0.0	0.0	0.0	0.0	0.0	0.041666666666666664	0.0	0.0	0.058823529411764705	0.0	0.0	0.0	0.0	0.0	0.0	0.0	0.0	0.0	0.0	0.0	0.0	0.0	0.0	0.0	0.0	0.0	0.0	0.0	0.0	0.0	0.0	0.0	0.0	0.08333333333333333	0.0	0.0	0.0	0.0	0.0	0.25	0.0	0.0	
sparrow sp.	0.06666666666666667	0.0	0.0	0.0	0.0	0.0	0.0	0.0	0.0	0.0	0.0	0.0	0.0	0.06666666666666667	0.0	0.0	0.0	0.0	0.0	0.0	0.0	0.0	0.0	0.0	0.0	0.0	0.0	0.0	0.0	0.0	0.0	0.0	0.0	0.0	0.0	0.0	0.0	0.0	0.0	0.0	0.0	0.0	0.0	0.0	0.0	0.0	0.0	0.0	
Eastern Meadowlark	0.0	0.2222222222222222	0.5	0.1111111111111111	0.16666666666666666	0.25	0.0	0.6666666666666666	0.0	0.2	0.0015	0.25	0.14285714285714285	0.06666666666666667	0.058823529411764705	0.075	0.06666666666666667	0.0	0.42857142857142855	0.14285714285714285	0.0	0.0	0.0	0.0	0.0	0.0	0.0	0.14285714285714285	0.2	0.2	0.0	0.06666666666666667	0.0	0.0	0.1111111111111111	0.125	0.1	0.0	0.16666666666666666	0.08333333333333333	0.25	0.0	0.0	0.2	0.0	0.0	0.2857142857142857	0.16666666666666666	
Orchard Oriole	0.0	0.0	0.0	0.0	0.0	0.0	0.0	0.0	0.0	0.0	0.0	0.041666666666666664	0.0	0.0	0.0	0.125	0.13333333333333333	0.0	0.0	0.0	0.0	0.0	0.0	0.0	0.0	0.0	0.0	0.0	0.0	0.0	0.0	0.0	0.0	0.3333333333333333	0.0	0.0	0.0	0.0	0.0	0.0	0.0	0.0	0.0	0.0	0.0	0.0	0.0	0.0	
Baltimore Oriole	0.0	0.0	0.0	0.0	0.0	0.0	0.0	0.0	0.0	0.0	0.0	0.0	0.0	0.0	0.11764705882352941	0.075	0.06666666666666667	0.0	0.0	0.0	0.0	0.0	0.0	0.0	0.0	0.0	0.0	0.0	0.0	0.0	0.0	0.0	0.0	0.0	0.1111111111111111	0.0	0.0	0.0	0.0	0.0	0.0	0.0	0.0	0.0	0.0	0.0	0.0	0.0	
Red-winged Blackbird	0.0	0.1111111111111111	0.125	0.2222222222222222	0.3333333333333333	0.125	0.0	0.16666666666666666	0.5714285714285714	0.6	0.4	0.3333333333333333	0.21428571428571427	0.3333333333333333	0.23529411764705882	0.25	0.26666666666666666	0.0	0.5714285714285714	0.42857142857142855	0.625	0.3333333333333333	1.0	1.0	0.0	0.0	1.0	0.42857142857142855	0.4	0.0	0.16666666666666666	0.0	0.0	0.3333333333333333	0.1111111111111111	0.0	0.2	0.1	0.08333333333333333	0.0	0.0	0.3333333333333333	0.0	0.3	0.0	0.25	0.0	0.16666666666666666	
Bronzed Cowbird	0.0	0.0	0.0	0.0	0.0	0.0	0.0	0.16666666666666666	0.0	0.0	0.0	0.0	0.0	0.2	0.058823529411764705	0.1	0.06666666666666667	0.0	0.0	0.0	0.125	0.0	0.0	0.0	0.0	0.0	0.0	0.0	0.0	0.0	0.0	0.0	0.0	0.0	0.0	0.0	0.0	0.0	0.0	0.0	0.0	0.0	0.0	0.0	0.0	0.0	0.0	0.0	
Brown-headed Cowbird	0.0	0.1111111111111111	0.0	0.0	0.0	0.0	0.0	0.16666666666666666	0.0	0.2	0.0	0.041666666666666664	0.0	0.13333333333333333	0.17647058823529413	0.075	0.26666666666666666	0.5	0.0	0.14285714285714285	0.0	0.3333333333333333	0.5	0.0	0.0	0.0	0.0	0.14285714285714285	0.0	0.0	0.0	0.0	0.0	0.0	0.1111111111111111	0.0	0.1	0.2	0.0	0.16666666666666666	0.0	0.0	0.0	0.0	0.0	0.5	0.0	0.0	
Brewer's Blackbird	0.0	0.0	0.0	0.1111111111111111	0.0	0.0	0.0	0.0	0.0	0.0	0.0	0.0	0.0	0.0	0.0	0.0	0.0	0.0	0.0	0.0	0.0	0.0	0.0	0.0	0.0	0.0	0.0	0.0	0.0	0.0	0.0	0.0	0.0	0.0	0.0	0.0	0.0	0.0	0.0	0.0	0.0	0.0	0.0	0.0	0.0	0.0	0.0	0.0	
Common Grackle	0.0	0.1111111111111111	0.0	0.0	0.0	0.0	0.0	0.0	0.0	0.4	0.0	0.0	0.0	0.0	0.0	0.025	0.0	0.0	0.14285714285714285	0.0	0.0	0.3333333333333333	0.0	0.3333333333333333	0.0	0.0	0.0	0.0	0.0	0.0	0.0	0.06666666666666667	0.0	0.0	0.0	0.0	0.0	0.1	0.0	0.0	0.0	0.3333333333333333	0.0	0.1	0.0	0.0	0.14285714285714285	0.0	
Boat-tailed Grackle	0.0	0.0	0.125	0.2222222222222222	0.16666666666666666	0.125	0.3333333333333333	0.3333333333333333	0.5714285714285714	0.2	0.0	0.20833333333333334	0.21428571428571427	0.26666666666666666	0.11764705882352941	0.2	0.13333333333333333	0.0	0.2857142857142857	0.2857142857142857	0.125	0.3333333333333333	0.0	0.6666666666666666	0.0	0.6666666666666666	0.0	0.14285714285714285	0.2	0.0	0.16666666666666666	0.2	0.0	0.3333333333333333	0.0	0.125	0.6	0.1	0.3333333333333333	0.16666666666666666	0.5	0.3333333333333333	0.2	0.3	0.0	0.25	0.14285714285714285	0.16666666666666666	
Great-tailed Grackle	0.3333333333333333	0.2222222222222222	0.0	0.4444444444444444	0.3333333333333333	0.0	0.0	0.5	0.42857142857142855	0.2	0.6	0.7083333333333334	0.42857142857142855	0.5333333333333333	0.5294117647058824	0.45	0.5333333333333333	0.5	0.5714285714285714	0.7142857142857143	0.75	1.0	1.0	0.3333333333333333	0.0	0.3333333333333333	0.0	0.2857142857142857	0.8	0.4	0.5	0.6666666666666666	0.5714285714285714	0.6666666666666666	0.2222222222222222	0.125	0.7	0.4	0.5	0.5	0.25	0.3333333333333333	0.4	0.5	0.0	0.75	0.14285714285714285	0.6666666666666666	
Louisiana Waterthrush	0.0	0.0	0.0	0.0	0.0	0.0	0.0	0.0	0.0	0.0	0.0	0.041666666666666664	0.0	0.0	0.0	0.0	0.0	0.0	0.0	0.0	0.0	0.0	0.0	0.0	0.0	0.0	0.0	0.0	0.0	0.0	0.0	0.0	0.0	0.0	0.0	0.0	0.0	0.0	0.0	0.0	0.0	0.0	0.0	0.0	0.0	0.0	0.0	0.0	
Northern Waterthrush	0.0	0.0	0.0	0.0	0.0	0.0	0.0	0.0	0.0	0.0	0.0	0.0	0.0	0.06666666666666667	0.0	0.0	0.0	0.0	0.0	0.0	0.0	0.0	0.0	0.0	0.0	0.0	0.0	0.0	0.0	0.0	0.0	0.0	0.0	0.0	0.0	0.0	0.0	0.0	0.0	0.0	0.0	0.0	0.0	0.0	0.0	0.0	0.0	0.0	
Black-and-white Warbler	0.0	0.0	0.0	0.0	0.0	0.0	0.0	0.0	0.0	0.0	0.0	0.0	0.0	0.0	0.0	0.0	0.06666666666666667	0.0	0.0	0.0	0.0	0.0	0.0	0.0	0.0	0.0	0.0	0.0	0.0	0.0	0.0	0.0	0.0	0.0	0.0	0.0	0.0	0.0	0.0	0.0	0.0	0.0	0.0	0.0	0.0	0.0	0.0	0.0	
Prothonotary Warbler	0.0	0.0	0.0	0.0	0.0	0.0	0.0	0.0	0.0	0.0	0.0	0.0	0.0	0.0	0.058823529411764705	0.0	0.0	0.0	0.0	0.0	0.0	0.0	0.0	0.0	0.0	0.0	0.0	0.0	0.0	0.0	0.0	0.0	0.0	0.0	0.0	0.0	0.0	0.0	0.0	0.0	0.0	0.0	0.0	0.0	0.0	0.0	0.0	0.0	
Tennessee Warbler	0.0	0.0	0.0	0.0	0.0	0.0	0.0	0.0	0.0	0.0	0.0	0.0	0.0	0.0	0.0	0.025	0.0	0.0	0.0	0.0	0.0	0.0	0.0	0.0	0.0	0.0	0.0	0.0	0.0	0.0	0.0	0.0	0.0	0.0	0.0	0.0	0.0	0.0	0.0	0.0	0.0	0.0	0.0	0.0	0.0	0.0	0.0	0.0	
Orange-crowned Warbler	0.06666666666666667	0.0	0.0	0.0	0.16666666666666666	0.0	0.0	0.0	0.0	0.0	0.0	0.0	0.0	0.0	0.0	0.0	0.0	0.0	0.0	0.0	0.0	0.0	0.0	0.0	0.0	0.0	0.0	0.0	0.0	0.0	0.0	0.0	0.0	0.0	0.0	0.0	0.0	0.0	0.0	0.0	0.0	0.0	0.2	0.0	0.0	0.25	0.0	0.16666666666666666	
Common Yellowthroat	0.06666666666666667	0.0	0.0	0.1111111111111111	0.0	0.0	0.0	0.0	0.0	0.0	0.0	0.041666666666666664	0.0	0.06666666666666667	0.058823529411764705	0.0	0.06666666666666667	0.0	0.0	0.0	0.0	0.0	0.0	0.0	0.0	0.0	0.0	0.0	0.0	0.0	0.0	0.0	0.0	0.0	0.0	0.0	0.0	0.0	0.0	0.0	0.0	0.0	0.0	0.0	0.0	0.25	0.14285714285714285	0.0	
Hooded Warbler	0.0	0.0	0.0	0.0	0.0	0.0	0.0	0.0	0.0	0.0	0.0	0.0	0.0015	0.0	0.0	0.0	0.0	0.0	0.0	0.0	0.0	0.0	0.0	0.0	0.0	0.0	0.0	0.0	0.0	0.0	0.0	0.0	0.0	0.0	0.0	0.0	0.0	0.0	0.0	0.0	0.0	0.0	0.0	0.0	0.0	0.0	0.0	0.0	
American Redstart	0.0	0.0	0.0	0.0	0.0	0.0	0.0	0.0	0.0	0.0	0.0	0.0	0.0	0.0	0.0	0.0	0.06666666666666667	0.0	0.0	0.0	0.0	0.0	0.0	0.0	0.0	0.0	0.0	0.0	0.0	0.0	0.0	0.0	0.0	0.0	0.0	0.0	0.0	0.0	0.0	0.0	0.0	0.0	0.0	0.0	0.0	0.0	0.0	0.0	
Northern Parula	0.0	0.0	0.0	0.0	0.0	0.0	0.0	0.0	0.0	0.0	0.0	0.041666666666666664	0.07142857142857142	0.0	0.0	0.0	0.06666666666666667	0.0	0.0	0.0	0.0	0.0	0.0	0.0	0.0	0.0	0.0	0.0	0.0	0.0	0.0	0.0	0.0	0.0	0.0	0.0	0.0	0.0	0.0	0.0	0.0	0.0	0.0	0.0	0.0	0.0	0.0	0.0	
Magnolia Warbler	0.0	0.0	0.0	0.0	0.0	0.0	0.0	0.0	0.0	0.0	0.0	0.0	0.0	0.0	0.0	0.0	0.06666666666666667	0.0	0.0	0.0	0.0	0.0	0.0	0.0	0.0	0.0	0.0	0.0	0.0	0.0	0.0	0.0	0.0	0.0	0.0	0.0	0.0	0.0	0.0	0.0	0.0	0.0	0.0	0.0	0.0	0.0	0.0	0.0	
Blackburnian Warbler	0.0	0.0	0.0	0.0	0.0	0.0	0.0	0.0	0.0	0.0	0.0	0.0	0.0	0.0	0.0	0.0	0.06666666666666667	0.0	0.0	0.0	0.0	0.0	0.0	0.0	0.0	0.0	0.0	0.0	0.0	0.0	0.0	0.0	0.0	0.0	0.0	0.0	0.0	0.0	0.0	0.0	0.0	0.0	0.0	0.0	0.0	0.0	0.0	0.0	
Yellow Warbler	0.0	0.0	0.0	0.0	0.0	0.0	0.0	0.0	0.0	0.0	0.0	0.0	0.0	0.0	0.0	0.025	0.0	0.0	0.0	0.0	0.0	0.0	0.0	0.0	0.0	0.0	0.0	0.0	0.0	0.0	0.0	0.0	0.0	0.0	0.0	0.0	0.0	0.0	0.0	0.0	0.0	0.0	0.0	0.0	0.0	0.0	0.0	0.0	
Chestnut-sided Warbler	0.0	0.0	0.0	0.0	0.0	0.0	0.0	0.0	0.0	0.0	0.0	0.0	0.0	0.0	0.0	0.0	0.06666666666666667	0.0	0.0	0.0	0.0	0.0	0.0	0.0	0.0	0.0	0.0	0.0	0.0	0.0	0.0	0.0	0.0	0.0	0.0	0.0	0.0	0.0	0.0	0.0	0.0	0.0	0.0	0.0	0.0	0.0	0.0	0.0	
Palm Warbler	0.13333333333333333	0.0	0.0	0.0	0.0	0.0	0.0	0.0	0.0	0.0	0.0	0.0	0.0	0.0	0.0	0.0	0.0	0.0	0.0	0.0	0.0	0.0	0.0	0.0	0.0	0.0	0.0	0.0	0.0	0.0	0.0	0.0	0.0	0.0	0.0	0.0	0.0	0.0	0.0	0.08333333333333333	0.0	0.0	0.0	0.0	0.0	0.25	0.0	0.0	
Yellow-rumped Warbler	0.2	0.0	0.0	0.0	0.0	0.0	0.0	0.16666666666666666	0.14285714285714285	0.0	0.0	0.0	0.0	0.0	0.0	0.0	0.0	0.0	0.0	0.0	0.0	0.0	0.0	0.0	0.0	0.0	0.0	0.0	0.0	0.0	0.0	0.0	0.0	0.0	0.0	0.0	0.0	0.0	0.0	0.0	0.0	0.0	0.2	0.0	0.0	0.25	0.0	0.0	
Black-throated Green Warbler	0.0	0.0	0.0	0.0	0.0	0.0	0.0	0.0	0.0	0.0	0.0	0.0	0.0	0.0	0.0	0.0	0.06666666666666667	0.0	0.0	0.0	0.0	0.0	0.0	0.0	0.0	0.0	0.0	0.0	0.0	0.0	0.0	0.0	0.0	0.0	0.0	0.0	0.0	0.0	0.0	0.0	0.0	0.0	0.0	0.0	0.0	0.0	0.0	0.0	
Wilson's Warbler	0.0	0.0	0.0	0.0	0.0	0.0	0.0	0.0	0.0	0.0	0.0	0.0	0.0	0.0	0.0	0.0	0.0	0.0	0.0	0.0	0.0	0.0	0.0	0.0	0.0	0.0	0.0	0.0	0.0	0.0	0.0	0.0	0.0	0.0	0.1111111111111111	0.0	0.0	0.0	0.0	0.0	0.0	0.0	0.0	0.0	0.0	0.0	0.0	0.0	
Summer Tanager	0.0	0.0	0.0	0.0	0.0	0.0	0.0	0.0	0.0	0.0	0.0	0.0	0.0	0.0	0.0	0.025	0.13333333333333333	0.0	0.0	0.0	0.0	0.0	0.0	0.0	0.0	0.0	0.0	0.0	0.0	0.0	0.0	0.0	0.0	0.0	0.0	0.0	0.0	0.0	0.0	0.0	0.0	0.0	0.0	0.0	0.0	0.0	0.0	0.0	
Scarlet Tanager	0.0	0.0	0.0	0.0	0.0	0.0	0.0	0.0	0.0	0.0	0.0	0.0	0.0	0.0	0.0	0.025	0.06666666666666667	0.0	0.0	0.0	0.0	0.0	0.0	0.0	0.0	0.0	0.0	0.0	0.0	0.0	0.0	0.0	0.0	0.0	0.0	0.0	0.0	0.0	0.0	0.0	0.0	0.0	0.0	0.0	0.0	0.0	0.0	0.0	
Northern Cardinal	0.2	0.2222222222222222	0.125	0.0	0.0	0.0	0.0	0.16666666666666666	0.2857142857142857	0.2	0.0	0.041666666666666664	0.0	0.06666666666666667	0.058823529411764705	0.1	0.13333333333333333	0.0	0.14285714285714285	0.2857142857142857	0.375	0.0	0.0	0.0	0.0	0.0	0.0	0.14285714285714285	0.2	0.0	0.0	0.0	0.0	0.0	0.1111111111111111	0.0	0.1	0.0	0.0	0.08333333333333333	0.0	0.0	0.0	0.0	0.0	0.25	0.14285714285714285	0.16666666666666666	
Rose-breasted Grosbeak	0.0	0.0	0.0	0.0	0.0	0.0	0.0	0.0	0.0	0.0	0.0	0.0	0.0	0.0	0.0	0.05	0.06666666666666667	0.0	0.0	0.0	0.0	0.0	0.0	0.0	0.0	0.0	0.0	0.0	0.0	0.0	0.0	0.0	0.0	0.0	0.0	0.0	0.0	0.0	0.0	0.0	0.0	0.0	0.0	0.0	0.0	0.0	0.0	0.0	
Blue Grosbeak	0.0	0.0	0.0	0.0	0.0	0.0	0.0	0.0	0.0	0.0	0.0	0.0	0.0	0.0	0.058823529411764705	0.075	0.0	0.0	0.0	0.0	0.0	0.0	0.0	0.0	0.0	0.0	0.0	0.0	0.0	0.0	0.0	0.0	0.0	0.0	0.0	0.0	0.0	0.0	0.0	0.0	0.0	0.0	0.0	0.0	0.0	0.0	0.0	0.0	
Indigo Bunting	0.0	0.0	0.0	0.0	0.0	0.0	0.0	0.0	0.0	0.0	0.0	0.0	0.0	0.0	0.11764705882352941	0.075	0.06666666666666667	0.0	0.0	0.0	0.0	0.0	0.0	0.0	0.0	0.0	0.0	0.0	0.0	0.0	0.0	0.0	0.0	0.0	0.0	0.0	0.0	0.0	0.0	0.0	0.0	0.0	0.0	0.0	0.0	0.0	0.0	0.0	
Painted Bunting	0.0	0.0	0.0	0.0	0.0	0.0	0.0	0.0	0.0	0.0	0.0	0.0	0.0	0.0	0.0	0.025	0.06666666666666667	0.0	0.14285714285714285	0.14285714285714285	0.0	0.0	0.0	0.0	0.0	0.0	0.0	0.0	0.0	0.0	0.0	0.0	0.0	0.0	0.0	0.0	0.0	0.0	0.0	0.0	0.0	0.0	0.0	0.0	0.0	0.0	0.0	0.0	
Dickcissel	0.0	0.0	0.0	0.0	0.0	0.0	0.0	0.0	0.0	0.0	0.0	0.0	0.0	0.0	0.0015	0.05	0.0	0.0	0.0	0.0	0.0	0.0	0.0	0.0	0.0	0.0	0.0	0.0	0.0	0.0	0.0	0.0	0.0	0.3333333333333333	0.2222222222222222	0.125	0.0	0.0	0.0	0.08333333333333333	0.0	0.0	0.0	0.0	0.0	0.0	0.0	0.0	
House Sparrow	0.0	0.0	0.0	0.1111111111111111	0.0	0.0	0.0	0.0	0.0	0.0	0.0	0.041666666666666664	0.0	0.06666666666666667	0.0	0.025	0.0	0.0	0.0	0.14285714285714285	0.125	0.0	0.0	0.0	0.0	0.3333333333333333	0.0	0.42857142857142855	0.0	0.0	0.0	0.0	0.0	0.0	0.0	0.0	0.1	0.0	0.0	0.0	0.0	0.0	0.0	0.0	0.0	0.0	0.0	0.16666666666666666	

