









Frequency of observations in the selected location(s).:
Number of taxa: 	259

	Jan				Feb				Mar				Apr				May				Jun				Jul				Aug				Sep				Oct				Nov				Dec				
Sample Size:	0.0	0.0	2.0	0.0	0.0	0.0	1.0	0.0	0.0	1.0	4.0	11.0	17.0	11.0	8.0	9.0	21.0	2.0	2.0	5.0	4.0	0.0	0.0	0.0	0.0	0.0	0.0	0.0	0.0	0.0	0.0	0.0	0.0	0.0	2.0	2.0	0.0	0.0	0.0	0.0	29.0	31.0	0.0	0.0	0.0	0.0	1.0	0.0	

Black-bellied Whistling-Duck	0.0	0.0	0.0	0.0	0.0	0.0	0.0	0.0	0.0	0.0	0.0	0.18181818181818182	0.29411764705882354	0.7272727272727273	0.5	0.5555555555555556	0.14285714285714285	0.5	0.0	0.8	0.25	0.0	0.0	0.0	0.0	0.0	0.0	0.0	0.0	0.0	0.0	0.0	0.0	0.0	0.0	0.0	0.0	0.0	0.0	0.0	0.2413793103448276	0.16129032258064516	0.0	0.0	0.0	0.0	0.0	0.0	
Fulvous Whistling-Duck	0.0	0.0	0.0	0.0	0.0	0.0	0.0	0.0	0.0	0.0	0.0	0.0	0.0	0.09090909090909091	0.0	0.0	0.0	0.0	0.0	0.0	0.0	0.0	0.0	0.0	0.0	0.0	0.0	0.0	0.0	0.0	0.0	0.0	0.0	0.0	0.0	0.0	0.0	0.0	0.0	0.0	0.0	0.0	0.0	0.0	0.0	0.0	0.0	0.0	
Snow Goose	0.0	0.0	0.5	0.0	0.0	0.0	0.0	0.0	0.0	0.0	0.0	0.0	0.0	0.0	0.0	0.0	0.0	0.0	0.0	0.0	0.0	0.0	0.0	0.0	0.0	0.0	0.0	0.0	0.0	0.0	0.0	0.0	0.0	0.0	0.0	0.0	0.0	0.0	0.0	0.0	0.06896551724137931	0.5483870967741935	0.0	0.0	0.0	0.0	0.0	0.0	
Ross's Goose	0.0	0.0	0.0	0.0	0.0	0.0	0.0	0.0	0.0	0.0	0.0	0.0	0.0	0.0	0.0	0.0	0.0	0.0	0.0	0.0	0.0	0.0	0.0	0.0	0.0	0.0	0.0	0.0	0.0	0.0	0.0	0.0	0.0	0.0	0.0	0.0	0.0	0.0	0.0	0.0	0.0	0.12903225806451613	0.0	0.0	0.0	0.0	0.0	0.0	
Greater White-fronted Goose	0.0	0.0	0.0	0.0	0.0	0.0	0.0	0.0	0.0	0.0	0.0	0.0	0.0	0.0	0.0	0.0	0.0	0.0	0.0	0.0	0.0	0.0	0.0	0.0	0.0	0.0	0.0	0.0	0.0	0.0	0.0	0.0	0.0	0.0	0.0	0.0	0.0	0.0	0.0	0.0	0.20689655172413793	0.4838709677419355	0.0	0.0	0.0	0.0	0.0	0.0	
Blue-winged Teal	0.0	0.0	0.0	0.0	0.0	0.0	0.0	0.0	0.0	0.0	0.0	0.18181818181818182	0.23529411764705882	0.45454545454545453	0.25	0.2222222222222222	0.14285714285714285	0.0	0.5	0.2	0.0	0.0	0.0	0.0	0.0	0.0	0.0	0.0	0.0	0.0	0.0	0.0	0.0	0.0	0.0	0.0	0.0	0.0	0.0	0.0	0.41379310344827586	0.12903225806451613	0.0	0.0	0.0	0.0	0.0	0.0	
Northern Shoveler	0.0	0.0	0.0	0.0	0.0	0.0	0.0	0.0	0.0	0.0	0.0	0.09090909090909091	0.058823529411764705	0.09090909090909091	0.125	0.2222222222222222	0.047619047619047616	0.0	0.0	0.0	0.0	0.0	0.0	0.0	0.0	0.0	0.0	0.0	0.0	0.0	0.0	0.0	0.0	0.0	0.0	0.0	0.0	0.0	0.0	0.0	0.13793103448275862	0.25806451612903225	0.0	0.0	0.0	0.0	0.0	0.0	
Gadwall	0.0	0.0	0.0	0.0	0.0	0.0	0.0	0.0	0.0	0.0	0.25	0.09090909090909091	0.058823529411764705	0.0	0.125	0.0	0.0	0.0	0.0	0.0	0.0	0.0	0.0	0.0	0.0	0.0	0.0	0.0	0.0	0.0	0.0	0.0	0.0	0.0	0.0	0.0	0.0	0.0	0.0	0.0	0.2413793103448276	0.41935483870967744	0.0	0.0	0.0	0.0	1.0	0.0	
American Wigeon	0.0	0.0	0.0	0.0	0.0	0.0	0.0	0.0	0.0	0.0	0.0	0.0	0.11764705882352941	0.09090909090909091	0.25	0.0	0.047619047619047616	0.0	0.0	0.0	0.0	0.0	0.0	0.0	0.0	0.0	0.0	0.0	0.0	0.0	0.0	0.0	0.0	0.0	0.0	0.5	0.0	0.0	0.0	0.0	0.27586206896551724	0.1935483870967742	0.0	0.0	0.0	0.0	0.0	0.0	
Mallard	0.0	0.0	0.0	0.0	0.0	0.0	0.0	0.0	0.0	0.0	0.0	0.0	0.058823529411764705	0.0	0.0	0.0	0.0	0.0	0.0	0.0	0.0	0.0	0.0	0.0	0.0	0.0	0.0	0.0	0.0	0.0	0.0	0.0	0.0	0.0	0.0	0.0	0.0	0.0	0.0	0.0	0.0	0.0	0.0	0.0	0.0	0.0	0.0	0.0	
Mottled Duck	0.0	0.0	0.0	0.0	0.0	0.0	0.0	0.0	0.0	0.0015	0.25	0.09090909090909091	0.29411764705882354	0.45454545454545453	0.375	0.3333333333333333	0.047619047619047616	0.0	0.0	0.2	0.0	0.0	0.0	0.0	0.0	0.0	0.0	0.0	0.0	0.0	0.0	0.0	0.0	0.0	0.0	0.0	0.0	0.0	0.0	0.0	0.41379310344827586	0.0967741935483871	0.0	0.0	0.0	0.0	1.0	0.0	
Northern Pintail	0.0	0.0	0.5	0.0	0.0	0.0	0.0	0.0	0.0	0.0	0.0	0.0	0.0	0.09090909090909091	0.0	0.0	0.0	0.0	0.0	0.0	0.0	0.0	0.0	0.0	0.0	0.0	0.0	0.0	0.0	0.0	0.0	0.0	0.0	0.0	0.0	0.0	0.0	0.0	0.0	0.0	0.2413793103448276	0.12903225806451613	0.0	0.0	0.0	0.0	1.0	0.0	
Green-winged Teal	0.0	0.0	0.0	0.0	0.0	0.0	0.0	0.0	0.0	0.0	0.0	0.09090909090909091	0.0	0.0	0.125	0.0	0.0	0.0	0.0	0.0	0.0	0.0	0.0	0.0	0.0	0.0	0.0	0.0	0.0	0.0	0.0	0.0	0.0	0.0	0.0	0.0	0.0	0.0	0.0	0.0	0.034482758620689655	0.06451612903225806	0.0	0.0	0.0	0.0	0.0	0.0	
Redhead	0.0	0.0	0.5	0.0	0.0	0.0	0.0	0.0	0.0	0.0	0.0	0.09090909090909091	0.17647058823529413	0.18181818181818182	0.125	0.3333333333333333	0.0	0.0	0.0	0.0	0.0	0.0	0.0	0.0	0.0	0.0	0.0	0.0	0.0	0.0	0.0	0.0	0.0	0.0	0.0	0.0	0.0	0.0	0.0	0.0	0.13793103448275862	0.12903225806451613	0.0	0.0	0.0	0.0	1.0	0.0	
Ring-necked Duck	0.0	0.0	0.0	0.0	0.0	0.0	0.0	0.0	0.0	0.0	0.0	0.0	0.058823529411764705	0.0	0.0	0.0	0.0	0.0	0.0	0.0	0.0	0.0	0.0	0.0	0.0	0.0	0.0	0.0	0.0	0.0	0.0	0.0	0.0	0.0	0.0	0.0	0.0	0.0	0.0	0.0	0.1724137931034483	0.16129032258064516	0.0	0.0	0.0	0.0	0.0	0.0	
Lesser Scaup	0.0	0.0	0.0	0.0	0.0	0.0	0.0	0.0	0.0	0.0015	0.0	0.0	0.0	0.09090909090909091	0.0	0.0	0.0	0.0	0.0	0.0	0.0	0.0	0.0	0.0	0.0	0.0	0.0	0.0	0.0	0.0	0.0	0.0	0.0	0.0	0.0	0.0	0.0	0.0	0.0	0.0	0.06896551724137931	0.12903225806451613	0.0	0.0	0.0	0.0	0.0	0.0	
Ruddy Duck	0.0	0.0	0.0	0.0	0.0	0.0	0.0	0.0	0.0	0.0	0.0015	0.09090909090909091	0.11764705882352941	0.09090909090909091	0.125	0.1111111111111111	0.0	0.0	0.0	0.0	0.0	0.0	0.0	0.0	0.0	0.0	0.0	0.0	0.0	0.0	0.0	0.0	0.0	0.0	0.0	0.0	0.0	0.0	0.0	0.0	0.4482758620689655	0.16129032258064516	0.0	0.0	0.0	0.0	0.0	0.0	
Plain Chachalaca	0.0	0.0	0.0	0.0	0.0	0.0	0.0	0.0	0.0	0.0	0.0	0.09090909090909091	0.0	0.0	0.0	0.0	0.0	0.0	0.0	0.0	0.0	0.0	0.0	0.0	0.0	0.0	0.0	0.0	0.0	0.0	0.0	0.0	0.0	0.0	0.5	0.0	0.0	0.0	0.0	0.0	0.0	0.0	0.0	0.0	0.0	0.0	0.0	0.0	
Northern Bobwhite	0.0	0.0	0.0	0.0	0.0	0.0	1.0	0.0	0.0	0.0	0.75	0.36363636363636365	0.4117647058823529	0.8181818181818182	1.0	0.7777777777777778	0.3333333333333333	0.5	1.0	0.4	1.0	0.0	0.0	0.0	0.0	0.0	0.0	0.0	0.0	0.0	0.0	0.0	0.0	0.0	0.5	0.5	0.0	0.0	0.0	0.0	0.3793103448275862	0.3225806451612903	0.0	0.0	0.0	0.0	1.0	0.0	
Wild Turkey	0.0	0.0	0.0	0.0	0.0	0.0	1.0	0.0015	0.0	1.0	1.0	0.8181818181818182	0.7058823529411765	0.8181818181818182	1.0	0.7777777777777778	0.42857142857142855	1.0	1.0	0.8	0.5	0.0	0.0	0.0	0.0	0.0	0.0	0.0	0.0	0.0	0.0	0.0	0.0	0.0	1.0	0.5	0.0	0.0	0.0	0.0	0.7586206896551724	0.8387096774193549	0.0	0.0	0.0	0.0	0.0	0.0	
Least Grebe	0.0	0.0	0.0	0.0	0.0	0.0	0.0	0.0	0.0	0.0015	0.25	0.18181818181818182	0.11764705882352941	0.0	0.125	0.0015	0.0	0.0	0.0	0.0	0.25	0.0	0.0	0.0	0.0	0.0	0.0	0.0	0.0	0.0	0.0	0.0	0.0	0.0	0.0	0.0	0.0	0.0	0.0	0.0	0.41379310344827586	0.16129032258064516	0.0	0.0	0.0	0.0	0.0	0.0	
Pied-billed Grebe	0.0	0.0	0.0	0.0	0.0	0.0	0.0	0.0	0.0	0.0015	0.25	0.2727272727272727	0.058823529411764705	0.09090909090909091	0.25	0.1111111111111111	0.0	0.0	0.0	0.0	0.0	0.0	0.0	0.0	0.0	0.0	0.0	0.0	0.0	0.0	0.0	0.0	0.0	0.0	0.0	0.5	0.0	0.0	0.0	0.0	0.4482758620689655	0.16129032258064516	0.0	0.0	0.0	0.0	0.0	0.0	
Eared Grebe	0.0	0.0	0.0	0.0	0.0	0.0	0.0	0.0	0.0	0.0	0.0	0.09090909090909091	0.0	0.0	0.0	0.0	0.0	0.0	0.0	0.0	0.0	0.0	0.0	0.0	0.0	0.0	0.0	0.0	0.0	0.0	0.0	0.0	0.0	0.0	0.0	0.0	0.0	0.0	0.0	0.0	0.06896551724137931	0.16129032258064516	0.0	0.0	0.0	0.0	0.0	0.0	
Rock Pigeon	0.0	0.0	0.0	0.0	0.0	0.0	1.0	0.0	0.0	0.0015	0.25	0.45454545454545453	0.29411764705882354	0.6363636363636364	0.5	0.2222222222222222	0.047619047619047616	0.5	0.0	0.4	0.25	0.0	0.0	0.0	0.0	0.0	0.0	0.0	0.0	0.0	0.0	0.0	0.0	0.0	0.5	0.5	0.0	0.0	0.0	0.0	0.0	0.0	0.0	0.0	0.0	0.0	1.0	0.0	
Eurasian Collared-Dove	0.0	0.0	0.0	0.0	0.0	0.0	1.0	0.0	0.0	0.0015	0.75	0.36363636363636365	0.5882352941176471	0.6363636363636364	0.75	0.6666666666666666	0.2857142857142857	1.0	0.0	0.6	0.0	0.0	0.0	0.0	0.0	0.0	0.0	0.0	0.0	0.0	0.0	0.0	0.0	0.0	0.5	0.5	0.0	0.0	0.0	0.0	0.10344827586206896	0.22580645161290322	0.0	0.0	0.0	0.0	0.0	0.0	
Inca Dove	0.0	0.0	0.0	0.0	0.0	0.0	0.0	0.0	0.0	0.0015	0.0	0.18181818181818182	0.17647058823529413	0.45454545454545453	0.25	0.5555555555555556	0.0015	0.5	0.0	0.2	0.5	0.0	0.0	0.0	0.0	0.0	0.0	0.0	0.0	0.0	0.0	0.0	0.0	0.0	0.5	0.0	0.0	0.0	0.0	0.0	0.034482758620689655	0.06451612903225806	0.0	0.0	0.0	0.0	0.0	0.0	
Common Ground-Dove	0.0	0.0	0.0	0.0	0.0	0.0	1.0	0.0	0.0	0.0	0.75	0.5454545454545454	0.5882352941176471	0.7272727272727273	0.875	0.7777777777777778	0.23809523809523808	1.0	1.0	0.8	1.0	0.0	0.0	0.0	0.0	0.0	0.0	0.0	0.0	0.0	0.0	0.0	0.0	0.0	0.5	0.5	0.0	0.0	0.0	0.0	0.10344827586206896	0.41935483870967744	0.0	0.0	0.0	0.0	1.0	0.0	
White-tipped Dove	0.0	0.0	0.0	0.0	0.0	0.0	0.0	0.0	0.0	0.0	0.0	0.0015	0.17647058823529413	0.45454545454545453	0.375	0.4444444444444444	0.047619047619047616	0.5	0.0	0.4	0.25	0.0	0.0	0.0	0.0	0.0	0.0	0.0	0.0	0.0	0.0	0.0	0.0	0.0	0.0	0.0	0.0	0.0	0.0	0.0	0.034482758620689655	0.12903225806451613	0.0	0.0	0.0	0.0	0.0	0.0	
White-winged Dove	0.0	0.0	0.5	0.0	0.0	0.0	0.0	0.0	0.0	0.0	0.0015	0.09090909090909091	0.23529411764705882	0.36363636363636365	0.5	0.3333333333333333	0.0	0.0	0.5	0.4	0.5	0.0	0.0	0.0	0.0	0.0	0.0	0.0	0.0	0.0	0.0	0.0	0.0	0.0	0.0	0.0	0.0	0.0	0.0	0.0	0.13793103448275862	0.22580645161290322	0.0	0.0	0.0	0.0	0.0	0.0	
Mourning Dove	0.0	0.0	0.5	0.0	0.0	0.0	1.0	0.0	0.0	1.0	1.0	0.8181818181818182	0.7058823529411765	0.7272727272727273	1.0	0.6666666666666666	0.5238095238095238	1.0	1.0	0.8	1.0	0.0	0.0	0.0	0.0	0.0	0.0	0.0	0.0	0.0	0.0	0.0	0.0	0.0	1.0	0.5	0.0	0.0	0.0	0.0	0.7586206896551724	0.7741935483870968	0.0	0.0	0.0	0.0	1.0	0.0	
Groove-billed Ani	0.0	0.0	0.0	0.0	0.0	0.0	0.0	0.0	0.0	0.0	0.0015	0.0	0.0	0.0	0.125	0.1111111111111111	0.09523809523809523	0.0	0.5	0.0	0.25	0.0	0.0	0.0	0.0	0.0	0.0	0.0	0.0	0.0	0.0	0.0	0.0	0.0	1.0	0.5	0.0	0.0	0.0	0.0	0.0	0.0	0.0	0.0	0.0	0.0	0.0	0.0	
Greater Roadrunner	0.0	0.0	0.0	0.0	0.0	0.0	0.0	0.0	0.0	0.0015	1.0	0.7272727272727273	0.4117647058823529	0.7272727272727273	1.0	0.7777777777777778	0.19047619047619047	0.5	0.5	0.4	0.5	0.0	0.0	0.0	0.0	0.0	0.0	0.0	0.0	0.0	0.0	0.0	0.0	0.0	1.0	0.5	0.0	0.0	0.0	0.0	0.27586206896551724	0.3225806451612903	0.0	0.0	0.0	0.0	0.0	0.0	
Yellow-billed Cuckoo	0.0	0.0	0.0	0.0	0.0	0.0	0.0	0.0	0.0	0.0	0.0	0.0	0.0	0.0	0.125	0.2222222222222222	0.14285714285714285	0.5	1.0	0.4	0.25	0.0	0.0	0.0	0.0	0.0	0.0	0.0	0.0	0.0	0.0	0.0	0.0	0.0	0.0	0.0	0.0	0.0	0.0	0.0	0.0	0.0	0.0	0.0	0.0	0.0	0.0	0.0	
Black-billed Cuckoo	0.0	0.0	0.0	0.0	0.0	0.0	0.0	0.0	0.0	0.0	0.0	0.0	0.0	0.0	0.125	0.0	0.0	0.0	0.0	0.0	0.0	0.0	0.0	0.0	0.0	0.0	0.0	0.0	0.0	0.0	0.0	0.0	0.0	0.0	0.0	0.0	0.0	0.0	0.0	0.0	0.0	0.0	0.0	0.0	0.0	0.0	0.0	0.0	
Lesser Nighthawk	0.0	0.0	0.0	0.0	0.0	0.0	0.0	0.0	0.0	0.0	0.0	0.0	0.0	0.09090909090909091	0.0	0.0	0.0	0.0	0.5	0.2	0.0	0.0	0.0	0.0	0.0	0.0	0.0	0.0	0.0	0.0	0.0	0.0	0.0	0.0	0.0	0.0	0.0	0.0	0.0	0.0	0.0	0.0	0.0	0.0	0.0	0.0	0.0	0.0	
Common Nighthawk	0.0	0.0	0.0	0.0	0.0	0.0	0.0	0.0	0.0	0.0	0.0	0.0	0.0	0.0	0.125	0.1111111111111111	0.047619047619047616	0.0	0.0	0.2	0.25	0.0	0.0	0.0	0.0	0.0	0.0	0.0	0.0	0.0	0.0	0.0	0.0	0.0	0.0	0.0	0.0	0.0	0.0	0.0	0.0	0.0	0.0	0.0	0.0	0.0	0.0	0.0	
Common Pauraque	0.0	0.0	0.0	0.0	0.0	0.0	0.0	0.0	0.0	0.0	0.0	0.09090909090909091	0.058823529411764705	0.0	0.0	0.0	0.09523809523809523	0.0	0.0	0.0	0.25	0.0	0.0	0.0	0.0	0.0	0.0	0.0	0.0	0.0	0.0	0.0	0.0	0.0	0.0	0.0	0.0	0.0	0.0	0.0	0.06896551724137931	0.0	0.0	0.0	0.0	0.0	1.0	0.0	
Chimney Swift	0.0	0.0	0.0	0.0	0.0	0.0	0.0	0.0	0.0	0.0	0.0	0.0	0.23529411764705882	0.0	0.5	0.2222222222222222	0.09523809523809523	0.0	0.0	0.0	0.0	0.0	0.0	0.0	0.0	0.0	0.0	0.0	0.0	0.0	0.0	0.0	0.0	0.0	0.5	0.0	0.0	0.0	0.0	0.0	0.0	0.0	0.0	0.0	0.0	0.0	0.0	0.0	
Ruby-throated Hummingbird	0.0	0.0	0.0	0.0	0.0	0.0	0.0	0.0	0.0	0.0	0.0	0.0	0.058823529411764705	0.36363636363636365	0.25	0.0	0.047619047619047616	0.0	0.0	0.0	0.0	0.0	0.0	0.0	0.0	0.0	0.0	0.0	0.0	0.0	0.0	0.0	0.0	0.0	0.0	0.0	0.0	0.0	0.0	0.0	0.0	0.0	0.0	0.0	0.0	0.0	0.0	0.0	
Black-chinned Hummingbird	0.0	0.0	0.0	0.0	0.0	0.0	0.0	0.0	0.0	0.0015	0.0	0.09090909090909091	0.0	0.0	0.25	0.0	0.0	0.0015	0.0	0.0	0.0	0.0	0.0	0.0	0.0	0.0	0.0	0.0	0.0	0.0	0.0	0.0	0.0	0.0	0.0	0.0	0.0	0.0	0.0	0.0	0.0	0.0	0.0	0.0	0.0	0.0	0.0	0.0	
Ruby-throated/Black-chinned Hummingbird	0.0	0.0	0.0	0.0	0.0	0.0	0.0	0.0	0.0	0.0	0.0	0.0	0.0	0.0	0.125	0.1111111111111111	0.0	0.0	0.5	0.0	0.0	0.0	0.0	0.0	0.0	0.0	0.0	0.0	0.0	0.0	0.0	0.0	0.0	0.0	0.0	0.0	0.0	0.0	0.0	0.0	0.0	0.0	0.0	0.0	0.0	0.0	0.0	0.0	
Buff-bellied Hummingbird	0.0	0.0	0.0	0.0	0.0	0.0	0.0	0.0	0.0	0.0	0.0	0.2727272727272727	0.23529411764705882	0.45454545454545453	0.5	0.2222222222222222	0.0015	0.5	0.0	0.4	0.5	0.0	0.0	0.0	0.0	0.0	0.0	0.0	0.0	0.0	0.0	0.0	0.0	0.0	0.0	0.5	0.0	0.0	0.0	0.0	0.10344827586206896	0.0	0.0	0.0	0.0	0.0	0.0	0.0	
hummingbird sp.	0.0	0.0	0.0	0.0	0.0	0.0	0.0	0.0	0.0	0.0	0.5	0.0	0.0	0.0	0.0	0.0	0.047619047619047616	0.0	0.0	0.0	0.0	0.0	0.0	0.0	0.0	0.0	0.0	0.0	0.0	0.0	0.0	0.0	0.0	0.0	0.5	0.0	0.0	0.0	0.0	0.0	0.0	0.0	0.0	0.0	0.0	0.0	0.0	0.0	
Common Gallinule	0.0	0.0	0.0	0.0	0.0	0.0	0.0	0.0	0.0	0.0015	0.0015	0.0	0.0	0.0	0.0	0.0	0.0	0.0	0.0	0.0	0.25	0.0	0.0	0.0	0.0	0.0	0.0	0.0	0.0	0.0	0.0	0.0	0.0	0.0	0.0	0.0	0.0	0.0	0.0	0.0	0.0	0.06451612903225806	0.0	0.0	0.0	0.0	0.0	0.0	
American Coot	0.0	0.0	0.0	0.0	0.0	0.0	0.0	0.0	0.0	0.0015	0.0015	0.0	0.17647058823529413	0.09090909090909091	0.25	0.0	0.0	0.0	0.0	0.0	0.0	0.0	0.0	0.0	0.0	0.0	0.0	0.0	0.0	0.0	0.0	0.0	0.0	0.0	0.0	0.0	0.0	0.0	0.0	0.0	0.3448275862068966	0.16129032258064516	0.0	0.0	0.0	0.0	0.0	0.0	
Purple Gallinule	0.0	0.0	0.0	0.0	0.0	0.0	0.0	0.0	0.0	0.0	0.0	0.0	0.0	0.0	0.0	0.0	0.0	0.0	0.0	0.0	0.25	0.0	0.0	0.0	0.0	0.0	0.0	0.0	0.0	0.0	0.0	0.0	0.0	0.0	0.0	0.0	0.0	0.0	0.0	0.0	0.0	0.0	0.0	0.0	0.0	0.0	0.0	0.0	
Sandhill Crane	0.0	0.0	0.5	0.0	0.0	0.0	0.0	0.0	0.0	0.0015	0.0015	0.0	0.0	0.0	0.0	0.0	0.0	0.0	0.0	0.0	0.0	0.0	0.0	0.0	0.0	0.0	0.0	0.0	0.0	0.0	0.0	0.0	0.0	0.0	0.0	0.0	0.0	0.0	0.0	0.0	0.3103448275862069	0.25806451612903225	0.0	0.0	0.0	0.0	0.0	0.0	
Black-necked Stilt	0.0	0.0	0.0	0.0	0.0	0.0	0.0	0.0	0.0	0.0	0.0	0.09090909090909091	0.0	0.0	0.25	0.0	0.047619047619047616	0.0	0.5	0.0	0.25	0.0	0.0	0.0	0.0	0.0	0.0	0.0	0.0	0.0	0.0	0.0	0.0	0.0	0.0	0.0	0.0	0.0	0.0	0.0	0.3793103448275862	0.0	0.0	0.0	0.0	0.0	0.0	0.0	
American Avocet	0.0	0.0	0.0	0.0	0.0	0.0	0.0	0.0	0.0	0.0	0.0	0.0	0.0	0.0	0.0	0.0	0.047619047619047616	0.0	0.0	0.0	0.0	0.0	0.0	0.0	0.0	0.0	0.0	0.0	0.0	0.0	0.0	0.0	0.0	0.0	0.0	0.0	0.0	0.0	0.0	0.0	0.1724137931034483	0.16129032258064516	0.0	0.0	0.0	0.0	0.0	0.0	
Black-bellied Plover	0.0	0.0	0.5	0.0	0.0	0.0	0.0	0.0	0.0	0.0	0.0	0.0	0.0	0.0	0.0	0.0	0.047619047619047616	0.0	0.0	0.0	0.0	0.0	0.0	0.0	0.0	0.0	0.0	0.0	0.0	0.0	0.0	0.0	0.0	0.0	0.0	0.5	0.0	0.0	0.0	0.0	0.06896551724137931	0.06451612903225806	0.0	0.0	0.0	0.0	0.0	0.0	
American Golden-Plover	0.0	0.0	0.0	0.0	0.0	0.0	0.0	0.0	0.0	0.0	0.0	0.0015	0.11764705882352941	0.09090909090909091	0.125	0.0	0.0	0.0	0.0	0.0	0.0	0.0	0.0	0.0	0.0	0.0	0.0	0.0	0.0	0.0	0.0	0.0	0.0	0.0	0.0	0.0	0.0	0.0	0.0	0.0	0.0	0.0	0.0	0.0	0.0	0.0	0.0	0.0	
Wilson's Plover	0.0	0.0	0.0	0.0	0.0	0.0	0.0	0.0	0.0	0.0	0.0	0.0	0.0	0.0015	0.0	0.2222222222222222	0.047619047619047616	0.0	0.0	0.4	0.5	0.0	0.0	0.0	0.0	0.0	0.0	0.0	0.0	0.0	0.0	0.0	0.0	0.0	0.0	0.0	0.0	0.0	0.0	0.0	0.0	0.0	0.0	0.0	0.0	0.0	0.0	0.0	
Semipalmated Plover	0.0	0.0	0.0	0.0	0.0	0.0	0.0	0.0	0.0	0.0	0.0	0.0	0.0	0.0	0.0	0.0	0.047619047619047616	0.0	0.0	0.0	0.0	0.0	0.0	0.0	0.0	0.0	0.0	0.0	0.0	0.0	0.0	0.0	0.0	0.0	0.5	0.0	0.0	0.0	0.0	0.0	0.0	0.0	0.0	0.0	0.0	0.0	0.0	0.0	
Killdeer	0.0	0.0	0.5	0.0	0.0	0.0	1.0	0.0	0.0	1.0	1.0	0.2727272727272727	0.4117647058823529	0.45454545454545453	0.625	0.4444444444444444	0.14285714285714285	0.5	0.5	0.4	0.25	0.0	0.0	0.0	0.0	0.0	0.0	0.0	0.0	0.0	0.0	0.0	0.0	0.0	0.5	0.5	0.0	0.0	0.0	0.0	0.4482758620689655	0.1935483870967742	0.0	0.0	0.0	0.0	1.0	0.0	
Upland Sandpiper	0.0	0.0	0.0	0.0	0.0	0.0	0.0	0.0	0.0	0.0	0.25	0.2727272727272727	0.5882352941176471	0.7272727272727273	0.375	0.3333333333333333	0.0	0.0	0.0	0.0	0.0	0.0	0.0	0.0	0.0	0.0	0.0	0.0	0.0	0.0	0.0	0.0	0.0	0.0	0.0	0.0	0.0	0.0	0.0	0.0	0.0	0.0	0.0	0.0	0.0	0.0	0.0	0.0	
Whimbrel	0.0	0.0	0.0	0.0	0.0	0.0	0.0	0.0	0.0	0.0	0.0	0.09090909090909091	0.0	0.0	0.0	0.0	0.047619047619047616	0.0	0.0	0.0	0.0	0.0	0.0	0.0	0.0	0.0	0.0	0.0	0.0	0.0	0.0	0.0	0.0	0.0	0.5	0.0	0.0	0.0	0.0	0.0	0.0	0.0	0.0	0.0	0.0	0.0	0.0	0.0	
Long-billed Curlew	0.0	0.0	0.5	0.0	0.0	0.0	0.0	0.0	0.0	0.0	0.0	0.09090909090909091	0.0	0.0	0.0	0.0	0.0	0.0	0.5	0.0	0.0	0.0	0.0	0.0	0.0	0.0	0.0	0.0	0.0	0.0	0.0	0.0	0.0	0.0	1.0	0.0	0.0	0.0	0.0	0.0	0.13793103448275862	0.0	0.0	0.0	0.0	0.0	1.0	0.0	
Hudsonian Godwit	0.0	0.0	0.0	0.0	0.0	0.0	0.0	0.0	0.0	0.0	0.0	0.0	0.0	0.0	0.0	0.0	0.0	0.0	0.5	0.0	0.0	0.0	0.0	0.0	0.0	0.0	0.0	0.0	0.0	0.0	0.0	0.0	0.0	0.0	0.0	0.0	0.0	0.0	0.0	0.0	0.0	0.0	0.0	0.0	0.0	0.0	0.0	0.0	
Ruddy Turnstone	0.0	0.0	0.0	0.0	0.0	0.0	0.0	0.0	0.0	0.0	0.0	0.0	0.0	0.0	0.0	0.0	0.047619047619047616	0.5	0.0	0.0	0.0	0.0	0.0	0.0	0.0	0.0	0.0	0.0	0.0	0.0	0.0	0.0	0.0	0.0	0.0	0.5	0.0	0.0	0.0	0.0	0.0	0.0	0.0	0.0	0.0	0.0	0.0	0.0	
Stilt Sandpiper	0.0	0.0	0.0	0.0	0.0	0.0	0.0	0.0	0.0	0.0	0.0	0.0	0.0	0.0	0.0	0.2222222222222222	0.09523809523809523	0.0	0.5	0.4	0.0	0.0	0.0	0.0	0.0	0.0	0.0	0.0	0.0	0.0	0.0	0.0	0.0	0.0	0.0	0.0	0.0	0.0	0.0	0.0	0.0	0.0	0.0	0.0	0.0	0.0	0.0	0.0	
Sanderling	0.0	0.0	0.0	0.0	0.0	0.0	0.0	0.0	0.0	0.0	0.0	0.09090909090909091	0.0	0.0	0.0	0.0	0.09523809523809523	0.5	0.5	0.0	0.0	0.0	0.0	0.0	0.0	0.0	0.0	0.0	0.0	0.0	0.0	0.0	0.0	0.0	0.5	0.5	0.0	0.0	0.0	0.0	0.0	0.0	0.0	0.0	0.0	0.0	0.0	0.0	
Dunlin	0.0	0.0	0.0	0.0	0.0	0.0	0.0	0.0	0.0	0.0	0.0	0.09090909090909091	0.0	0.0	0.0	0.0	0.0	0.5	0.0	0.0	0.0	0.0	0.0	0.0	0.0	0.0	0.0	0.0	0.0	0.0	0.0	0.0	0.0	0.0	0.0	0.0	0.0	0.0	0.0	0.0	0.1724137931034483	0.06451612903225806	0.0	0.0	0.0	0.0	0.0	0.0	
Baird's Sandpiper	0.0	0.0	0.0	0.0	0.0	0.0	0.0	0.0	0.0	0.0	0.0	0.09090909090909091	0.0	0.09090909090909091	0.0	0.2222222222222222	0.0	0.0	0.0	0.0	0.0	0.0	0.0	0.0	0.0	0.0	0.0	0.0	0.0	0.0	0.0	0.0	0.0	0.0	0.0	0.0	0.0	0.0	0.0	0.0	0.0	0.0	0.0	0.0	0.0	0.0	0.0	0.0	
Least Sandpiper	0.0	0.0	0.0	0.0	0.0	0.0	0.0	0.0	0.0	0.0	0.0	0.09090909090909091	0.058823529411764705	0.09090909090909091	0.125	0.3333333333333333	0.09523809523809523	0.0	0.5	0.2	0.0	0.0	0.0	0.0	0.0	0.0	0.0	0.0	0.0	0.0	0.0	0.0	0.0	0.0	0.0	0.5	0.0	0.0	0.0	0.0	0.3103448275862069	0.12903225806451613	0.0	0.0	0.0	0.0	0.0	0.0	
White-rumped Sandpiper	0.0	0.0	0.0	0.0	0.0	0.0	0.0	0.0	0.0	0.0	0.0	0.0	0.0	0.0	0.0	0.0	0.09523809523809523	0.0	0.5	0.4	0.0	0.0	0.0	0.0	0.0	0.0	0.0	0.0	0.0	0.0	0.0	0.0	0.0	0.0	0.0	0.0	0.0	0.0	0.0	0.0	0.0	0.0	0.0	0.0	0.0	0.0	0.0	0.0	
Pectoral Sandpiper	0.0	0.0	0.0	0.0	0.0	0.0	0.0	0.0	0.0	0.0	0.0	0.0	0.11764705882352941	0.0	0.0	0.0	0.09523809523809523	0.0	0.0	0.0	0.0	0.0	0.0	0.0	0.0	0.0	0.0	0.0	0.0	0.0	0.0	0.0	0.0	0.0	0.0	0.0	0.0	0.0	0.0	0.0	0.0	0.0	0.0	0.0	0.0	0.0	0.0	0.0	
Semipalmated Sandpiper	0.0	0.0	0.0	0.0	0.0	0.0	0.0	0.0	0.0	0.0	0.0	0.0	0.0	0.0	0.0	0.0	0.09523809523809523	0.0	0.0	0.0	0.0	0.0	0.0	0.0	0.0	0.0	0.0	0.0	0.0	0.0	0.0	0.0	0.0	0.0	0.0	0.0	0.0	0.0	0.0	0.0	0.0	0.0	0.0	0.0	0.0	0.0	0.0	0.0	
Western Sandpiper	0.0	0.0	0.0	0.0	0.0	0.0	0.0	0.0	0.0	0.0	0.0	0.0	0.0	0.0	0.0	0.0	0.0	0.0	0.0	0.0	0.0	0.0	0.0	0.0	0.0	0.0	0.0	0.0	0.0	0.0	0.0	0.0	0.0	0.0	0.0	0.0	0.0	0.0	0.0	0.0	0.034482758620689655	0.03225806451612903	0.0	0.0	0.0	0.0	0.0	0.0	
peep sp.	0.0	0.0	0.0	0.0	0.0	0.0	0.0	0.0	0.0	0.0	0.0	0.0	0.0	0.0	0.0	0.0	0.0	0.0	0.0	0.0	0.0	0.0	0.0	0.0	0.0	0.0	0.0	0.0	0.0	0.0	0.0	0.0	0.0	0.0	0.5	0.0	0.0	0.0	0.0	0.0	0.0	0.0	0.0	0.0	0.0	0.0	0.0	0.0	
Short-billed Dowitcher	0.0	0.0	0.0	0.0	0.0	0.0	0.0	0.0	0.0	0.0	0.0	0.0	0.0	0.0	0.0	0.0	0.0	0.5	0.0	0.0	0.0	0.0	0.0	0.0	0.0	0.0	0.0	0.0	0.0	0.0	0.0	0.0	0.0	0.0	0.0	0.0	0.0	0.0	0.0	0.0	0.0	0.0	0.0	0.0	0.0	0.0	0.0	0.0	
Long-billed Dowitcher	0.0	0.0	0.0	0.0	0.0	0.0	0.0	0.0	0.0	0.0	0.0	0.09090909090909091	0.11764705882352941	0.09090909090909091	0.0	0.1111111111111111	0.0	0.0	0.0	0.2	0.0	0.0	0.0	0.0	0.0	0.0	0.0	0.0	0.0	0.0	0.0	0.0	0.0	0.0	0.0	0.0	0.0	0.0	0.0	0.0	0.034482758620689655	0.0967741935483871	0.0	0.0	0.0	0.0	0.0	0.0	
Wilson's Snipe	0.0	0.0	0.5	0.0	0.0	0.0	0.0	0.0	0.0	0.0	0.0	0.0	0.11764705882352941	0.0	0.0	0.0	0.0	0.0	0.0	0.0	0.0	0.0	0.0	0.0	0.0	0.0	0.0	0.0	0.0	0.0	0.0	0.0	0.0	0.0	0.0	0.0	0.0	0.0	0.0	0.0	0.13793103448275862	0.0	0.0	0.0	0.0	0.0	1.0	0.0	
Wilson's Phalarope	0.0	0.0	0.0	0.0	0.0	0.0	0.0	0.0	0.0	0.0	0.0	0.0	0.0	0.0	0.0	0.0	0.14285714285714285	0.0015	0.5	0.4	0.0	0.0	0.0	0.0	0.0	0.0	0.0	0.0	0.0	0.0	0.0	0.0	0.0	0.0	0.0	0.0	0.0	0.0	0.0	0.0	0.0	0.0	0.0	0.0	0.0	0.0	0.0	0.0	
Spotted Sandpiper	0.0	0.0	0.0	0.0	0.0	0.0	0.0	0.0	0.0	0.0	0.0	0.0	0.0	0.09090909090909091	0.0	0.0	0.09523809523809523	0.0	0.0	0.0	0.0	0.0	0.0	0.0	0.0	0.0	0.0	0.0	0.0	0.0	0.0	0.0	0.0	0.0	0.5	0.5	0.0	0.0	0.0	0.0	0.0	0.0	0.0	0.0	0.0	0.0	0.0	0.0	
Solitary Sandpiper	0.0	0.0	0.0	0.0	0.0	0.0	0.0	0.0	0.0	0.0	0.0	0.09090909090909091	0.058823529411764705	0.18181818181818182	0.0	0.2222222222222222	0.0	0.5	0.0	0.0	0.0	0.0	0.0	0.0	0.0	0.0	0.0	0.0	0.0	0.0	0.0	0.0	0.0	0.0	0.0	0.0	0.0	0.0	0.0	0.0	0.0	0.0	0.0	0.0	0.0	0.0	0.0	0.0	
Greater Yellowlegs	0.0	0.0	0.5	0.0	0.0	0.0	0.0	0.0	0.0	0.0015	0.0	0.0	0.0	0.09090909090909091	0.25	0.3333333333333333	0.047619047619047616	0.5	0.0	0.0	0.0	0.0	0.0	0.0	0.0	0.0	0.0	0.0	0.0	0.0	0.0	0.0	0.0	0.0	0.0	0.0	0.0	0.0	0.0	0.0	0.41379310344827586	0.12903225806451613	0.0	0.0	0.0	0.0	1.0	0.0	
Willet	0.0	0.0	0.5	0.0	0.0	0.0	0.0	0.0	0.0	0.0	0.0	0.09090909090909091	0.0	0.0	0.0	0.1111111111111111	0.09523809523809523	0.0	0.5	0.0	0.0	0.0	0.0	0.0	0.0	0.0	0.0	0.0	0.0	0.0	0.0	0.0	0.0	0.0	1.0	0.5	0.0	0.0	0.0	0.0	0.0	0.0	0.0	0.0	0.0	0.0	1.0	0.0	
Lesser Yellowlegs	0.0	0.0	0.0	0.0	0.0	0.0	0.0	0.0	0.0	0.0	0.0	0.09090909090909091	0.0	0.18181818181818182	0.125	0.1111111111111111	0.047619047619047616	0.0	0.0	0.0	0.0	0.0	0.0	0.0	0.0	0.0	0.0	0.0	0.0	0.0	0.0	0.0	0.0	0.0	0.0	0.0	0.0	0.0	0.0	0.0	0.2413793103448276	0.0967741935483871	0.0	0.0	0.0	0.0	0.0	0.0	
Laughing Gull	0.0	0.0	0.5	0.0	0.0	0.0	0.0	0.0	0.0	0.0015	0.0	0.18181818181818182	0.11764705882352941	0.45454545454545453	0.125	0.3333333333333333	0.09523809523809523	0.5	1.0	0.4	0.75	0.0	0.0	0.0	0.0	0.0	0.0	0.0	0.0	0.0	0.0	0.0	0.0	0.0	1.0	0.5	0.0	0.0	0.0	0.0	0.0	0.0	0.0	0.0	0.0	0.0	1.0	0.0	
Franklin's Gull	0.0	0.0	0.0	0.0	0.0	0.0	0.0	0.0	0.0	0.0	0.0	0.0	0.058823529411764705	0.0	0.25	0.4444444444444444	0.14285714285714285	0.0	0.0	0.0	0.0	0.0	0.0	0.0	0.0	0.0	0.0	0.0	0.0	0.0	0.0	0.0	0.0	0.0	0.0	0.0	0.0	0.0	0.0	0.0	0.034482758620689655	0.0	0.0	0.0	0.0	0.0	0.0	0.0	
Ring-billed Gull	0.0	0.0	0.0	0.0	0.0	0.0	0.0	0.0	0.0	0.0	0.0	0.0	0.058823529411764705	0.0	0.0	0.0	0.0	0.0	0.0	0.0	0.0	0.0	0.0	0.0	0.0	0.0	0.0	0.0	0.0	0.0	0.0	0.0	0.0	0.0	0.0	0.0	0.0	0.0	0.0	0.0	0.0	0.0	0.0	0.0	0.0	0.0	1.0	0.0	
Least Tern	0.0	0.0	0.0	0.0	0.0	0.0	0.0	0.0	0.0	0.0	0.0	0.09090909090909091	0.058823529411764705	0.0	0.0	0.2222222222222222	0.047619047619047616	0.5	0.5	0.0	0.0	0.0	0.0	0.0	0.0	0.0	0.0	0.0	0.0	0.0	0.0	0.0	0.0	0.0	0.0	0.0	0.0	0.0	0.0	0.0	0.0	0.0	0.0	0.0	0.0	0.0	0.0	0.0	
Gull-billed Tern	0.0	0.0	0.0	0.0	0.0	0.0	0.0	0.0	0.0	0.0	0.0	0.0	0.11764705882352941	0.0	0.0	0.2222222222222222	0.047619047619047616	0.5	0.5	0.0	0.0	0.0	0.0	0.0	0.0	0.0	0.0	0.0	0.0	0.0	0.0	0.0	0.0	0.0	0.0	0.0	0.0	0.0	0.0	0.0	0.0	0.0	0.0	0.0	0.0	0.0	0.0	0.0	
Caspian Tern	0.0	0.0	0.0	0.0	0.0	0.0	0.0	0.0	0.0	0.0	0.0	0.09090909090909091	0.0	0.0	0.0	0.0	0.0015	0.0	0.0	0.0	0.5	0.0	0.0	0.0	0.0	0.0	0.0	0.0	0.0	0.0	0.0	0.0	0.0	0.0	1.0	0.5	0.0	0.0	0.0	0.0	0.0	0.0	0.0	0.0	0.0	0.0	1.0	0.0	
Black Tern	0.0	0.0	0.0	0.0	0.0	0.0	0.0	0.0	0.0	0.0	0.0	0.0	0.0	0.0	0.0	0.0	0.0	0.5	0.0	0.0	0.0	0.0	0.0	0.0	0.0	0.0	0.0	0.0	0.0	0.0	0.0	0.0	0.0	0.0	0.0	0.0	0.0	0.0	0.0	0.0	0.0	0.0	0.0	0.0	0.0	0.0	0.0	0.0	
Forster's Tern	0.0	0.0	0.0	0.0	0.0	0.0	0.0	0.0	0.0	0.0	0.0	0.0	0.0	0.09090909090909091	0.0	0.0	0.047619047619047616	0.5	0.5	0.0	0.0	0.0	0.0	0.0	0.0	0.0	0.0	0.0	0.0	0.0	0.0	0.0	0.0	0.0	0.0	0.5	0.0	0.0	0.0	0.0	0.0	0.0	0.0	0.0	0.0	0.0	0.0	0.0	
Royal Tern	0.0	0.0	0.0	0.0	0.0	0.0	0.0	0.0	0.0	0.0	0.0	0.09090909090909091	0.0	0.0	0.0	0.0	0.047619047619047616	0.0	0.0	0.0	0.0	0.0	0.0	0.0	0.0	0.0	0.0	0.0	0.0	0.0	0.0	0.0	0.0	0.0	0.0	0.0	0.0	0.0	0.0	0.0	0.0	0.0	0.0	0.0	0.0	0.0	0.0	0.0	
Sandwich Tern	0.0	0.0	0.0	0.0	0.0	0.0	0.0	0.0	0.0	0.0	0.0	0.09090909090909091	0.0	0.0	0.0	0.0	0.047619047619047616	0.5	0.5	0.0	0.5	0.0	0.0	0.0	0.0	0.0	0.0	0.0	0.0	0.0	0.0	0.0	0.0	0.0	0.0	0.0	0.0	0.0	0.0	0.0	0.0	0.0	0.0	0.0	0.0	0.0	0.0	0.0	
Black Skimmer	0.0	0.0	0.0	0.0	0.0	0.0	0.0	0.0	0.0	0.0	0.0	0.09090909090909091	0.0	0.0	0.0	0.0	0.0	0.0	0.0	0.0	0.0	0.0	0.0	0.0	0.0	0.0	0.0	0.0	0.0	0.0	0.0	0.0	0.0	0.0	0.0	0.0	0.0	0.0	0.0	0.0	0.0	0.0	0.0	0.0	0.0	0.0	0.0	0.0	
Wood Stork	0.0	0.0	0.0	0.0	0.0	0.0	0.0	0.0	0.0	0.0	0.0	0.0	0.0	0.0	0.0	0.0	0.0	0.0	0.0	0.0	0.0	0.0	0.0	0.0	0.0	0.0	0.0	0.0	0.0	0.0	0.0	0.0	0.0	0.0	0.0	0.0	0.0	0.0	0.0	0.0	0.0	0.03225806451612903	0.0	0.0	0.0	0.0	0.0	0.0	
Brown Booby	0.0	0.0	0.0	0.0	0.0	0.0	0.0	0.0	0.0	0.0	0.0	0.0	0.0	0.0	0.0	0.0	0.0	0.0	0.0	0.0	0.0	0.0	0.0	0.0	0.0	0.0	0.0	0.0	0.0	0.0	0.0	0.0	0.0	0.0	0.5	0.0	0.0	0.0	0.0	0.0	0.0	0.0	0.0	0.0	0.0	0.0	0.0	0.0	
Anhinga	0.0	0.0	0.0	0.0	0.0	0.0	0.0	0.0	0.0	0.0015	0.25	0.18181818181818182	0.0	0.0	0.0	0.0	0.0	0.0	0.0	0.0	0.0	0.0	0.0	0.0	0.0	0.0	0.0	0.0	0.0	0.0	0.0	0.0	0.0	0.0	0.0	0.0	0.0	0.0	0.0	0.0	0.1724137931034483	0.0	0.0	0.0	0.0	0.0	0.0	0.0	
Neotropic Cormorant	0.0	0.0	0.0	0.0	0.0	0.0	0.0	0.0	0.0	0.0	0.0	0.0	0.11764705882352941	0.2727272727272727	0.0	0.2222222222222222	0.0	0.0	0.0	0.0	0.0	0.0	0.0	0.0	0.0	0.0	0.0	0.0	0.0	0.0	0.0	0.0	0.0	0.0	1.0	0.5	0.0	0.0	0.0	0.0	0.3448275862068966	0.06451612903225806	0.0	0.0	0.0	0.0	0.0	0.0	
Double-crested Cormorant	0.0	0.0	0.0	0.0	0.0	0.0	0.0	0.0	0.0	0.0015	0.0	0.09090909090909091	0.0	0.0	0.0	0.0	0.0	0.0	0.0	0.0	0.25	0.0	0.0	0.0	0.0	0.0	0.0	0.0	0.0	0.0	0.0	0.0	0.0	0.0	0.0	0.5	0.0	0.0	0.0	0.0	0.13793103448275862	0.06451612903225806	0.0	0.0	0.0	0.0	1.0	0.0	
American White Pelican	0.0	0.0	0.0	0.0	0.0	0.0	0.0	0.0	0.0	0.0	0.0	0.09090909090909091	0.058823529411764705	0.0	0.0	0.1111111111111111	0.0	0.0	0.0	0.0	0.0	0.0	0.0	0.0	0.0	0.0	0.0	0.0	0.0	0.0	0.0	0.0	0.0	0.0	1.0	0.5	0.0	0.0	0.0	0.0	0.13793103448275862	0.3548387096774194	0.0	0.0	0.0	0.0	1.0	0.0	
Brown Pelican	0.0	0.0	0.0	0.0	0.0	0.0	0.0	0.0	0.0	0.0	0.0	0.09090909090909091	0.0	0.0	0.0	0.0	0.0	0.0	0.0	0.0	0.0	0.0	0.0	0.0	0.0	0.0	0.0	0.0	0.0	0.0	0.0	0.0	0.0	0.0	1.0	0.5	0.0	0.0	0.0	0.0	0.0	0.0	0.0	0.0	0.0	0.0	1.0	0.0	
Great Blue Heron	0.0	0.0	0.0	0.0	0.0	0.0	0.0	0.0	0.0	0.0015	0.0015	0.09090909090909091	0.23529411764705882	0.18181818181818182	0.125	0.2222222222222222	0.047619047619047616	0.5	0.0	0.0	0.5	0.0	0.0	0.0	0.0	0.0	0.0	0.0	0.0	0.0	0.0	0.0	0.0	0.0	1.0	0.5	0.0	0.0	0.0	0.0	0.41379310344827586	0.0967741935483871	0.0	0.0	0.0	0.0	0.0	0.0	
Great Egret	0.0	0.0	0.0	0.0	0.0	0.0	0.0	0.0	0.0	0.0	0.0	0.09090909090909091	0.17647058823529413	0.18181818181818182	0.25	0.0	0.0	0.0	0.0	0.2	0.25	0.0	0.0	0.0	0.0	0.0	0.0	0.0	0.0	0.0	0.0	0.0	0.0	0.0	0.0	0.0	0.0	0.0	0.0	0.0	0.3448275862068966	0.12903225806451613	0.0	0.0	0.0	0.0	0.0	0.0	
Snowy Egret	0.0	0.0	0.0	0.0	0.0	0.0	0.0	0.0	0.0	0.0015	0.0	0.09090909090909091	0.058823529411764705	0.18181818181818182	0.0	0.5555555555555556	0.047619047619047616	0.0	0.0	0.0	0.0	0.0	0.0	0.0	0.0	0.0	0.0	0.0	0.0	0.0	0.0	0.0	0.0	0.0	0.0	0.0	0.0	0.0	0.0	0.0	0.3103448275862069	0.0967741935483871	0.0	0.0	0.0	0.0	0.0	0.0	
Little Blue Heron	0.0	0.0	0.0	0.0	0.0	0.0	0.0	0.0	0.0	0.0015	0.0	0.09090909090909091	0.0	0.09090909090909091	0.125	0.3333333333333333	0.0	0.0	0.0	0.0	0.25	0.0	0.0	0.0	0.0	0.0	0.0	0.0	0.0	0.0	0.0	0.0	0.0	0.0	0.0	0.0	0.0	0.0	0.0	0.0	0.0	0.0	0.0	0.0	0.0	0.0	0.0	0.0	
Tricolored Heron	0.0	0.0	0.0	0.0	0.0	0.0	0.0	0.0	0.0	0.0	0.0	0.09090909090909091	0.0	0.0	0.125	0.0	0.0	0.0	0.0	0.0	0.0	0.0	0.0	0.0	0.0	0.0	0.0	0.0	0.0	0.0	0.0	0.0	0.0	0.0	0.5	0.5	0.0	0.0	0.0	0.0	0.27586206896551724	0.0	0.0	0.0	0.0	0.0	0.0	0.0	
Reddish Egret	0.0	0.0	0.0	0.0	0.0	0.0	0.0	0.0	0.0	0.0	0.0	0.09090909090909091	0.0	0.0	0.125	0.0	0.0	0.0	0.0	0.0	0.25	0.0	0.0	0.0	0.0	0.0	0.0	0.0	0.0	0.0	0.0	0.0	0.0	0.0	0.5	0.5	0.0	0.0	0.0	0.0	0.034482758620689655	0.0	0.0	0.0	0.0	0.0	0.0	0.0	
Cattle Egret	0.0	0.0	0.0	0.0	0.0	0.0	0.0	0.0	0.0	0.0015	0.25	0.36363636363636365	0.29411764705882354	0.6363636363636364	0.875	0.6666666666666666	0.09523809523809523	0.0	1.0	0.2	0.0	0.0	0.0	0.0	0.0	0.0	0.0	0.0	0.0	0.0	0.0	0.0	0.0	0.0	0.0	0.5	0.0	0.0	0.0	0.0	0.4827586206896552	0.1935483870967742	0.0	0.0	0.0	0.0	0.0	0.0	
Green Heron	0.0	0.0	0.0	0.0	0.0	0.0	0.0	0.0	0.0	0.0	0.0	0.0	0.0	0.09090909090909091	0.0	0.2222222222222222	0.0	0.0	0.0	0.0	0.0	0.0	0.0	0.0	0.0	0.0	0.0	0.0	0.0	0.0	0.0	0.0	0.0	0.0	0.0	0.0	0.0	0.0	0.0	0.0	0.0	0.0	0.0	0.0	0.0	0.0	0.0	0.0	
Black-crowned Night-Heron	0.0	0.0	0.0	0.0	0.0	0.0	0.0	0.0	0.0	0.0015	0.0	0.09090909090909091	0.0	0.0	0.0	0.0	0.0	0.0	0.0	0.0	0.0	0.0	0.0	0.0	0.0	0.0	0.0	0.0	0.0	0.0	0.0	0.0	0.0	0.0	0.0	0.0	0.0	0.0	0.0	0.0	0.0	0.0	0.0	0.0	0.0	0.0	0.0	0.0	
White Ibis	0.0	0.0	0.0	0.0	0.0	0.0	0.0	0.0	0.0	0.0	0.0	0.09090909090909091	0.0	0.0	0.0	0.2222222222222222	0.0	0.0	0.0	0.0	0.25	0.0	0.0	0.0	0.0	0.0	0.0	0.0	0.0	0.0	0.0	0.0	0.0	0.0	0.0	0.5	0.0	0.0	0.0	0.0	0.2413793103448276	0.16129032258064516	0.0	0.0	0.0	0.0	1.0	0.0	
White-faced Ibis	0.0	0.0	0.0	0.0	0.0	0.0	0.0	0.0	0.0	0.0	0.0015	0.0	0.11764705882352941	0.09090909090909091	0.25	0.0	0.0	0.0015	0.0	0.0	0.25	0.0	0.0	0.0	0.0	0.0	0.0	0.0	0.0	0.0	0.0	0.0	0.0	0.0	0.0	0.0	0.0	0.0	0.0	0.0	0.27586206896551724	0.16129032258064516	0.0	0.0	0.0	0.0	0.0	0.0	
Roseate Spoonbill	0.0	0.0	0.0	0.0	0.0	0.0	0.0	0.0	0.0	0.0	0.0	0.09090909090909091	0.0	0.0	0.0	0.0	0.0	0.0	0.0	0.0	0.0	0.0	0.0	0.0	0.0	0.0	0.0	0.0	0.0	0.0	0.0	0.0	0.0	0.0	0.0	0.0	0.0	0.0	0.0	0.0	0.06896551724137931	0.0	0.0	0.0	0.0	0.0	0.0	0.0	
Black Vulture	0.0	0.0	0.5	0.0	0.0	0.0	1.0	0.0	0.0	1.0	1.0	0.9090909090909091	0.7647058823529411	0.6363636363636364	0.75	0.6666666666666666	0.19047619047619047	0.5	1.0	0.6	0.75	0.0	0.0	0.0	0.0	0.0	0.0	0.0	0.0	0.0	0.0	0.0	0.0	0.0	1.0	0.5	0.0	0.0	0.0	0.0	0.7241379310344828	0.6451612903225806	0.0	0.0	0.0	0.0	0.0	0.0	
Turkey Vulture	0.0	0.0	0.5	0.0	0.0	0.0	1.0	0.0	0.0	1.0	1.0	0.9090909090909091	0.5882352941176471	0.9090909090909091	0.875	0.7777777777777778	0.2857142857142857	1.0	1.0	0.6	1.0	0.0	0.0	0.0	0.0	0.0	0.0	0.0	0.0	0.0	0.0	0.0	0.0	0.0	1.0	0.5	0.0	0.0	0.0	0.0	0.896551724137931	0.8709677419354839	0.0	0.0	0.0	0.0	1.0	0.0	
Osprey	0.0	0.0	0.5	0.0	0.0	0.0	1.0	0.0	0.0	0.0	0.0	0.09090909090909091	0.0	0.09090909090909091	0.0	0.0	0.0	0.0	0.0	0.0	0.0	0.0	0.0	0.0	0.0	0.0	0.0	0.0	0.0	0.0	0.0	0.0	0.0	0.0	1.0	0.5	0.0	0.0	0.0	0.0	0.2413793103448276	0.12903225806451613	0.0	0.0	0.0	0.0	1.0	0.0	
White-tailed Kite	0.0	0.0	0.0	0.0	0.0	0.0	0.0	0.0	0.0	0.0	0.0	0.18181818181818182	0.17647058823529413	0.18181818181818182	0.25	0.3333333333333333	0.0	0.0	0.0	0.0	0.0	0.0	0.0	0.0	0.0	0.0	0.0	0.0	0.0	0.0	0.0	0.0	0.0	0.0	0.0	0.0	0.0	0.0	0.0	0.0	0.5517241379310345	0.1935483870967742	0.0	0.0	0.0	0.0	0.0	0.0	
Swallow-tailed Kite	0.0	0.0	0.0	0.0	0.0	0.0	0.0	0.0	0.0	0.0	0.0	0.0	0.058823529411764705	0.0	0.0	0.0	0.0	0.0	0.0	0.0	0.0	0.0	0.0	0.0	0.0	0.0	0.0	0.0	0.0	0.0	0.0	0.0	0.0	0.0	0.0	0.0	0.0	0.0	0.0	0.0	0.0	0.0	0.0	0.0	0.0	0.0	0.0	0.0	
Mississippi Kite	0.0	0.0	0.0	0.0	0.0	0.0	0.0	0.0	0.0	0.0	0.0	0.0	0.0	0.0	0.25	0.1111111111111111	0.047619047619047616	0.0	0.5	0.0	0.0	0.0	0.0	0.0	0.0	0.0	0.0	0.0	0.0	0.0	0.0	0.0	0.0	0.0	0.0	0.0	0.0	0.0	0.0	0.0	0.0	0.0	0.0	0.0	0.0	0.0	0.0	0.0	
Northern Harrier	0.0	0.0	0.5	0.0	0.0	0.0	0.0	0.0	0.0	1.0	0.75	0.36363636363636365	0.17647058823529413	0.45454545454545453	0.125	0.0	0.0	0.0	0.0	0.0	0.0	0.0	0.0	0.0	0.0	0.0	0.0	0.0	0.0	0.0	0.0	0.0	0.0	0.0	1.0	0.0	0.0	0.0	0.0	0.0	0.4482758620689655	0.4838709677419355	0.0	0.0	0.0	0.0	1.0	0.0	
Sharp-shinned Hawk	0.0	0.0	0.0	0.0	0.0	0.0	0.0	0.0	0.0	0.0015	0.0	0.36363636363636365	0.11764705882352941	0.09090909090909091	0.5	0.0	0.0	0.0	0.0	0.0	0.0	0.0	0.0	0.0	0.0	0.0	0.0	0.0	0.0	0.0	0.0	0.0	0.0	0.0	0.0	0.0	0.0	0.0	0.0	0.0	0.4827586206896552	0.6129032258064516	0.0	0.0	0.0	0.0	1.0	0.0	
Cooper's Hawk	0.0	0.0	0.0	0.0	0.0	0.0	1.0	0.0	0.0	0.0	0.25	0.45454545454545453	0.29411764705882354	0.5454545454545454	0.375	0.3333333333333333	0.047619047619047616	0.5	0.0	0.2	0.0	0.0	0.0	0.0	0.0	0.0	0.0	0.0	0.0	0.0	0.0	0.0	0.0	0.0	1.0	0.5	0.0	0.0	0.0	0.0	0.6206896551724138	0.25806451612903225	0.0	0.0	0.0	0.0	0.0	0.0	
Bald Eagle	0.0	0.0	0.0	0.0	0.0	0.0	0.0	0.0	0.0	0.0	0.0	0.0	0.0	0.0	0.0	0.0	0.0	0.0	0.0	0.0	0.0	0.0	0.0	0.0	0.0	0.0	0.0	0.0	0.0	0.0	0.0	0.0	0.0	0.0	0.0	0.0	0.0	0.0	0.0	0.0	0.1724137931034483	0.0	0.0	0.0	0.0	0.0	0.0	0.0	
Harris's Hawk	0.0	0.0	0.0	0.0	0.0	0.0	1.0	0.0	0.0	0.0015	0.25	0.8181818181818182	0.47058823529411764	0.6363636363636364	0.875	0.5555555555555556	0.047619047619047616	0.5	0.5	0.6	0.5	0.0	0.0	0.0	0.0	0.0	0.0	0.0	0.0	0.0	0.0	0.0	0.0	0.0	1.0	0.5	0.0	0.0	0.0	0.0	0.7931034482758621	0.7096774193548387	0.0	0.0	0.0	0.0	0.0	0.0	
White-tailed Hawk	0.0	0.0	0.5	0.0	0.0	0.0	1.0	0.0	0.0	1.0	0.75	0.8181818181818182	0.35294117647058826	1.0	0.375	0.7777777777777778	0.19047619047619047	0.5	1.0	0.2	0.0	0.0	0.0	0.0	0.0	0.0	0.0	0.0	0.0	0.0	0.0	0.0	0.0	0.0	1.0	0.5	0.0	0.0	0.0	0.0	0.7241379310344828	0.6451612903225806	0.0	0.0	0.0	0.0	0.0	0.0	
Red-shouldered Hawk	0.0	0.0	0.0	0.0	0.0	0.0	0.0	0.0	0.0	0.0	0.0	0.0	0.058823529411764705	0.09090909090909091	0.125	0.0	0.0	0.0	0.0	0.0	0.0	0.0	0.0	0.0	0.0	0.0	0.0	0.0	0.0	0.0	0.0	0.0	0.0	0.0	0.0	0.0	0.0	0.0	0.0	0.0	0.10344827586206896	0.16129032258064516	0.0	0.0	0.0	0.0	0.0	0.0	
Broad-winged Hawk	0.0	0.0	0.0	0.0	0.0	0.0	0.0	0.0	0.0	0.0	0.0	0.36363636363636365	0.11764705882352941	0.09090909090909091	0.125	0.2222222222222222	0.0	0.0	0.5	0.0	0.0	0.0	0.0	0.0	0.0	0.0	0.0	0.0	0.0	0.0	0.0	0.0	0.0	0.0	0.0	0.0	0.0	0.0	0.0	0.0	0.0	0.0	0.0	0.0	0.0	0.0	0.0	0.0	
Swainson's Hawk	0.0	0.0	0.0	0.0	0.0	0.0	0.0	0.0	0.0	0.0	0.0	0.2727272727272727	0.35294117647058826	0.36363636363636365	0.625	0.2222222222222222	0.14285714285714285	0.0	0.0	0.0	0.0	0.0	0.0	0.0	0.0	0.0	0.0	0.0	0.0	0.0	0.0	0.0	0.0	0.0	0.0	0.0	0.0	0.0	0.0	0.0	0.20689655172413793	0.0	0.0	0.0	0.0	0.0	0.0	0.0	
Zone-tailed Hawk	0.0	0.0	0.0	0.0	0.0	0.0	0.0	0.0	0.0	0.0	0.0	0.0	0.0	0.0	0.0	0.0	0.0	0.0	0.0	0.0	0.0	0.0	0.0	0.0	0.0	0.0	0.0	0.0	0.0	0.0	0.0	0.0	0.0	0.0	0.0	0.0	0.0	0.0	0.0	0.0	0.034482758620689655	0.06451612903225806	0.0	0.0	0.0	0.0	0.0	0.0	
Red-tailed Hawk	0.0	0.0	0.5	0.0	0.0	0.0	1.0	0.0	0.0	1.0	1.0	0.6363636363636364	0.4117647058823529	0.7272727272727273	0.875	0.6666666666666666	0.09523809523809523	0.0	0.5	0.6	0.25	0.0	0.0	0.0	0.0	0.0	0.0	0.0	0.0	0.0	0.0	0.0	0.0	0.0	1.0	0.5	0.0	0.0	0.0	0.0	0.6551724137931034	0.7419354838709677	0.0	0.0	0.0	0.0	1.0	0.0	
Ferruginous Hawk	0.0	0.0	0.0	0.0	0.0	0.0	0.0	0.0	0.0	0.0	0.0	0.0	0.0	0.0	0.0	0.0	0.0	0.0	0.0	0.0	0.0	0.0	0.0	0.0	0.0	0.0	0.0	0.0	0.0	0.0	0.0	0.0	0.0	0.0	0.0	0.0	0.0	0.0	0.0	0.0	0.034482758620689655	0.0	0.0	0.0	0.0	0.0	0.0	0.0	
Barn Owl	0.0	0.0	0.0	0.0	0.0	0.0	0.0	0.0	0.0	0.0	0.25	0.5454545454545454	0.17647058823529413	0.45454545454545453	0.625	0.2222222222222222	0.047619047619047616	0.0	0.0	0.2	0.0	0.0	0.0	0.0	0.0	0.0	0.0	0.0	0.0	0.0	0.0	0.0	0.0	0.0	0.0	0.0	0.0	0.0	0.0	0.0	0.0	0.06451612903225806	0.0	0.0	0.0	0.0	0.0	0.0	
Eastern Screech-Owl	0.0	0.0	0.0	0.0	0.0	0.0	0.0	0.0	0.0	0.0	0.0	0.09090909090909091	0.0	0.0	0.0	0.2222222222222222	0.0	0.0	0.0	0.0	0.0	0.0	0.0	0.0	0.0	0.0	0.0	0.0	0.0	0.0	0.0	0.0	0.0	0.0	0.0	0.5	0.0	0.0	0.0	0.0	0.034482758620689655	0.06451612903225806	0.0	0.0	0.0	0.0	0.0	0.0	
Great Horned Owl	0.0	0.0	0.5	0.0	0.0	0.0	0.0	0.0	0.0	0.0	0.5	0.18181818181818182	0.058823529411764705	0.5454545454545454	0.375	0.3333333333333333	0.0015	0.5	0.0	0.2	0.75	0.0	0.0	0.0	0.0	0.0	0.0	0.0	0.0	0.0	0.0	0.0	0.0	0.0	0.0	0.0	0.0	0.0	0.0	0.0	0.3103448275862069	0.1935483870967742	0.0	0.0	0.0	0.0	1.0	0.0	
Ferruginous Pygmy-Owl	0.0	0.0	0.0015	0.0	0.0	0.0	1.0	0.0	0.0	0.0	0.75	0.9090909090909091	0.5294117647058824	1.0	1.0	0.7777777777777778	0.14285714285714285	0.5	1.0	0.8	1.0	0.0	0.0	0.0	0.0	0.0	0.0	0.0	0.0	0.0	0.0	0.0	0.0	0.0	1.0	0.5	0.0	0.0	0.0	0.0	0.7931034482758621	0.7419354838709677	0.0	0.0	0.0	0.0	0.0	0.0	
Belted Kingfisher	0.0	0.0	0.0	0.0	0.0	0.0	0.0	0.0	0.0	0.0	0.0	0.18181818181818182	0.11764705882352941	0.0	0.125	0.0	0.0	0.0	0.0	0.0	0.0	0.0	0.0	0.0	0.0	0.0	0.0	0.0	0.0	0.0	0.0	0.0	0.0	0.0	0.0	0.0	0.0	0.0	0.0	0.0	0.034482758620689655	0.0	0.0	0.0	0.0	0.0	0.0	0.0	
Green Kingfisher	0.0	0.0	0.0	0.0	0.0	0.0	0.0	0.0	0.0	0.0	0.0	0.0	0.0	0.0	0.0	0.0	0.0	0.0	0.0	0.0	0.0	0.0	0.0	0.0	0.0	0.0	0.0	0.0	0.0	0.0	0.0	0.0	0.0	0.0	0.0	0.0	0.0	0.0	0.0	0.0	0.034482758620689655	0.0	0.0	0.0	0.0	0.0	0.0	0.0	
Yellow-bellied Sapsucker	0.0	0.0	0.0	0.0	0.0	0.0	0.0	0.0	0.0	0.0	0.0	0.18181818181818182	0.17647058823529413	0.0	0.0	0.1111111111111111	0.0	0.0	0.0	0.0	0.0	0.0	0.0	0.0	0.0	0.0	0.0	0.0	0.0	0.0	0.0	0.0	0.0	0.0	0.0	0.0	0.0	0.0	0.0	0.0	0.0	0.12903225806451613	0.0	0.0	0.0	0.0	0.0	0.0	
Golden-fronted Woodpecker	0.0	0.0	0.0	0.0	0.0	0.0	1.0	0.0	0.0	0.0015	1.0	0.7272727272727273	0.6470588235294118	0.8181818181818182	1.0	0.8888888888888888	0.38095238095238093	0.5	1.0	0.8	1.0	0.0	0.0	0.0	0.0	0.0	0.0	0.0	0.0	0.0	0.0	0.0	0.0	0.0	1.0	1.0	0.0	0.0	0.0	0.0	0.7586206896551724	0.6774193548387096	0.0	0.0	0.0	0.0	0.0	0.0	
Ladder-backed Woodpecker	0.0	0.0	0.5	0.0	0.0	0.0	1.0	0.0	0.0	0.0	0.75	0.7272727272727273	0.47058823529411764	0.5454545454545454	0.75	0.5555555555555556	0.14285714285714285	1.0	0.5	0.6	1.0	0.0	0.0	0.0	0.0	0.0	0.0	0.0	0.0	0.0	0.0	0.0	0.0	0.0	0.0	0.5	0.0	0.0	0.0	0.0	0.6206896551724138	0.5483870967741935	0.0	0.0	0.0	0.0	1.0	0.0	
Pileated Woodpecker	0.0	0.0	0.0	0.0	0.0	0.0	0.0	0.0	0.0	0.0	0.0	0.0	0.0	0.0	0.0	0.1111111111111111	0.0	0.0	0.0	0.0	0.0	0.0	0.0	0.0	0.0	0.0	0.0	0.0	0.0	0.0	0.0	0.0	0.0	0.0	0.0	0.0	0.0	0.0	0.0	0.0	0.0	0.0	0.0	0.0	0.0	0.0	0.0	0.0	
Northern Flicker	0.0	0.0	0.0	0.0	0.0	0.0	0.0	0.0	0.0	0.0015	0.0	0.0	0.0	0.0	0.0	0.0	0.0	0.0	0.0	0.0	0.0	0.0	0.0	0.0	0.0	0.0	0.0	0.0	0.0	0.0	0.0	0.0	0.0	0.0	0.0	0.0	0.0	0.0	0.0	0.0	0.0	0.12903225806451613	0.0	0.0	0.0	0.0	0.0	0.0	
Crested Caracara	0.0	0.0	0.5	0.0	0.0	0.0	1.0	0.0	0.0	1.0	1.0	0.9090909090909091	0.47058823529411764	0.8181818181818182	1.0	0.8888888888888888	0.3333333333333333	0.0015	1.0	0.4	0.5	0.0	0.0	0.0	0.0	0.0	0.0	0.0	0.0	0.0	0.0	0.0	0.0	0.0	1.0	0.5	0.0	0.0	0.0	0.0	0.8620689655172413	0.8709677419354839	0.0	0.0	0.0	0.0	1.0	0.0	
American Kestrel	0.0	0.0	0.5	0.0	0.0	0.0	1.0	0.0	0.0	1.0	0.75	0.5454545454545454	0.11764705882352941	0.0	0.0	0.0	0.0	0.0	0.0	0.0	0.0	0.0	0.0	0.0	0.0	0.0	0.0	0.0	0.0	0.0	0.0	0.0	0.0	0.0	0.0	1.0	0.0	0.0	0.0	0.0	0.896551724137931	0.8387096774193549	0.0	0.0	0.0	0.0	1.0	0.0	
Merlin	0.0	0.0	0.0	0.0	0.0	0.0	0.0	0.0	0.0	0.0	0.75	0.0	0.11764705882352941	0.09090909090909091	0.0	0.0	0.0	0.0	0.0	0.0	0.0	0.0	0.0	0.0	0.0	0.0	0.0	0.0	0.0	0.0	0.0	0.0	0.0	0.0	0.0	0.5	0.0	0.0	0.0	0.0	0.20689655172413793	0.03225806451612903	0.0	0.0	0.0	0.0	0.0	0.0	
Peregrine Falcon	0.0	0.0	0.0	0.0	0.0	0.0	0.0	0.0	0.0	0.0	0.0	0.09090909090909091	0.0	0.0	0.0	0.0	0.0	0.0	0.0	0.0	0.0	0.0	0.0	0.0	0.0	0.0	0.0	0.0	0.0	0.0	0.0	0.0	0.0	0.0	0.0	0.5	0.0	0.0	0.0	0.0	0.034482758620689655	0.0	0.0	0.0	0.0	0.0	0.0	0.0	
Prairie Falcon	0.0	0.0	0.0	0.0	0.0	0.0	0.0	0.0	0.0	0.0	0.0015	0.0	0.0	0.0	0.0	0.0	0.0	0.0	0.0	0.0	0.0	0.0	0.0	0.0	0.0	0.0	0.0	0.0	0.0	0.0	0.0	0.0	0.0	0.0	0.0	0.0	0.0	0.0	0.0	0.0	0.0	0.0	0.0	0.0	0.0	0.0	0.0	0.0	
Northern Beardless-Tyrannulet	0.0	0.0	0.0	0.0	0.0	0.0	0.0	0.0	0.0	0.0	0.75	0.9090909090909091	0.47058823529411764	0.9090909090909091	0.625	0.5555555555555556	0.14285714285714285	0.0015	0.5	0.6	1.0	0.0	0.0	0.0	0.0	0.0	0.0	0.0	0.0	0.0	0.0	0.0	0.0	0.0	0.5	0.0	0.0	0.0	0.0	0.0	0.4827586206896552	0.22580645161290322	0.0	0.0	0.0	0.0	0.0	0.0	
Olive-sided Flycatcher	0.0	0.0	0.0	0.0	0.0	0.0	0.0	0.0	0.0	0.0	0.0	0.0	0.0	0.0	0.0	0.0	0.0	0.0015	0.0	0.0	0.0	0.0	0.0	0.0	0.0	0.0	0.0	0.0	0.0	0.0	0.0	0.0	0.0	0.0	0.0	0.0	0.0	0.0	0.0	0.0	0.0	0.0	0.0	0.0	0.0	0.0	0.0	0.0	
Eastern Wood-Pewee	0.0	0.0	0.0	0.0	0.0	0.0	0.0	0.0	0.0	0.0	0.0	0.0	0.0	0.0	0.0	0.2222222222222222	0.0015	0.5	0.0	0.0	0.0	0.0	0.0	0.0	0.0	0.0	0.0	0.0	0.0	0.0	0.0	0.0	0.0	0.0	0.0	0.5	0.0	0.0	0.0	0.0	0.0	0.0	0.0	0.0	0.0	0.0	0.0	0.0	
Alder Flycatcher	0.0	0.0	0.0	0.0	0.0	0.0	0.0	0.0	0.0	0.0	0.0	0.0	0.0	0.0	0.0	0.0	0.0	0.0015	0.0	0.0	0.0	0.0	0.0	0.0	0.0	0.0	0.0	0.0	0.0	0.0	0.0	0.0	0.0	0.0	0.0	0.0	0.0	0.0	0.0	0.0	0.0	0.0	0.0	0.0	0.0	0.0	0.0	0.0	
Least Flycatcher	0.0	0.0	0.0	0.0	0.0	0.0	0.0	0.0	0.0	0.0	0.0	0.0	0.0	0.0	0.0	0.2222222222222222	0.0	0.5	0.0	0.0	0.0	0.0	0.0	0.0	0.0	0.0	0.0	0.0	0.0	0.0	0.0	0.0	0.0	0.0	0.0	0.0	0.0	0.0	0.0	0.0	0.0	0.03225806451612903	0.0	0.0	0.0	0.0	0.0	0.0	
Empidonax sp.	0.0	0.0	0.0	0.0	0.0	0.0	0.0	0.0	0.0	0.0	0.0	0.0	0.0	0.09090909090909091	0.0	0.0	0.0	0.5	0.0	0.0	0.0	0.0	0.0	0.0	0.0	0.0	0.0	0.0	0.0	0.0	0.0	0.0	0.0	0.0	1.0	0.0	0.0	0.0	0.0	0.0	0.0	0.0	0.0	0.0	0.0	0.0	0.0	0.0	
Eastern Phoebe	0.0	0.0	0.0	0.0	0.0	0.0	1.0	0.0	0.0	0.0015	0.0	0.18181818181818182	0.0	0.0	0.0	0.0	0.0	0.0	0.0	0.0	0.0	0.0	0.0	0.0	0.0	0.0	0.0	0.0	0.0	0.0	0.0	0.0	0.0	0.0	0.0	0.0	0.0	0.0	0.0	0.0	0.7931034482758621	0.967741935483871	0.0	0.0	0.0	0.0	1.0	0.0	
Say's Phoebe	0.0	0.0	0.0	0.0	0.0	0.0	0.0	0.0	0.0	0.0	0.0	0.0	0.0	0.0	0.0	0.0	0.0	0.0	0.0	0.0	0.0	0.0	0.0	0.0	0.0	0.0	0.0	0.0	0.0	0.0	0.0	0.0	0.0	0.0	0.0	0.0	0.0	0.0	0.0	0.0	0.06896551724137931	0.45161290322580644	0.0	0.0	0.0	0.0	0.0	0.0	
Vermilion Flycatcher	0.0	0.0	0.0	0.0	0.0	0.0	0.0	0.0	0.0	0.0015	1.0	1.0	0.5882352941176471	0.9090909090909091	0.875	0.7777777777777778	0.2857142857142857	0.5	0.5	0.6	0.75	0.0	0.0	0.0	0.0	0.0	0.0	0.0	0.0	0.0	0.0	0.0	0.0	0.0	1.0	0.5	0.0	0.0	0.0	0.0	0.7586206896551724	0.5806451612903226	0.0	0.0	0.0	0.0	0.0	0.0	
Ash-throated Flycatcher	0.0	0.0	0.0	0.0	0.0	0.0	0.0	0.0	0.0	0.0	0.0	0.0	0.0	0.0	0.0	0.0	0.047619047619047616	0.0	0.0	0.4	0.0	0.0	0.0	0.0	0.0	0.0	0.0	0.0	0.0	0.0	0.0	0.0	0.0	0.0	0.0	0.0	0.0	0.0	0.0	0.0	0.0	0.0	0.0	0.0	0.0	0.0	0.0	0.0	
Great Crested Flycatcher	0.0	0.0	0.0	0.0	0.0	0.0	0.0	0.0	0.0	0.0	0.0	0.09090909090909091	0.11764705882352941	0.09090909090909091	0.25	0.0	0.0	0.0	0.0	0.2	0.0	0.0	0.0	0.0	0.0	0.0	0.0	0.0	0.0	0.0	0.0	0.0	0.0	0.0	0.5	0.5	0.0	0.0	0.0	0.0	0.0	0.0	0.0	0.0	0.0	0.0	0.0	0.0	
Brown-crested Flycatcher	0.0	0.0	0.0	0.0	0.0	0.0	0.0	0.0	0.0	0.0	0.0	0.0	0.29411764705882354	0.8181818181818182	1.0	0.7777777777777778	0.2857142857142857	1.0	0.5	0.8	1.0	0.0	0.0	0.0	0.0	0.0	0.0	0.0	0.0	0.0	0.0	0.0	0.0	0.0	0.0	0.0	0.0	0.0	0.0	0.0	0.0	0.0	0.0	0.0	0.0	0.0	0.0	0.0	
Myiarchus sp.	0.0	0.0	0.0	0.0	0.0	0.0	0.0	0.0	0.0	0.0	0.0	0.0	0.0	0.0	0.0	0.1111111111111111	0.0	0.0	0.0	0.0	0.0	0.0	0.0	0.0	0.0	0.0	0.0	0.0	0.0	0.0	0.0	0.0	0.0	0.0	0.0	0.0	0.0	0.0	0.0	0.0	0.0	0.0	0.0	0.0	0.0	0.0	0.0	0.0	
Great Kiskadee	0.0	0.0	0.0	0.0	0.0	0.0	1.0	0.0	0.0	0.0	0.75	0.7272727272727273	0.5294117647058824	0.7272727272727273	0.875	0.6666666666666666	0.23809523809523808	0.5	0.0	0.6	0.75	0.0	0.0	0.0	0.0	0.0	0.0	0.0	0.0	0.0	0.0	0.0	0.0	0.0	1.0	0.0	0.0	0.0	0.0	0.0	0.5517241379310345	0.16129032258064516	0.0	0.0	0.0	0.0	1.0	0.0	
Tropical Kingbird	0.0	0.0	0.0	0.0	0.0	0.0	0.0	0.0	0.0	0.0	0.0	0.45454545454545453	0.17647058823529413	0.18181818181818182	0.5	0.4444444444444444	0.09523809523809523	1.0	0.0	0.2	0.0	0.0	0.0	0.0	0.0	0.0	0.0	0.0	0.0	0.0	0.0	0.0	0.0	0.0	0.0	0.0	0.0	0.0	0.0	0.0	0.0	0.03225806451612903	0.0	0.0	0.0	0.0	0.0	0.0	
Couch's Kingbird	0.0	0.0	0.0	0.0	0.0	0.0	1.0	0.0	0.0	0.0	1.0	1.0	0.7647058823529411	0.9090909090909091	1.0	0.7777777777777778	0.38095238095238093	1.0	0.5	0.8	0.75	0.0	0.0	0.0	0.0	0.0	0.0	0.0	0.0	0.0	0.0	0.0	0.0	0.0	1.0	0.5	0.0	0.0	0.0	0.0	0.5517241379310345	0.5806451612903226	0.0	0.0	0.0	0.0	1.0	0.0	
Tropical/Couch's Kingbird	0.0	0.0	0.0	0.0	0.0	0.0	0.0	0.0	0.0	0.0	0.0	0.0	0.0	0.0	0.0	0.0	0.0	0.0	0.0	0.0	0.0	0.0	0.0	0.0	0.0	0.0	0.0	0.0	0.0	0.0	0.0	0.0	0.0	0.0	0.0	0.0	0.0	0.0	0.0	0.0	0.0	0.03225806451612903	0.0	0.0	0.0	0.0	0.0	0.0	
Western Kingbird	0.0	0.0	0.0	0.0	0.0	0.0	0.0	0.0	0.0	0.0	0.0	0.0	0.058823529411764705	0.18181818181818182	0.125	0.3333333333333333	0.0	1.0	0.0	0.0	0.5	0.0	0.0	0.0	0.0	0.0	0.0	0.0	0.0	0.0	0.0	0.0	0.0	0.0	0.0	0.0	0.0	0.0	0.0	0.0	0.0	0.06451612903225806	0.0	0.0	0.0	0.0	0.0	0.0	
Eastern Kingbird	0.0	0.0	0.0	0.0	0.0	0.0	0.0	0.0	0.0	0.0	0.0	0.0	0.0	0.0	0.25	0.0	0.14285714285714285	0.5	0.5	0.0	0.0	0.0	0.0	0.0	0.0	0.0	0.0	0.0	0.0	0.0	0.0	0.0	0.0	0.0	1.0	0.5	0.0	0.0	0.0	0.0	0.0	0.0	0.0	0.0	0.0	0.0	0.0	0.0	
Scissor-tailed Flycatcher	0.0	0.0	0.0	0.0	0.0	0.0	0.0	0.0	0.0	1.0	1.0	0.9090909090909091	0.8235294117647058	0.9090909090909091	1.0	0.8888888888888888	0.2857142857142857	1.0	1.0	0.8	0.75	0.0	0.0	0.0	0.0	0.0	0.0	0.0	0.0	0.0	0.0	0.0	0.0	0.0	1.0	1.0	0.0	0.0	0.0	0.0	0.8275862068965517	0.8709677419354839	0.0	0.0	0.0	0.0	0.0	0.0	
Loggerhead Shrike	0.0	0.0	0.0	0.0	0.0	0.0	1.0	0.0	0.0	1.0	0.75	0.5454545454545454	0.5294117647058824	0.6363636363636364	0.75	0.1111111111111111	0.14285714285714285	0.0	0.0	0.2	0.0	0.0	0.0	0.0	0.0	0.0	0.0	0.0	0.0	0.0	0.0	0.0	0.0	0.0	1.0	1.0	0.0	0.0	0.0	0.0	0.7241379310344828	0.8387096774193549	0.0	0.0	0.0	0.0	0.0	0.0	
White-eyed Vireo	0.0	0.0	0.0	0.0	0.0	0.0	1.0	0.0	0.0	1.0	1.0	0.36363636363636365	0.5294117647058824	0.45454545454545453	0.625	0.5555555555555556	0.19047619047619047	1.0	0.5	0.4	0.5	0.0	0.0	0.0	0.0	0.0	0.0	0.0	0.0	0.0	0.0	0.0	0.0	0.0	0.5	0.5	0.0	0.0	0.0	0.0	0.20689655172413793	0.22580645161290322	0.0	0.0	0.0	0.0	0.0	0.0	
Bell's Vireo	0.0	0.0	0.0	0.0	0.0	0.0	0.0	0.0	0.0	0.0	0.0	0.0	0.0	0.09090909090909091	0.0	0.0	0.0	0.0	0.0	0.0	0.0	0.0	0.0	0.0	0.0	0.0	0.0	0.0	0.0	0.0	0.0	0.0	0.0	0.0	0.0	0.0	0.0	0.0	0.0	0.0	0.0	0.0	0.0	0.0	0.0	0.0	0.0	0.0	
Yellow-throated Vireo	0.0	0.0	0.0	0.0	0.0	0.0	0.0	0.0	0.0	0.0	0.0	0.0	0.0	0.0	0.0	0.0	0.0	0.0	0.0	0.0	0.0	0.0	0.0	0.0	0.0	0.0	0.0	0.0	0.0	0.0	0.0	0.0	0.0	0.0	0.0	0.5	0.0	0.0	0.0	0.0	0.0	0.0	0.0	0.0	0.0	0.0	0.0	0.0	
Blue-headed Vireo	0.0	0.0	0.0	0.0	0.0	0.0	0.0	0.0	0.0	0.0	0.0	0.0015	0.058823529411764705	0.18181818181818182	0.125	0.0	0.0	0.0	0.0	0.0	0.0	0.0	0.0	0.0	0.0	0.0	0.0	0.0	0.0	0.0	0.0	0.0	0.0	0.0	0.0	0.0	0.0	0.0	0.0	0.0	0.0	0.16129032258064516	0.0	0.0	0.0	0.0	0.0	0.0	
Philadelphia Vireo	0.0	0.0	0.0	0.0	0.0	0.0	0.0	0.0	0.0	0.0	0.0	0.0	0.0	0.0	0.0	0.1111111111111111	0.0	0.0	0.0	0.0	0.0	0.0	0.0	0.0	0.0	0.0	0.0	0.0	0.0	0.0	0.0	0.0	0.0	0.0	0.0	0.0	0.0	0.0	0.0	0.0	0.0	0.0	0.0	0.0	0.0	0.0	0.0	0.0	
Red-eyed Vireo	0.0	0.0	0.0	0.0	0.0	0.0	0.0	0.0	0.0	0.0	0.0	0.0	0.0	0.0	0.125	0.0	0.0	0.0	0.0	0.0	0.0	0.0	0.0	0.0	0.0	0.0	0.0	0.0	0.0	0.0	0.0	0.0	0.0	0.0	0.0	0.0	0.0	0.0	0.0	0.0	0.0	0.0	0.0	0.0	0.0	0.0	0.0	0.0	
Yellow-green Vireo	0.0	0.0	0.0	0.0	0.0	0.0	0.0	0.0	0.0	0.0	0.0	0.0	0.0	0.0	0.0	0.0	0.0	0.0	0.0	0.0	0.5	0.0	0.0	0.0	0.0	0.0	0.0	0.0	0.0	0.0	0.0	0.0	0.0	0.0	0.0	0.0	0.0	0.0	0.0	0.0	0.0	0.0	0.0	0.0	0.0	0.0	0.0	0.0	
Green Jay	0.0	0.0	0.5	0.0	0.0	0.0	1.0	0.0	0.0	0.0	1.0	0.7272727272727273	0.5882352941176471	0.6363636363636364	0.875	0.6666666666666666	0.14285714285714285	0.5	0.5	0.6	0.5	0.0	0.0	0.0	0.0	0.0	0.0	0.0	0.0	0.0	0.0	0.0	0.0	0.0	1.0	0.5	0.0	0.0	0.0	0.0	0.7931034482758621	0.8387096774193549	0.0	0.0	0.0	0.0	1.0	0.0	
Chihuahuan Raven	0.0	0.0	0.0	0.0	0.0	0.0	0.0	0.0	0.0	0.0015	0.0	0.09090909090909091	0.0	0.0	0.0	0.0	0.0	0.0	0.0	0.0	0.25	0.0	0.0	0.0	0.0	0.0	0.0	0.0	0.0	0.0	0.0	0.0	0.0	0.0	0.0	0.0	0.0	0.0	0.0	0.0	0.0	0.0	0.0	0.0	0.0	0.0	0.0	0.0	
Horned Lark	0.0	0.0	0.0	0.0	0.0	0.0	0.0	0.0	0.0	0.0	0.0	0.09090909090909091	0.0	0.0	0.25	0.0	0.0	0.0	0.0	0.0	0.0	0.0	0.0	0.0	0.0	0.0	0.0	0.0	0.0	0.0	0.0	0.0	0.0	0.0	0.0	0.0	0.0	0.0	0.0	0.0	0.0	0.0	0.0	0.0	0.0	0.0	0.0	0.0	
Northern Rough-winged Swallow	0.0	0.0	0.0	0.0	0.0	0.0	0.0	0.0	0.0	1.0	0.0	0.09090909090909091	0.29411764705882354	0.36363636363636365	0.625	0.3333333333333333	0.047619047619047616	0.0	0.0	0.0	0.0	0.0	0.0	0.0	0.0	0.0	0.0	0.0	0.0	0.0	0.0	0.0	0.0	0.0	0.0	0.0	0.0	0.0	0.0	0.0	0.13793103448275862	0.06451612903225806	0.0	0.0	0.0	0.0	0.0	0.0	
Purple Martin	0.0	0.0	0.0	0.0	0.0	0.0	0.0	0.0	0.0	1.0	0.0	0.09090909090909091	0.11764705882352941	0.09090909090909091	0.25	0.1111111111111111	0.0	0.0015	0.0	0.2	0.0	0.0	0.0	0.0	0.0	0.0	0.0	0.0	0.0	0.0	0.0	0.0	0.0	0.0	0.5	0.5	0.0	0.0	0.0	0.0	0.0	0.0	0.0	0.0	0.0	0.0	0.0	0.0	
Tree Swallow	0.0	0.0	0.0	0.0	0.0	0.0	0.0	0.0	0.0	1.0	0.0	0.0	0.23529411764705882	0.18181818181818182	0.5	0.0	0.047619047619047616	0.0	0.0	0.0	0.0	0.0	0.0	0.0	0.0	0.0	0.0	0.0	0.0	0.0	0.0	0.0	0.0	0.0	0.0	0.0	0.0	0.0	0.0	0.0	0.06896551724137931	0.0	0.0	0.0	0.0	0.0	0.0	0.0	
Bank Swallow	0.0	0.0	0.0	0.0	0.0	0.0	0.0	0.0	0.0	0.0	0.0	0.0	0.0	0.0	0.0	0.2222222222222222	0.09523809523809523	0.0	0.0	0.2	0.0	0.0	0.0	0.0	0.0	0.0	0.0	0.0	0.0	0.0	0.0	0.0	0.0	0.0	0.0	0.0	0.0	0.0	0.0	0.0	0.0	0.0	0.0	0.0	0.0	0.0	0.0	0.0	
Barn Swallow	0.0	0.0	0.0	0.0	0.0	0.0	0.0	0.0	0.0	1.0	0.25	0.18181818181818182	0.5294117647058824	0.6363636363636364	0.875	0.7777777777777778	0.47619047619047616	1.0	1.0	0.8	0.0	0.0	0.0	0.0	0.0	0.0	0.0	0.0	0.0	0.0	0.0	0.0	0.0	0.0	1.0	1.0	0.0	0.0	0.0	0.0	0.3103448275862069	0.12903225806451613	0.0	0.0	0.0	0.0	0.0	0.0	
Cliff Swallow	0.0	0.0	0.0	0.0	0.0	0.0	0.0	0.0	0.0	1.0	0.0	0.0	0.0	0.18181818181818182	0.375	0.3333333333333333	0.14285714285714285	0.0	0.0	0.4	0.25	0.0	0.0	0.0	0.0	0.0	0.0	0.0	0.0	0.0	0.0	0.0	0.0	0.0	0.0	0.0	0.0	0.0	0.0	0.0	0.0	0.0	0.0	0.0	0.0	0.0	0.0	0.0	
Cave Swallow	0.0	0.0	0.0	0.0	0.0	0.0	0.0	0.0	0.0	0.0	0.25	0.09090909090909091	0.17647058823529413	0.5454545454545454	0.125	0.3333333333333333	0.0	0.0015	0.0	0.4	0.0	0.0	0.0	0.0	0.0	0.0	0.0	0.0	0.0	0.0	0.0	0.0	0.0	0.0	0.0	0.0	0.0	0.0	0.0	0.0	0.034482758620689655	0.0	0.0	0.0	0.0	0.0	0.0	0.0	
Cliff/Cave Swallow	0.0	0.0	0.0	0.0	0.0	0.0	0.0	0.0	0.0	0.0	0.0	0.0	0.0	0.0	0.0	0.0	0.047619047619047616	0.0	0.0	0.2	0.0	0.0	0.0	0.0	0.0	0.0	0.0	0.0	0.0	0.0	0.0	0.0	0.0	0.0	0.5	0.0	0.0	0.0	0.0	0.0	0.0	0.0	0.0	0.0	0.0	0.0	0.0	0.0	
swallow sp.	0.0	0.0	0.0	0.0	0.0	0.0	0.0	0.0	0.0	0.0	0.0	0.0	0.0	0.0	0.125	0.0	0.0	0.0	0.0	0.0	0.0	0.0	0.0	0.0	0.0	0.0	0.0	0.0	0.0	0.0	0.0	0.0	0.0	0.0	0.0	0.0	0.0	0.0	0.0	0.0	0.034482758620689655	0.0	0.0	0.0	0.0	0.0	0.0	0.0	
Black-crested Titmouse	0.0	0.0	0.5	0.0	0.0	0.0	1.0	0.0	0.0	0.0	0.75	0.6363636363636364	0.5294117647058824	0.7272727272727273	1.0	0.6666666666666666	0.19047619047619047	1.0	0.5	0.4	1.0	0.0	0.0	0.0	0.0	0.0	0.0	0.0	0.0	0.0	0.0	0.0	0.0	0.0	1.0	0.5	0.0	0.0	0.0	0.0	0.5517241379310345	0.6451612903225806	0.0	0.0	0.0	0.0	0.0	0.0	
Verdin	0.0	0.0	0.0	0.0	0.0	0.0	1.0	0.0	0.0	0.0	0.5	0.18181818181818182	0.11764705882352941	0.09090909090909091	0.0	0.0	0.09523809523809523	0.5	0.0	0.0	0.0	0.0	0.0	0.0	0.0	0.0	0.0	0.0	0.0	0.0	0.0	0.0	0.0	0.0	0.0	0.5	0.0	0.0	0.0	0.0	0.20689655172413793	0.22580645161290322	0.0	0.0	0.0	0.0	0.0	0.0	
House Wren	0.0	0.0	0.0	0.0	0.0	0.0	1.0	0.0	0.0	0.0015	0.0	0.09090909090909091	0.11764705882352941	0.18181818181818182	0.125	0.0	0.0	0.0	0.0	0.0	0.0	0.0	0.0	0.0	0.0	0.0	0.0	0.0	0.0	0.0	0.0	0.0	0.0	0.0	0.0	0.0	0.0	0.0	0.0	0.0	0.5172413793103449	0.45161290322580644	0.0	0.0	0.0	0.0	0.0	0.0	
Sedge Wren	0.0	0.0	0.5	0.0	0.0	0.0	0.0	0.0	0.0	0.0	0.0	0.0	0.0	0.0	0.0	0.0	0.0	0.0	0.0	0.0	0.0	0.0	0.0	0.0	0.0	0.0	0.0	0.0	0.0	0.0	0.0	0.0	0.0	0.0	0.0	0.0	0.0	0.0	0.0	0.0	0.0	0.0	0.0	0.0	0.0	0.0	1.0	0.0	
Marsh Wren	0.0	0.0	0.5	0.0	0.0	0.0	0.0	0.0	0.0	0.0	0.0	0.0	0.0	0.0	0.0	0.0	0.0	0.0	0.0	0.0	0.0	0.0	0.0	0.0	0.0	0.0	0.0	0.0	0.0	0.0	0.0	0.0	0.0	0.0	0.0	0.0	0.0	0.0	0.0	0.0	0.0	0.0	0.0	0.0	0.0	0.0	0.0	0.0	
Carolina Wren	0.0	0.0	0.0	0.0	0.0	0.0	0.0	0.0	0.0	0.0015	0.0	0.0015	0.058823529411764705	0.18181818181818182	0.125	0.3333333333333333	0.0	0.0	0.0	0.0	0.5	0.0	0.0	0.0	0.0	0.0	0.0	0.0	0.0	0.0	0.0	0.0	0.0	0.0	0.5	0.0	0.0	0.0	0.0	0.0	0.06896551724137931	0.03225806451612903	0.0	0.0	0.0	0.0	0.0	0.0	
Bewick's Wren	0.0	0.0	0.0	0.0	0.0	0.0	1.0	0.0	0.0	0.0	0.25	0.2727272727272727	0.35294117647058826	0.2727272727272727	0.625	0.3333333333333333	0.14285714285714285	1.0	0.5	0.8	0.25	0.0	0.0	0.0	0.0	0.0	0.0	0.0	0.0	0.0	0.0	0.0	0.0	0.0	0.0	0.5	0.0	0.0	0.0	0.0	0.2413793103448276	0.0967741935483871	0.0	0.0	0.0	0.0	0.0	0.0	
Blue-gray Gnatcatcher	0.0	0.0	0.0	0.0	0.0	0.0	1.0	0.0	0.0	0.0	0.25	0.18181818181818182	0.11764705882352941	0.09090909090909091	0.0	0.1111111111111111	0.047619047619047616	0.5	0.0	0.2	0.75	0.0	0.0	0.0	0.0	0.0	0.0	0.0	0.0	0.0	0.0	0.0	0.0	0.0	0.5	0.5	0.0	0.0	0.0	0.0	0.3448275862068966	0.5161290322580645	0.0	0.0	0.0	0.0	0.0	0.0	
Golden-crowned Kinglet	0.0	0.0	0.0	0.0	0.0	0.0	0.0	0.0	0.0	0.0	0.25	0.0	0.0	0.0	0.0	0.0	0.0	0.0	0.0	0.0	0.0	0.0	0.0	0.0	0.0	0.0	0.0	0.0	0.0	0.0	0.0	0.0	0.0	0.0	0.0	0.0	0.0	0.0	0.0	0.0	0.0	0.0	0.0	0.0	0.0	0.0	0.0	0.0	
Ruby-crowned Kinglet	0.0	0.0	0.0	0.0	0.0	0.0	1.0	0.0	0.0	0.0	1.0	0.09090909090909091	0.17647058823529413	0.2727272727272727	0.0	0.0	0.0	0.0	0.0	0.2	0.0	0.0	0.0	0.0	0.0	0.0	0.0	0.0	0.0	0.0	0.0	0.0	0.0	0.0	0.0	0.5	0.0	0.0	0.0	0.0	0.4482758620689655	0.5161290322580645	0.0	0.0	0.0	0.0	0.0	0.0	
Eastern Bluebird	0.0	0.0	0.0	0.0	0.0	0.0	0.0	0.0	0.0	0.0	0.0	0.09090909090909091	0.0	0.0	0.125	0.0	0.0	0.0	0.0	0.0	0.0	0.0	0.0	0.0	0.0	0.0	0.0	0.0	0.0	0.0	0.0	0.0	0.0	0.0	0.0	0.0	0.0	0.0	0.0	0.0	0.034482758620689655	0.2903225806451613	0.0	0.0	0.0	0.0	1.0	0.0	
Clay-colored Thrush	0.0	0.0	0.0	0.0	0.0	0.0	0.0	0.0	0.0	0.0	0.0	0.09090909090909091	0.0	0.0	0.0	0.0	0.0	0.0	0.0	0.0	0.0	0.0	0.0	0.0	0.0	0.0	0.0	0.0	0.0	0.0	0.0	0.0	0.0	0.0	0.0	0.0	0.0	0.0	0.0	0.0	0.0	0.0	0.0	0.0	0.0	0.0	0.0	0.0	
American Robin	0.0	0.0	0.0	0.0	0.0	0.0	0.0	0.0	0.0	0.0	0.0	0.09090909090909091	0.0	0.0	0.0	0.0	0.0	0.0	0.0	0.0	0.0	0.0	0.0	0.0	0.0	0.0	0.0	0.0	0.0	0.0	0.0	0.0	0.0	0.0	0.0	0.0	0.0	0.0	0.0	0.0	0.0	0.03225806451612903	0.0	0.0	0.0	0.0	0.0	0.0	
Gray Catbird	0.0	0.0	0.0	0.0	0.0	0.0	0.0	0.0	0.0	0.0	0.0	0.0	0.0	0.09090909090909091	0.0	0.1111111111111111	0.0	0.0	0.0	0.0	0.0	0.0	0.0	0.0	0.0	0.0	0.0	0.0	0.0	0.0	0.0	0.0	0.0	0.0	0.0	0.0	0.0	0.0	0.0	0.0	0.10344827586206896	0.0	0.0	0.0	0.0	0.0	0.0	0.0	
Curve-billed Thrasher	0.0	0.0	0.0	0.0	0.0	0.0	0.0	0.0	0.0	0.0	0.5	0.18181818181818182	0.23529411764705882	0.0	0.375	0.3333333333333333	0.047619047619047616	0.0	0.5	0.0	0.0	0.0	0.0	0.0	0.0	0.0	0.0	0.0	0.0	0.0	0.0	0.0	0.0	0.0	0.5	0.0	0.0	0.0	0.0	0.0	0.0	0.0967741935483871	0.0	0.0	0.0	0.0	0.0	0.0	
Long-billed Thrasher	0.0	0.0	0.5	0.0	0.0	0.0	0.0	0.0	0.0	0.0	0.75	0.18181818181818182	0.35294117647058826	0.7272727272727273	0.625	0.4444444444444444	0.09523809523809523	0.5	1.0	0.2	0.0	0.0	0.0	0.0	0.0	0.0	0.0	0.0	0.0	0.0	0.0	0.0	0.0	0.0	0.5	0.5	0.0	0.0	0.0	0.0	0.4827586206896552	0.6129032258064516	0.0	0.0	0.0	0.0	0.0	0.0	
Northern Mockingbird	0.0	0.0	0.5	0.0	0.0	0.0	1.0	0.0	0.0	1.0	0.75	0.7272727272727273	0.7058823529411765	0.9090909090909091	0.875	0.8888888888888888	0.38095238095238093	1.0	0.5	0.8	1.0	0.0	0.0	0.0	0.0	0.0	0.0	0.0	0.0	0.0	0.0	0.0	0.0	0.0	1.0	1.0	0.0	0.0	0.0	0.0	0.7586206896551724	0.7419354838709677	0.0	0.0	0.0	0.0	1.0	0.0	
European Starling	0.0	0.0	0.0	0.0	0.0	0.0	1.0	0.0	0.0	1.0	0.5	0.45454545454545453	0.47058823529411764	0.45454545454545453	0.75	0.6666666666666666	0.09523809523809523	0.0	0.0	0.0	0.0	0.0	0.0	0.0	0.0	0.0	0.0	0.0	0.0	0.0	0.0	0.0	0.0	0.0	0.5	0.0	0.0	0.0	0.0	0.0	0.13793103448275862	0.3225806451612903	0.0	0.0	0.0	0.0	0.0	0.0	
American Pipit	0.0	0.0	0.0	0.0	0.0	0.0	0.0	0.0	0.0	0.0	0.0	0.0	0.0	0.0	0.0	0.0	0.0	0.0	0.0	0.0	0.0	0.0	0.0	0.0	0.0	0.0	0.0	0.0	0.0	0.0	0.0	0.0	0.0	0.0	0.0	0.0	0.0	0.0	0.0	0.0	0.06896551724137931	0.06451612903225806	0.0	0.0	0.0	0.0	0.0	0.0	
Sprague's Pipit	0.0	0.0	0.5	0.0	0.0	0.0	1.0	0.0	0.0	1.0	0.75	0.6363636363636364	0.17647058823529413	0.6363636363636364	0.125	0.1111111111111111	0.0	0.0	0.0	0.0	0.0	0.0	0.0	0.0	0.0	0.0	0.0	0.0	0.0	0.0	0.0	0.0	0.0	0.0	0.0	0.0	0.0	0.0	0.0	0.0	0.6896551724137931	0.8387096774193549	0.0	0.0	0.0	0.0	1.0	0.0	
House Finch	0.0	0.0	0.0	0.0	0.0	0.0	0.0	0.0	0.0	0.0	0.0	0.0	0.0	0.0	0.0	0.0	0.0	0.0	0.0	0.0	0.0	0.0	0.0	0.0	0.0	0.0	0.0	0.0	0.0	0.0	0.0	0.0	0.0	0.0	0.5	0.0	0.0	0.0	0.0	0.0	0.0	0.0	0.0	0.0	0.0	0.0	0.0	0.0	
Lesser Goldfinch	0.0	0.0	0.0	0.0	0.0	0.0	0.0	0.0	0.0	0.0	0.0	0.18181818181818182	0.058823529411764705	0.36363636363636365	0.625	0.5555555555555556	0.23809523809523808	1.0	0.5	0.6	0.75	0.0	0.0	0.0	0.0	0.0	0.0	0.0	0.0	0.0	0.0	0.0	0.0	0.0	1.0	0.5	0.0	0.0	0.0	0.0	0.0	0.25806451612903225	0.0	0.0	0.0	0.0	0.0	0.0	
American Goldfinch	0.0	0.0	0.0	0.0	0.0	0.0	0.0	0.0	0.0	0.0	0.0	0.09090909090909091	0.0	0.0	0.0	0.0	0.0	0.0	0.0	0.0	0.0	0.0	0.0	0.0	0.0	0.0	0.0	0.0	0.0	0.0	0.0	0.0	0.0	0.0	0.0	0.0	0.0	0.0	0.0	0.0	0.0	0.06451612903225806	0.0	0.0	0.0	0.0	0.0	0.0	
Botteri's Sparrow	0.0	0.0	0.0	0.0	0.0	0.0	0.0	0.0	0.0	0.0	0.0	0.0	0.0	0.0	0.5	0.7777777777777778	0.23809523809523808	1.0	0.5	0.6	0.25	0.0	0.0	0.0	0.0	0.0	0.0	0.0	0.0	0.0	0.0	0.0	0.0	0.0	0.0	0.0	0.0	0.0	0.0	0.0	0.0	0.0	0.0	0.0	0.0	0.0	0.0	0.0	
Cassin's Sparrow	0.0	0.0	0.0	0.0	0.0	0.0	0.0	0.0	0.0	0.0	0.0	0.0015	0.17647058823529413	0.09090909090909091	0.375	0.4444444444444444	0.14285714285714285	1.0	0.0	0.2	0.0	0.0	0.0	0.0	0.0	0.0	0.0	0.0	0.0	0.0	0.0	0.0	0.0	0.0	0.0	0.0	0.0	0.0	0.0	0.0	0.0	0.03225806451612903	0.0	0.0	0.0	0.0	0.0	0.0	
Grasshopper Sparrow	0.0	0.0	0.0	0.0	0.0	0.0	1.0	0.0	0.0	0.0	0.0	0.09090909090909091	0.29411764705882354	0.6363636363636364	0.875	0.4444444444444444	0.14285714285714285	0.0015	0.0	0.2	0.0	0.0	0.0	0.0	0.0	0.0	0.0	0.0	0.0	0.0	0.0	0.0	0.0	0.0	0.0	0.0	0.0	0.0	0.0	0.0	0.034482758620689655	0.06451612903225806	0.0	0.0	0.0	0.0	0.0	0.0	
Olive Sparrow	0.0	0.0	0.0	0.0	0.0	0.0	0.0	0.0	0.0	0.0	0.5	0.18181818181818182	0.29411764705882354	0.36363636363636365	0.625	0.4444444444444444	0.19047619047619047	1.0	0.5	0.4	0.25	0.0	0.0	0.0	0.0	0.0	0.0	0.0	0.0	0.0	0.0	0.0	0.0	0.0	0.5	0.5	0.0	0.0	0.0	0.0	0.1724137931034483	0.16129032258064516	0.0	0.0	0.0	0.0	0.0	0.0	
Chipping Sparrow	0.0	0.0	0.0	0.0	0.0	0.0	0.0	0.0	0.0	0.0	0.0	0.0	0.058823529411764705	0.18181818181818182	0.0	0.0	0.0	0.0	0.0	0.0	0.0	0.0	0.0	0.0	0.0	0.0	0.0	0.0	0.0	0.0	0.0	0.0	0.0	0.0	0.0	0.0	0.0	0.0	0.0	0.0	0.0	0.06451612903225806	0.0	0.0	0.0	0.0	0.0	0.0	
Lark Sparrow	0.0	0.0	0.0	0.0	0.0	0.0	1.0	0.0	0.0	0.0	0.75	0.45454545454545453	0.4117647058823529	0.8181818181818182	1.0	0.6666666666666666	0.09523809523809523	0.5	0.5	0.6	0.75	0.0	0.0	0.0	0.0	0.0	0.0	0.0	0.0	0.0	0.0	0.0	0.0	0.0	0.5	1.0	0.0	0.0	0.0	0.0	0.13793103448275862	0.3548387096774194	0.0	0.0	0.0	0.0	0.0	0.0	
Lark Bunting	0.0	0.0	0.0	0.0	0.0	0.0	0.0	0.0	0.0	0.0	0.0	0.0	0.0	0.09090909090909091	0.0	0.0	0.0	0.0	0.0	0.0	0.0	0.0	0.0	0.0	0.0	0.0	0.0	0.0	0.0	0.0	0.0	0.0	0.0	0.0	0.0	0.0	0.0	0.0	0.0	0.0	0.0	0.03225806451612903	0.0	0.0	0.0	0.0	0.0	0.0	
Vesper Sparrow	0.0	0.0	0.0	0.0	0.0	0.0	1.0	0.0	0.0	0.0	0.0	0.18181818181818182	0.17647058823529413	0.18181818181818182	0.125	0.3333333333333333	0.0	0.0	0.0	0.0	0.0	0.0	0.0	0.0	0.0	0.0	0.0	0.0	0.0	0.0	0.0	0.0	0.0	0.0	0.0	0.0	0.0	0.0	0.0	0.0	0.0	0.0967741935483871	0.0	0.0	0.0	0.0	0.0	0.0	
Savannah Sparrow	0.0	0.0	0.5	0.0	0.0	0.0	1.0	0.0	0.0	1.0	0.25	0.45454545454545453	0.6470588235294118	0.9090909090909091	0.5	0.7777777777777778	0.09523809523809523	0.0	0.0	0.0	0.0	0.0	0.0	0.0	0.0	0.0	0.0	0.0	0.0	0.0	0.0	0.0	0.0	0.0	0.0	0.0	0.0	0.0	0.0	0.0	0.3103448275862069	0.45161290322580644	0.0	0.0	0.0	0.0	1.0	0.0	
Lincoln's Sparrow	0.0	0.0	0.0	0.0	0.0	0.0	1.0	0.0	0.0	0.0	0.25	0.0	0.11764705882352941	0.45454545454545453	0.0	0.0	0.047619047619047616	0.0	0.0	0.0	0.0	0.0	0.0	0.0	0.0	0.0	0.0	0.0	0.0	0.0	0.0	0.0	0.0	0.0	0.0	0.0	0.0	0.0	0.0	0.0	0.10344827586206896	0.0967741935483871	0.0	0.0	0.0	0.0	0.0	0.0	
Yellow-headed Blackbird	0.0	0.0	0.0	0.0	0.0	0.0	0.0	0.0	0.0	0.0	0.0	0.0	0.0	0.0015	0.0	0.2222222222222222	0.0	0.0	0.5	0.0	0.0	0.0	0.0	0.0	0.0	0.0	0.0	0.0	0.0	0.0	0.0	0.0	0.0	0.0	0.0	0.0	0.0	0.0	0.0	0.0	0.0	0.0	0.0	0.0	0.0	0.0	0.0	0.0	
Western Meadowlark	0.0	0.0	0.0	0.0	0.0	0.0	0.0	0.0	0.0	0.0	0.25	0.45454545454545453	0.23529411764705882	0.09090909090909091	0.0	0.0	0.0	0.0	0.0	0.0	0.0	0.0	0.0	0.0	0.0	0.0	0.0	0.0	0.0	0.0	0.0	0.0	0.0	0.0	0.0	0.0	0.0	0.0	0.0	0.0	0.3103448275862069	0.1935483870967742	0.0	0.0	0.0	0.0	0.0	0.0	
Eastern Meadowlark	0.0	0.0	0.5	0.0	0.0	0.0	1.0	0.0	0.0	1.0	0.75	0.45454545454545453	0.5882352941176471	0.8181818181818182	1.0	0.8888888888888888	0.19047619047619047	1.0	0.5	0.8	0.5	0.0	0.0	0.0	0.0	0.0	0.0	0.0	0.0	0.0	0.0	0.0	0.0	0.0	0.0	0.5	0.0	0.0	0.0	0.0	0.5517241379310345	0.7096774193548387	0.0	0.0	0.0	0.0	0.0	0.0	
Western/Eastern Meadowlark	0.0	0.0	0.0	0.0	0.0	0.0	0.0	0.0	0.0	0.0	0.75	0.2727272727272727	0.0	0.09090909090909091	0.0	0.0	0.0	0.0	0.0	0.0	0.25	0.0	0.0	0.0	0.0	0.0	0.0	0.0	0.0	0.0	0.0	0.0	0.0	0.0	0.0	0.0	0.0	0.0	0.0	0.0	0.13793103448275862	0.1935483870967742	0.0	0.0	0.0	0.0	0.0	0.0	
Orchard Oriole	0.0	0.0	0.0	0.0	0.0	0.0	0.0	0.0	0.0	0.0	0.0	0.09090909090909091	0.11764705882352941	0.09090909090909091	0.0	0.3333333333333333	0.0	0.5	0.0	0.0	0.0	0.0	0.0	0.0	0.0	0.0	0.0	0.0	0.0	0.0	0.0	0.0	0.0	0.0	0.0	0.0	0.0	0.0	0.0	0.0	0.0	0.0	0.0	0.0	0.0	0.0	0.0	0.0	
Hooded Oriole	0.0	0.0	0.0	0.0	0.0	0.0	0.0	0.0	0.0	0.0	0.0	0.9090909090909091	0.5882352941176471	0.8181818181818182	0.875	0.8888888888888888	0.42857142857142855	1.0	0.5	1.0	0.75	0.0	0.0	0.0	0.0	0.0	0.0	0.0	0.0	0.0	0.0	0.0	0.0	0.0	1.0	0.0	0.0	0.0	0.0	0.0	0.0	0.0	0.0	0.0	0.0	0.0	0.0	0.0	
Bullock's Oriole	0.0	0.0	0.0	0.0	0.0	0.0	0.0	0.0	0.0	0.0	0.0	0.0	0.0	0.36363636363636365	0.25	0.0	0.0	0.0	0.0	0.2	0.0	0.0	0.0	0.0	0.0	0.0	0.0	0.0	0.0	0.0	0.0	0.0	0.0	0.0	0.0	0.0	0.0	0.0	0.0	0.0	0.0	0.0	0.0	0.0	0.0	0.0	0.0	0.0	
Altamira Oriole	0.0	0.0	0.0	0.0	0.0	0.0	0.0	0.0	0.0	0.0	0.0	0.09090909090909091	0.0	0.09090909090909091	0.0	0.1111111111111111	0.0	0.0	0.0	0.0	0.0	0.0	0.0	0.0	0.0	0.0	0.0	0.0	0.0	0.0	0.0	0.0	0.0	0.0	0.0	0.0	0.0	0.0	0.0	0.0	0.10344827586206896	0.0	0.0	0.0	0.0	0.0	0.0	0.0	
Audubon's Oriole	0.0	0.0	0.0	0.0	0.0	0.0	0.0	0.0	0.0	0.0	0.5	0.7272727272727273	0.4117647058823529	0.5454545454545454	0.75	0.6666666666666666	0.047619047619047616	0.0015	0.5	0.4	0.5	0.0	0.0	0.0	0.0	0.0	0.0	0.0	0.0	0.0	0.0	0.0	0.0	0.0	0.0	0.5	0.0	0.0	0.0	0.0	0.3103448275862069	0.4838709677419355	0.0	0.0	0.0	0.0	0.0	0.0	
Altamira x Audubon's Oriole (hybrid)	0.0	0.0	0.0	0.0	0.0	0.0	0.0	0.0	0.0	0.0	0.0	0.0	0.0	0.0	0.0	0.0	0.047619047619047616	0.0	0.0	0.0	0.5	0.0	0.0	0.0	0.0	0.0	0.0	0.0	0.0	0.0	0.0	0.0	0.0	0.0	0.0	0.0	0.0	0.0	0.0	0.0	0.0	0.03225806451612903	0.0	0.0	0.0	0.0	0.0	0.0	
Baltimore Oriole	0.0	0.0	0.0	0.0	0.0	0.0	0.0	0.0	0.0	0.0	0.0	0.0	0.0	0.0	0.125	0.2222222222222222	0.047619047619047616	0.0	0.0	0.0	0.0	0.0	0.0	0.0	0.0	0.0	0.0	0.0	0.0	0.0	0.0	0.0	0.0	0.0	0.5	0.5	0.0	0.0	0.0	0.0	0.0	0.0	0.0	0.0	0.0	0.0	0.0	0.0	
Red-winged Blackbird	0.0	0.0	0.0	0.0	0.0	0.0	1.0	0.0	0.0	1.0	0.75	0.6363636363636364	0.4117647058823529	0.7272727272727273	0.875	0.6666666666666666	0.047619047619047616	1.0	0.0	0.2	0.25	0.0	0.0	0.0	0.0	0.0	0.0	0.0	0.0	0.0	0.0	0.0	0.0	0.0	0.0	0.0	0.0	0.0	0.0	0.0	0.3793103448275862	0.2903225806451613	0.0	0.0	0.0	0.0	0.0	0.0	
Bronzed Cowbird	0.0	0.0	0.0	0.0	0.0	0.0	1.0	0.0	0.0	0.0	0.5	0.36363636363636365	0.47058823529411764	0.6363636363636364	1.0	0.8888888888888888	0.3333333333333333	1.0	1.0	1.0	1.0	0.0	0.0	0.0	0.0	0.0	0.0	0.0	0.0	0.0	0.0	0.0	0.0	0.0	0.0	0.0	0.0	0.0	0.0	0.0	0.0	0.03225806451612903	0.0	0.0	0.0	0.0	0.0	0.0	
Brown-headed Cowbird	0.0	0.0	0.0	0.0	0.0	0.0	1.0	0.0	0.0	1.0	0.75	0.5454545454545454	0.5294117647058824	0.7272727272727273	0.625	0.5555555555555556	0.09523809523809523	0.0	0.0	0.6	0.5	0.0	0.0	0.0	0.0	0.0	0.0	0.0	0.0	0.0	0.0	0.0	0.0	0.0	1.0	0.0	0.0	0.0	0.0	0.0	0.034482758620689655	0.22580645161290322	0.0	0.0	0.0	0.0	0.0	0.0	
Brewer's Blackbird	0.0	0.0	0.0	0.0	0.0	0.0	1.0	0.0	0.0	0.0	0.0015	0.6363636363636364	0.11764705882352941	0.45454545454545453	0.375	0.1111111111111111	0.0	0.0	0.0	0.0	0.0	0.0	0.0	0.0	0.0	0.0	0.0	0.0	0.0	0.0	0.0	0.0	0.0	0.0	0.0	0.0	0.0	0.0	0.0	0.0	0.10344827586206896	0.0967741935483871	0.0	0.0	0.0	0.0	0.0	0.0	
Great-tailed Grackle	0.0	0.0	0.5	0.0	0.0	0.0	1.0	0.0	0.0	0.0015	0.5	0.6363636363636364	0.6470588235294118	0.9090909090909091	1.0	0.8888888888888888	0.3333333333333333	1.0	0.5	0.8	0.75	0.0	0.0	0.0	0.0	0.0	0.0	0.0	0.0	0.0	0.0	0.0	0.0	0.0	1.0	0.5	0.0	0.0	0.0	0.0	0.4827586206896552	0.3870967741935484	0.0	0.0	0.0	0.0	1.0	0.0	
Louisiana Waterthrush	0.0	0.0	0.0	0.0	0.0	0.0	0.0	0.0	0.0	0.0	0.0	0.36363636363636365	0.058823529411764705	0.09090909090909091	0.0	0.0	0.0	0.0	0.0	0.0	0.0	0.0	0.0	0.0	0.0	0.0	0.0	0.0	0.0	0.0	0.0	0.0	0.0	0.0	0.0	0.0	0.0	0.0	0.0	0.0	0.0	0.0	0.0	0.0	0.0	0.0	0.0	0.0	
Northern Waterthrush	0.0	0.0	0.0	0.0	0.0	0.0	0.0	0.0	0.0	0.0	0.0	0.0	0.0	0.0	0.125	0.4444444444444444	0.14285714285714285	0.0	0.0	0.0	0.0	0.0	0.0	0.0	0.0	0.0	0.0	0.0	0.0	0.0	0.0	0.0	0.0	0.0	0.0	0.0	0.0	0.0	0.0	0.0	0.0	0.0	0.0	0.0	0.0	0.0	0.0	0.0	
Black-and-white Warbler	0.0	0.0	0.0	0.0	0.0	0.0	0.0	0.0	0.0	0.0	0.0	0.09090909090909091	0.058823529411764705	0.0	0.125	0.3333333333333333	0.0	0.0	0.0	0.0	0.0	0.0	0.0	0.0	0.0	0.0	0.0	0.0	0.0	0.0	0.0	0.0	0.0	0.0	0.0	0.0	0.0	0.0	0.0	0.0	0.0	0.0	0.0	0.0	0.0	0.0	0.0	0.0	
Tennessee Warbler	0.0	0.0	0.0	0.0	0.0	0.0	0.0	0.0	0.0	0.0	0.0	0.0	0.0	0.0	0.0	0.1111111111111111	0.047619047619047616	0.0	0.0	0.0	0.0	0.0	0.0	0.0	0.0	0.0	0.0	0.0	0.0	0.0	0.0	0.0	0.0	0.0	0.0	0.0	0.0	0.0	0.0	0.0	0.0	0.0	0.0	0.0	0.0	0.0	0.0	0.0	
Orange-crowned Warbler	0.0	0.0	0.0	0.0	0.0	0.0	1.0	0.0	0.0	0.0	0.25	0.2727272727272727	0.11764705882352941	0.2727272727272727	0.0	0.0	0.0	0.0	0.0	0.0	0.0	0.0	0.0	0.0	0.0	0.0	0.0	0.0	0.0	0.0	0.0	0.0	0.0	0.0	0.0	0.0	0.0	0.0	0.0	0.0	0.3793103448275862	0.3870967741935484	0.0	0.0	0.0	0.0	0.0	0.0	
Nashville Warbler	0.0	0.0	0.0	0.0	0.0	0.0	0.0	0.0	0.0	0.0	0.0	0.0	0.23529411764705882	0.18181818181818182	0.25	0.0	0.0	0.0	0.0	0.0	0.0	0.0	0.0	0.0	0.0	0.0	0.0	0.0	0.0	0.0	0.0	0.0	0.0	0.0	0.0	0.0	0.0	0.0	0.0	0.0	0.0	0.16129032258064516	0.0	0.0	0.0	0.0	0.0	0.0	
Common Yellowthroat	0.0	0.0	0.0	0.0	0.0	0.0	0.0	0.0	0.0	0.0	0.0	0.0	0.058823529411764705	0.0	0.0	0.0	0.047619047619047616	0.0	0.0	0.0	0.0	0.0	0.0	0.0	0.0	0.0	0.0	0.0	0.0	0.0	0.0	0.0	0.0	0.0	0.0	0.5	0.0	0.0	0.0	0.0	0.034482758620689655	0.0	0.0	0.0	0.0	0.0	0.0	0.0	
Hooded Warbler	0.0	0.0	0.0	0.0	0.0	0.0	0.0	0.0	0.0	0.0	0.0	0.09090909090909091	0.0	0.0	0.0	0.0	0.0	0.0	0.0	0.0	0.0	0.0	0.0	0.0	0.0	0.0	0.0	0.0	0.0	0.0	0.0	0.0	0.0	0.0	0.0	0.0	0.0	0.0	0.0	0.0	0.0	0.0	0.0	0.0	0.0	0.0	0.0	0.0	
American Redstart	0.0	0.0	0.0	0.0	0.0	0.0	0.0	0.0	0.0	0.0	0.0	0.0	0.0	0.0	0.0	0.0	0.047619047619047616	0.0	0.0	0.0	0.0	0.0	0.0	0.0	0.0	0.0	0.0	0.0	0.0	0.0	0.0	0.0	0.0	0.0	0.0	0.5	0.0	0.0	0.0	0.0	0.0	0.03225806451612903	0.0	0.0	0.0	0.0	0.0	0.0	
Cape May Warbler	0.0	0.0	0.0	0.0	0.0	0.0	0.0	0.0	0.0	0.0	0.0	0.0	0.0	0.0	0.0	0.0	0.047619047619047616	0.0	0.0	0.0	0.0	0.0	0.0	0.0	0.0	0.0	0.0	0.0	0.0	0.0	0.0	0.0	0.0	0.0	0.0	0.0	0.0	0.0	0.0	0.0	0.0	0.0	0.0	0.0	0.0	0.0	0.0	0.0	
Northern Parula	0.0	0.0	0.0	0.0	0.0	0.0	0.0	0.0	0.0	0.0	0.0	0.18181818181818182	0.11764705882352941	0.36363636363636365	0.0	0.2222222222222222	0.0	0.0	0.0	0.0	0.0	0.0	0.0	0.0	0.0	0.0	0.0	0.0	0.0	0.0	0.0	0.0	0.0	0.0	0.0	0.0	0.0	0.0	0.0	0.0	0.0	0.0	0.0	0.0	0.0	0.0	0.0	0.0	
Tropical Parula	0.0	0.0	0.0	0.0	0.0	0.0	0.0	0.0	0.0	0.0	0.75	0.7272727272727273	0.5882352941176471	1.0	1.0	0.7777777777777778	0.19047619047619047	0.0015	0.5	0.8	0.75	0.0	0.0	0.0	0.0	0.0	0.0	0.0	0.0	0.0	0.0	0.0	0.0	0.0	0.0	0.5	0.0	0.0	0.0	0.0	0.0	0.0	0.0	0.0	0.0	0.0	0.0	0.0	
Northern/Tropical Parula	0.0	0.0	0.0	0.0	0.0	0.0	0.0	0.0	0.0	0.0	0.0	0.0	0.0	0.0	0.0	0.0	0.0	0.0	0.0	0.0	0.25	0.0	0.0	0.0	0.0	0.0	0.0	0.0	0.0	0.0	0.0	0.0	0.0	0.0	0.0	0.0	0.0	0.0	0.0	0.0	0.0	0.0	0.0	0.0	0.0	0.0	0.0	0.0	
Magnolia Warbler	0.0	0.0	0.0	0.0	0.0	0.0	0.0	0.0	0.0	0.0	0.0	0.0	0.0	0.0	0.0	0.2222222222222222	0.0015	0.0	0.5	0.0	0.0	0.0	0.0	0.0	0.0	0.0	0.0	0.0	0.0	0.0	0.0	0.0	0.0	0.0	0.0	0.0	0.0	0.0	0.0	0.0	0.0	0.0	0.0	0.0	0.0	0.0	0.0	0.0	
Yellow Warbler	0.0	0.0	0.0	0.0	0.0	0.0	0.0	0.0	0.0	0.0	0.0	0.0	0.0	0.0	0.0	0.1111111111111111	0.0	0.0	0.5	0.0	0.0	0.0	0.0	0.0	0.0	0.0	0.0	0.0	0.0	0.0	0.0	0.0	0.0	0.0	0.0	0.5	0.0	0.0	0.0	0.0	0.0	0.0	0.0	0.0	0.0	0.0	0.0	0.0	
Pine Warbler	0.0	0.0	0.0	0.0	0.0	0.0	0.0	0.0	0.0	0.0	0.0	0.0	0.0	0.0	0.0	0.0	0.0	0.0	0.0	0.0	0.0	0.0	0.0	0.0	0.0	0.0	0.0	0.0	0.0	0.0	0.0	0.0	0.0	0.0	0.0	0.0	0.0	0.0	0.0	0.0	0.0	0.03225806451612903	0.0	0.0	0.0	0.0	0.0	0.0	
Yellow-rumped Warbler	0.0	0.0	0.0	0.0	0.0	0.0	1.0	0.0	0.0	1.0	0.5	0.18181818181818182	0.058823529411764705	0.18181818181818182	0.0	0.1111111111111111	0.0	0.0	0.0	0.0	0.0	0.0	0.0	0.0	0.0	0.0	0.0	0.0	0.0	0.0	0.0	0.0	0.0	0.0	0.0	0.0	0.0	0.0	0.0	0.0	0.034482758620689655	0.0967741935483871	0.0	0.0	0.0	0.0	0.0	0.0	
Yellow-throated Warbler	0.0	0.0	0.0	0.0	0.0	0.0	0.0	0.0	0.0	0.0	0.25	0.0	0.0	0.0	0.0	0.0	0.0	0.0	0.0	0.0	0.0	0.0	0.0	0.0	0.0	0.0	0.0	0.0	0.0	0.0	0.0	0.0	0.0	0.0	0.0	0.0	0.0	0.0	0.0	0.0	0.0	0.0	0.0	0.0	0.0	0.0	0.0	0.0	
Black-throated Green Warbler	0.0	0.0	0.0	0.0	0.0	0.0	1.0	0.0	0.0	0.0	0.5	0.09090909090909091	0.058823529411764705	0.0	0.25	0.0	0.09523809523809523	0.0	0.0	0.0	0.0	0.0	0.0	0.0	0.0	0.0	0.0	0.0	0.0	0.0	0.0	0.0	0.0	0.0	0.0	0.0	0.0	0.0	0.0	0.0	0.0	0.0	0.0	0.0	0.0	0.0	0.0	0.0	
Canada Warbler	0.0	0.0	0.0	0.0	0.0	0.0	0.0	0.0	0.0	0.0	0.0	0.0	0.0	0.0	0.0	0.0	0.0	0.0	0.0	0.0	0.0	0.0	0.0	0.0	0.0	0.0	0.0	0.0	0.0	0.0	0.0	0.0	0.0	0.0	0.0	0.5	0.0	0.0	0.0	0.0	0.0	0.0	0.0	0.0	0.0	0.0	0.0	0.0	
Summer Tanager	0.0	0.0	0.0	0.0	0.0	0.0	0.0	0.0	0.0	0.0	0.0	0.5454545454545454	0.4117647058823529	0.7272727272727273	0.875	0.5555555555555556	0.09523809523809523	0.5	0.5	0.6	1.0	0.0	0.0	0.0	0.0	0.0	0.0	0.0	0.0	0.0	0.0	0.0	0.0	0.0	0.5	0.0	0.0	0.0	0.0	0.0	0.0	0.0	0.0	0.0	0.0	0.0	0.0	0.0	
Northern Cardinal	0.0	0.0	1.0	0.0	0.0	0.0	1.0	0.0	0.0	1.0	1.0	0.6363636363636364	0.7058823529411765	0.8181818181818182	0.875	0.7777777777777778	0.23809523809523808	1.0	0.0	0.6	1.0	0.0	0.0	0.0	0.0	0.0	0.0	0.0	0.0	0.0	0.0	0.0	0.0	0.0	0.5	0.5	0.0	0.0	0.0	0.0	0.5172413793103449	0.2903225806451613	0.0	0.0	0.0	0.0	0.0	0.0	
Pyrrhuloxia	0.0	0.0	0.0	0.0	0.0	0.0	0.0	0.0	0.0	0.0015	0.75	0.5454545454545454	0.17647058823529413	0.0	0.125	0.2222222222222222	0.047619047619047616	0.5	0.0	0.0	0.25	0.0	0.0	0.0	0.0	0.0	0.0	0.0	0.0	0.0	0.0	0.0	0.0	0.0	0.0	0.5	0.0	0.0	0.0	0.0	0.1724137931034483	0.0	0.0	0.0	0.0	0.0	0.0	0.0	
Blue Grosbeak	0.0	0.0	0.0	0.0	0.0	0.0	0.0	0.0	0.0	0.0	0.0	0.0	0.058823529411764705	0.36363636363636365	0.375	0.6666666666666666	0.14285714285714285	1.0	0.5	0.6	0.0	0.0	0.0	0.0	0.0	0.0	0.0	0.0	0.0	0.0	0.0	0.0	0.0	0.0	0.0	0.5	0.0	0.0	0.0	0.0	0.0	0.0	0.0	0.0	0.0	0.0	0.0	0.0	
Indigo Bunting	0.0	0.0	0.0	0.0	0.0	0.0	0.0	0.0	0.0	0.0	0.0	0.0015	0.058823529411764705	0.09090909090909091	0.125	0.3333333333333333	0.047619047619047616	0.0015	0.0	0.2	0.0	0.0	0.0	0.0	0.0	0.0	0.0	0.0	0.0	0.0	0.0	0.0	0.0	0.0	0.0	0.0	0.0	0.0	0.0	0.0	0.13793103448275862	0.22580645161290322	0.0	0.0	0.0	0.0	0.0	0.0	
Painted Bunting	0.0	0.0	0.0	0.0	0.0	0.0	0.0	0.0	0.0	0.0	0.0	0.0	0.0	0.0	0.125	0.2222222222222222	0.09523809523809523	0.5	1.0	0.4	0.25	0.0	0.0	0.0	0.0	0.0	0.0	0.0	0.0	0.0	0.0	0.0	0.0	0.0	0.0	0.5	0.0	0.0	0.0	0.0	0.0	0.0	0.0	0.0	0.0	0.0	0.0	0.0	
Dickcissel	0.0	0.0	0.0	0.0	0.0	0.0	0.0	0.0	0.0	0.0	0.0	0.0	0.0	0.2727272727272727	0.5	0.5555555555555556	0.0	0.0	0.5	0.0	0.0	0.0	0.0	0.0	0.0	0.0	0.0	0.0	0.0	0.0	0.0	0.0	0.0	0.0	0.0	1.0	0.0	0.0	0.0	0.0	0.0	0.0	0.0	0.0	0.0	0.0	0.0	0.0	
House Sparrow	0.0	0.0	1.0	0.0	0.0	0.0	0.0	0.0	0.0	0.0	0.0	0.2727272727272727	0.4117647058823529	0.8181818181818182	0.375	0.7777777777777778	0.14285714285714285	0.0	0.0	0.2	0.0	0.0	0.0	0.0	0.0	0.0	0.0	0.0	0.0	0.0	0.0	0.0	0.0	0.0	0.5	0.0	0.0	0.0	0.0	0.0	0.034482758620689655	0.16129032258064516	0.0	0.0	0.0	0.0	0.0	0.0	

