









Frequency of observations in the selected location(s).:
Number of taxa: 	263

	Jan				Feb				Mar				Apr				May				Jun				Jul				Aug				Sep				Oct				Nov				Dec				
Sample Size:	14.0	10.0	9.0	16.0	4.0	9.0	11.0	11.0	14.0	25.0	23.0	50.0	52.0	106.0	138.0	150.0	55.0	18.0	14.0	10.0	4.0	8.0	1.0	6.0	10.0	3.0	5.0	15.0	10.0	2.0	9.0	7.0	4.0	6.0	6.0	14.0	11.0	9.0	15.0	10.0	7.0	5.0	7.0	9.0	6.0	4.0	3.0	11.0	

Black-bellied Whistling-Duck	0.0	0.0	0.0	0.0	0.0	0.0	0.0	0.0	0.0	0.04	0.0	0.1	0.09615384615384616	0.09433962264150944	0.12318840579710146	0.08666666666666667	0.10909090909090909	0.2222222222222222	0.0	0.0	0.0	0.0	1.0	0.0	0.1	0.0	0.0	0.13333333333333333	0.0	0.0	0.0	0.0	0.25	0.0	0.16666666666666666	0.07142857142857142	0.0	0.0	0.0	0.0	0.0	0.0	0.0	0.0	0.0	0.0	0.0	0.0	
Fulvous Whistling-Duck	0.0	0.0	0.0	0.0	0.0	0.0	0.0	0.0	0.0	0.0	0.0	0.0	0.0	0.02830188679245283	0.014492753623188406	0.006666666666666667	0.0	0.0	0.07142857142857142	0.0	0.0	0.0	0.0	0.0	0.0	0.0	0.0	0.0	0.0	0.0	0.1111111111111111	0.0	0.0	0.0	0.0	0.07142857142857142	0.0	0.0	0.0	0.0	0.0	0.0	0.0	0.0	0.0	0.0	0.0	0.0	
Snow Goose	0.07142857142857142	0.0	0.0	0.0015	0.0	0.0	0.0	0.09090909090909091	0.0	0.0	0.0	0.0	0.0	0.0	0.0	0.0	0.0	0.0	0.0	0.0	0.0	0.0	0.0	0.0	0.0	0.0	0.0	0.0	0.0	0.0	0.0	0.0	0.0	0.0	0.0	0.0	0.0	0.0	0.0	0.0	0.0	0.2	0.0	0.0	0.16666666666666666	0.0	0.0	0.0	
Ross's Goose	0.0	0.0	0.0	0.0	0.0	0.0	0.0	0.0	0.0	0.0	0.0	0.0	0.0	0.0	0.0	0.0	0.0	0.0	0.0	0.0	0.0	0.0	0.0	0.0	0.0	0.0	0.0	0.0	0.0	0.0	0.0	0.0	0.0	0.0	0.0	0.0	0.0	0.0	0.0	0.0	0.0	0.2	0.0	0.0	0.0	0.0	0.0	0.0	
Wood Duck	0.0	0.0	0.0	0.0	0.0	0.0	0.0	0.0	0.0	0.0	0.0	0.02	0.0	0.0	0.0	0.006666666666666667	0.0	0.0	0.0	0.0	0.0	0.0	0.0	0.0	0.0	0.0	0.0	0.0	0.0	0.0	0.0	0.0	0.0	0.0	0.0	0.0	0.0	0.0	0.0	0.0	0.0	0.0	0.0	0.0	0.0	0.0	0.0	0.0	
Blue-winged Teal	0.0	0.1	0.0	0.0	0.0	0.0	0.0	0.0	0.0015	0.04	0.08695652173913043	0.14	0.38461538461538464	0.3113207547169811	0.36231884057971014	0.38	0.23636363636363636	0.1111111111111111	0.35714285714285715	0.6	0.0	0.0	0.0	0.16666666666666666	0.0	0.0	0.0	0.0	0.0	0.0	0.0	0.0	0.0	0.0015	0.0	0.14285714285714285	0.0	0.0	0.0	0.0	0.0	0.0	0.0	0.0	0.0	0.0	0.0	0.0	
Northern Shoveler	0.21428571428571427	0.1	0.0	0.0	0.0	0.1111111111111111	0.0	0.0	0.0	0.0	0.0015	0.04	0.1346153846153846	0.0660377358490566	0.050724637681159424	0.04	0.0	0.05555555555555555	0.0	0.0	0.0	0.0	0.0	0.0	0.0	0.0	0.0	0.0	0.0	0.0	0.0	0.0	0.0	0.0	0.0	0.0	0.0	0.0	0.0	0.0	0.0	0.0	0.0	0.0	0.16666666666666666	0.0	0.3333333333333333	0.0	
Gadwall	0.07142857142857142	0.1	0.0	0.125	0.25	0.2222222222222222	0.09090909090909091	0.09090909090909091	0.14285714285714285	0.0	0.17391304347826086	0.06	0.07692307692307693	0.03773584905660377	0.028985507246376812	0.0	0.01818181818181818	0.0	0.0	0.0	0.0	0.0	0.0	0.0	0.0	0.0	0.0	0.0	0.0	0.0	0.0	0.0	0.0	0.0	0.0	0.0	0.0	0.0	0.0	0.0	0.0	0.0	0.0	0.0	0.0	0.0	0.0	0.0	
Mallard	0.0	0.0	0.0	0.0	0.0	0.0	0.0	0.0	0.0015	0.04	0.0	0.0	0.0015	0.02830188679245283	0.014492753623188406	0.006666666666666667	0.0	0.0	0.0	0.0	0.0	0.0	0.0	0.0	0.0	0.0	0.0	0.0	0.0	0.0	0.0	0.0	0.0	0.0	0.0	0.0	0.0	0.0	0.0	0.0	0.0	0.0	0.0	0.0	0.16666666666666666	0.0	0.0	0.0	
Mottled Duck	0.21428571428571427	0.0	0.1111111111111111	0.0015	0.0	0.0	0.18181818181818182	0.18181818181818182	0.21428571428571427	0.36	0.2608695652173913	0.26	0.3269230769230769	0.27358490566037735	0.2753623188405797	0.21333333333333335	0.2909090909090909	0.3888888888888889	0.42857142857142855	0.4	0.75	0.0015	1.0	0.3333333333333333	0.2	0.0	0.2	0.06666666666666667	0.1	0.5	0.4444444444444444	0.0	0.0	0.0015	0.0	0.21428571428571427	0.0	0.0	0.06666666666666667	0.0	0.0	0.0	0.14285714285714285	0.0	0.3333333333333333	0.0	0.3333333333333333	0.18181818181818182	
Northern Pintail	0.0	0.0	0.0	0.0	0.0	0.0	0.0	0.0	0.0	0.0	0.0	0.0	0.0	0.0	0.007246376811594203	0.0	0.0	0.0	0.0	0.0	0.0	0.0	0.0	0.0	0.0	0.0	0.0	0.0	0.0	0.0	0.0	0.0	0.0	0.0	0.0	0.0	0.0	0.0	0.0	0.0	0.0	0.0	0.0	0.0	0.0	0.0	0.0	0.0	
Green-winged Teal	0.0	0.1	0.0	0.0	0.0	0.1111111111111111	0.0	0.0	0.0	0.08	0.0	0.0	0.0	0.0	0.014492753623188406	0.006666666666666667	0.0	0.0	0.0	0.0	0.0	0.0	0.0	0.0	0.0	0.0	0.0	0.0	0.0	0.0	0.0	0.0	0.0	0.0	0.16666666666666666	0.0	0.0	0.0	0.0	0.0	0.0	0.0	0.0	0.0	0.0	0.0	0.0	0.0	
Redhead	0.0	0.0	0.0	0.0	0.0	0.0	0.0	0.0	0.0	0.0	0.0	0.0	0.0	0.03773584905660377	0.0	0.006666666666666667	0.0	0.0	0.0	0.0	0.0	0.0	0.0	0.0	0.0	0.0	0.0	0.0	0.0	0.0	0.0	0.0	0.0	0.0	0.0	0.0	0.0	0.0	0.0	0.0	0.0	0.0	0.0	0.0	0.0	0.0	0.0	0.0	
Greater Scaup	0.0	0.0	0.0	0.0	0.0	0.0	0.09090909090909091	0.0	0.0	0.0	0.043478260869565216	0.0	0.0	0.02830188679245283	0.007246376811594203	0.02666666666666667	0.01818181818181818	0.0	0.0	0.0	0.0	0.0	0.0	0.0	0.0	0.0	0.0	0.0	0.0	0.0	0.0	0.0	0.0	0.0	0.0	0.0	0.0	0.0	0.0	0.0	0.0	0.0	0.0	0.0	0.0	0.0	0.0	0.0	
Lesser Scaup	0.0	0.1	0.0	0.0625	0.0	0.1111111111111111	0.09090909090909091	0.0	0.0	0.04	0.08695652173913043	0.02	0.057692307692307696	0.04716981132075472	0.07971014492753623	0.08666666666666667	0.05454545454545454	0.0	0.07142857142857142	0.0	0.0	0.0	0.0	0.0	0.0	0.0	0.0	0.0	0.0	0.0	0.0	0.0	0.0	0.0	0.0	0.0	0.0	0.0	0.0	0.0	0.0	0.0	0.0	0.0	0.0	0.0	0.0	0.0	
Greater/Lesser Scaup	0.0	0.0	0.0	0.0	0.25	0.0	0.0	0.0	0.0	0.0	0.043478260869565216	0.02	0.0	0.0	0.007246376811594203	0.02666666666666667	0.0	0.0	0.0	0.0	0.0	0.0	0.0	0.0	0.0	0.0	0.0	0.0	0.0	0.0	0.0	0.0	0.0	0.0	0.0	0.0	0.0	0.0	0.0	0.0	0.0	0.0	0.0	0.0	0.0	0.25	0.0	0.0	
Surf Scoter	0.0	0.0	0.0	0.0	0.0	0.0	0.0	0.0	0.0	0.0	0.0	0.0	0.0	0.009433962264150943	0.007246376811594203	0.006666666666666667	0.0	0.0	0.0	0.0	0.0	0.0	0.0	0.0	0.0	0.0	0.0	0.0	0.0	0.0	0.0	0.0	0.0	0.0	0.0	0.0	0.0	0.0	0.0	0.0	0.0	0.0	0.0	0.0	0.0	0.0	0.0	0.0	
White-winged Scoter	0.0	0.0	0.0	0.125	0.0	0.0	0.0	0.0	0.0	0.0	0.0	0.0	0.0	0.0	0.0	0.0	0.0	0.0	0.0	0.0	0.0	0.0	0.0	0.0	0.0	0.0	0.0	0.0	0.0	0.0	0.0	0.0	0.0	0.0	0.0	0.0	0.0	0.0	0.0	0.0	0.0	0.0	0.0	0.0	0.0	0.0	0.0	0.0	
Black Scoter	0.0	0.0	0.0	0.1875	0.0	0.0	0.0	0.0	0.0	0.04	0.0	0.0	0.0	0.0	0.0	0.0	0.0	0.0	0.0	0.0	0.0	0.0	0.0	0.0	0.0	0.0	0.0	0.0	0.0	0.0	0.0	0.0	0.0	0.0	0.0	0.0	0.0	0.0	0.0	0.0	0.0	0.0	0.0	0.0	0.0	0.25	0.3333333333333333	0.0	
Long-tailed Duck	0.0	0.0	0.0	0.0	0.0	0.0	0.0	0.0	0.0	0.0	0.0	0.0	0.0	0.05660377358490566	0.036231884057971016	0.03333333333333333	0.05454545454545454	0.0	0.0	0.0	0.0	0.0	0.0	0.0	0.0	0.0	0.0	0.0	0.0	0.0	0.0	0.0	0.0	0.0	0.0	0.0	0.0	0.0	0.0	0.0	0.0	0.0	0.0	0.0	0.0	0.0	0.0	0.0	
Bufflehead	0.0	0.1	0.0	0.0	0.0	0.0	0.09090909090909091	0.0	0.0	0.0	0.0	0.0	0.0	0.0	0.0	0.0	0.0	0.0	0.0	0.0	0.0	0.0	0.0	0.0	0.0	0.0	0.0	0.0	0.0	0.0	0.0	0.0	0.0	0.0	0.0	0.0	0.0	0.0	0.0	0.0	0.0	0.0	0.0	0.0	0.0	0.0	0.0	0.0	
Hooded Merganser	0.07142857142857142	0.0	0.0	0.0625	0.0	0.0	0.0	0.0	0.0	0.0	0.0	0.0	0.0	0.0	0.0	0.0	0.0	0.0	0.0	0.0	0.0	0.0	0.0	0.0	0.0	0.0	0.0	0.0	0.0	0.0	0.0	0.0	0.0	0.0	0.0	0.0	0.0	0.0	0.0	0.0	0.0	0.0	0.0	0.0	0.0	0.0	0.0	0.0	
Red-breasted Merganser	0.14285714285714285	0.2	0.0	0.125	0.0	0.0	0.09090909090909091	0.0	0.0	0.08	0.043478260869565216	0.02	0.038461538461538464	0.009433962264150943	0.043478260869565216	0.04	0.01818181818181818	0.0	0.0	0.0	0.0	0.0	0.0	0.0	0.0	0.0	0.0	0.0	0.0	0.0	0.0	0.0	0.0	0.0	0.0	0.0	0.0	0.0	0.0	0.0	0.0	0.0	0.0	0.0	0.0	0.0	0.3333333333333333	0.09090909090909091	
Ruddy Duck	0.0	0.0	0.0015	0.0	0.0	0.0	0.0	0.0	0.0	0.0	0.0	0.0	0.0	0.0	0.0	0.0	0.0	0.0	0.0	0.0	0.0	0.0	0.0	0.0	0.0	0.0	0.0	0.0	0.0	0.0	0.0	0.0	0.0	0.0	0.0	0.0	0.0	0.0	0.0	0.0	0.0	0.0	0.0	0.0	0.0	0.0	0.0	0.0	
duck sp.	0.14285714285714285	0.0	0.0	0.0625	0.0	0.0	0.0	0.0	0.0	0.0	0.0	0.02	0.019230769230769232	0.009433962264150943	0.007246376811594203	0.0	0.0	0.05555555555555555	0.0	0.0	0.0	0.0	0.0	0.0	0.0	0.0	0.0	0.0	0.0	0.0	0.0	0.0	0.0	0.0	0.0	0.07142857142857142	0.0	0.0	0.0	0.0	0.0	0.0	0.0	0.0015	0.0	0.0	0.0	0.0	
Northern Bobwhite	0.0	0.0	0.0	0.0	0.0	0.0	0.0	0.0	0.0	0.0	0.0	0.0	0.0	0.0	0.0	0.0	0.0	0.0	0.0	0.0	0.0	0.0	0.0	0.0	0.1	0.0	0.0	0.0	0.0	0.0	0.0	0.0	0.0	0.0	0.0	0.0	0.0	0.0	0.0	0.0	0.0	0.0	0.0	0.0	0.0	0.0	0.0	0.0	
Pied-billed Grebe	0.07142857142857142	0.1	0.0015	0.1875	0.0	0.1111111111111111	0.18181818181818182	0.2727272727272727	0.35714285714285715	0.2	0.13043478260869565	0.1	0.038461538461538464	0.03773584905660377	0.007246376811594203	0.013333333333333334	0.0	0.0	0.0	0.0	0.0	0.0	0.0	0.16666666666666666	0.0	0.0	0.0	0.0	0.0	0.0	0.0	0.0	0.0	0.0	0.16666666666666666	0.07142857142857142	0.45454545454545453	0.2222222222222222	0.13333333333333333	0.1	0.0	0.0	0.2857142857142857	0.0	0.3333333333333333	0.25	0.3333333333333333	0.0	
Eared Grebe	0.0	0.1	0.0	0.0	0.0	0.1111111111111111	0.0	0.0	0.0	0.0	0.0	0.0	0.0	0.0	0.0	0.0	0.0	0.0	0.0	0.0	0.0	0.0	0.0	0.0	0.0	0.0	0.0	0.0	0.0	0.0	0.0	0.0	0.0	0.0	0.0	0.0	0.0	0.0	0.0	0.0	0.0	0.0	0.0	0.0	0.0	0.0	0.0	0.0	
Rock Pigeon	0.07142857142857142	0.0	0.0	0.0015	0.0	0.1111111111111111	0.0	0.09090909090909091	0.0	0.0	0.043478260869565216	0.02	0.019230769230769232	0.02830188679245283	0.028985507246376812	0.013333333333333334	0.01818181818181818	0.0	0.0	0.0	0.0	0.0	0.0	0.0	0.0	0.0	0.0	0.2	0.1	0.0	0.0	0.0	0.0	0.0015	0.0	0.14285714285714285	0.0	0.1111111111111111	0.0	0.0	0.0	0.0	0.0	0.0	0.0	0.0	0.0	0.0	
Eurasian Collared-Dove	0.0	0.0	0.0	0.0	0.0	0.0	0.09090909090909091	0.09090909090909091	0.0015	0.0	0.0	0.0	0.0	0.018867924528301886	0.007246376811594203	0.006666666666666667	0.0	0.0	0.0	0.0	0.0	0.0	0.0	0.16666666666666666	0.0	0.0	0.0	0.13333333333333333	0.0	0.0	0.0	0.0	0.0	0.0015	0.0	0.07142857142857142	0.0	0.0	0.0	0.0	0.0	0.0	0.0	0.0	0.0	0.0	0.0	0.0	
Inca Dove	0.0	0.0	0.0	0.0	0.0	0.0	0.0	0.0	0.0	0.0	0.0	0.0	0.0	0.0	0.0	0.0	0.0	0.0	0.0	0.0	0.0	0.0	0.0	0.0	0.0	0.0	0.0	0.0	0.0	0.0	0.0	0.0	0.0	0.0	0.0	0.0	0.0	0.0	0.0	0.0	0.14285714285714285	0.0	0.0	0.0	0.0	0.0	0.0	0.0	
White-winged Dove	0.0	0.0	0.0	0.0625	0.0	0.0	0.0	0.0	0.0	0.0	0.0	0.0	0.0	0.0	0.0	0.006666666666666667	0.0	0.0	0.0	0.0	0.0	0.125	0.0	0.0	0.1	0.0	0.0	0.13333333333333333	0.0	0.0	0.0	0.0	0.0	0.0	0.0	0.07142857142857142	0.0	0.0	0.0	0.2	0.0	0.0	0.0	0.0	0.16666666666666666	0.0	0.0	0.0	
Mourning Dove	0.0	0.0	0.0	0.0015	0.0	0.1111111111111111	0.0	0.0	0.0015	0.0	0.08695652173913043	0.02	0.057692307692307696	0.09433962264150944	0.07971014492753623	0.09333333333333334	0.05454545454545454	0.1111111111111111	0.14285714285714285	0.1	0.0	0.0	0.0	0.16666666666666666	0.2	0.0	0.0	0.2	0.0	0.5	0.0	0.0	0.0015	0.0015	0.0	0.14285714285714285	0.0	0.0	0.06666666666666667	0.0	0.0	0.0	0.14285714285714285	0.1111111111111111	0.0	0.0	0.3333333333333333	0.0	
pigeon/dove sp.	0.0	0.0	0.0	0.0	0.0	0.0	0.0	0.0	0.0	0.0	0.0	0.0	0.0	0.0	0.0	0.0	0.0	0.0	0.0	0.0	0.0	0.0	0.0	0.0	0.0	0.0	0.0	0.0	0.0	0.0	0.0	0.0	0.0	0.0	0.0	0.0	0.0	0.0	0.0	0.0	0.0	0.0	0.0	0.1111111111111111	0.0	0.0	0.0	0.0	
Yellow-billed Cuckoo	0.0	0.0	0.0	0.0	0.0	0.0	0.0	0.0	0.0	0.0	0.0	0.0	0.0	0.0	0.0	0.006666666666666667	0.0	0.0	0.0	0.0	0.0	0.0	0.0	0.0	0.0	0.0	0.0	0.0	0.0	0.0	0.0	0.0	0.0	0.0	0.0	0.0	0.0	0.0	0.0	0.0	0.0	0.0	0.0	0.0	0.0	0.0	0.0	0.0	
Lesser Nighthawk	0.0	0.0	0.0	0.0	0.0	0.0	0.0	0.0	0.0	0.0	0.0	0.0	0.0	0.0	0.0	0.0	0.0	0.0	0.07142857142857142	0.0	0.0	0.0	0.0	0.0	0.0	0.0	0.0	0.0	0.0	0.0	0.0	0.0	0.0	0.0	0.0	0.0	0.0	0.0	0.0	0.0	0.0	0.0	0.0	0.0	0.0	0.0	0.0	0.0	
Common Nighthawk	0.0	0.0	0.0	0.0	0.0	0.0	0.0	0.0	0.0	0.0	0.0	0.0	0.0	0.0	0.021739130434782608	0.19333333333333333	0.18181818181818182	0.16666666666666666	0.2857142857142857	0.4	0.0	0.5	0.0	0.6666666666666666	0.4	0.0	0.6	0.4666666666666667	0.5	0.5	0.3333333333333333	0.5714285714285714	0.5	0.0015	0.0	0.0	0.0	0.1111111111111111	0.0	0.0	0.0	0.0	0.0	0.0	0.0	0.0	0.0	0.0	
nighthawk sp.	0.0	0.0	0.0	0.0	0.0	0.0	0.0	0.0	0.0	0.0	0.0	0.0	0.0	0.0	0.0	0.0	0.0	0.0	0.0	0.0	0.0	0.0	0.0	0.0	0.0	0.0	0.0	0.06666666666666667	0.0	0.0	0.0	0.0	0.0	0.0	0.0	0.0	0.0	0.0	0.0	0.0	0.0	0.0	0.0	0.0	0.0	0.0	0.0	0.0	
Chuck-will's-widow	0.0	0.0	0.0	0.0	0.0	0.0	0.0	0.0	0.0	0.0	0.0	0.0	0.0	0.0	0.0	0.0015	0.0	0.0	0.0	0.0	0.0	0.0	0.0	0.0	0.0	0.0	0.0	0.0	0.0	0.0	0.0	0.0	0.0	0.0	0.0	0.0	0.0	0.0	0.0	0.0	0.0	0.0	0.0	0.0	0.0	0.0	0.0	0.0	
Chimney Swift	0.0	0.0	0.0	0.0	0.0	0.0	0.0	0.0	0.0	0.0	0.0	0.02	0.0	0.02830188679245283	0.007246376811594203	0.02	0.03636363636363636	0.0	0.0	0.0	0.0	0.0	0.0	0.0	0.0	0.0	0.0	0.06666666666666667	0.0	0.0	0.0	0.0	0.0	0.0015	0.0	0.07142857142857142	0.0	0.0	0.0	0.0	0.0	0.0	0.0	0.0	0.0	0.0	0.0	0.0	
Ruby-throated Hummingbird	0.0	0.0	0.0	0.0	0.0	0.0	0.0	0.0	0.0	0.0	0.0	0.0	0.0	0.018867924528301886	0.0	0.03333333333333333	0.0	0.0	0.0	0.0	0.0	0.0	0.0	0.0	0.0	0.0	0.0	0.0	0.0	0.0	0.0	0.0	0.0	0.0	0.0	0.0	0.09090909090909091	0.0	0.0	0.0	0.0	0.0	0.0	0.0	0.0	0.0	0.0	0.0	
King Rail	0.0	0.0	0.0	0.0	0.0	0.0	0.0	0.0	0.0	0.0	0.0	0.0	0.019230769230769232	0.0	0.007246376811594203	0.013333333333333334	0.03636363636363636	0.0	0.0	0.0	0.0	0.0	0.0	0.0	0.0	0.0	0.0	0.0	0.0	0.0	0.0	0.0	0.0	0.0	0.0	0.0	0.0	0.0	0.0	0.0	0.0	0.0	0.0	0.0	0.0	0.0	0.0	0.0	
Clapper Rail	0.0	0.1	0.1111111111111111	0.0	0.0	0.0	0.0	0.0	0.0	0.04	0.0	0.08	0.019230769230769232	0.10377358490566038	0.07971014492753623	0.06	0.18181818181818182	0.1111111111111111	0.07142857142857142	0.1	0.0	0.0015	0.0	0.3333333333333333	0.1	0.0	0.0	0.2	0.2	1.0	0.0	0.14285714285714285	0.5	0.0	0.0	0.21428571428571427	0.0	0.1111111111111111	0.0	0.3	0.14285714285714285	0.2	0.0	0.0015	0.0	0.0	0.0	0.0	
King/Clapper Rail	0.0	0.0	0.0	0.0	0.0	0.0	0.0	0.0	0.0	0.0	0.0	0.0	0.0	0.0	0.0	0.0	0.0	0.0	0.0	0.0	0.0	0.0	0.0	0.0	0.0	0.0	0.0	0.0	0.0	0.0	0.0	0.0	0.0	0.0	0.0	0.07142857142857142	0.0	0.0	0.0	0.0	0.0	0.0	0.0	0.0	0.0	0.0	0.0	0.0	
Virginia Rail	0.0	0.0	0.0	0.0	0.0	0.0	0.0	0.0	0.0	0.0	0.0	0.0	0.019230769230769232	0.009433962264150943	0.007246376811594203	0.0	0.0	0.0	0.0	0.0	0.0	0.0	0.0	0.0	0.0	0.0	0.0	0.0	0.0	0.0	0.0	0.0	0.0	0.0	0.0	0.0	0.0	0.0	0.0	0.0	0.14285714285714285	0.0	0.0	0.0	0.0	0.0	0.0	0.0	
Sora	0.0	0.0	0.0	0.0	0.0	0.0	0.0	0.0	0.0	0.0	0.0	0.04	0.019230769230769232	0.0660377358490566	0.09420289855072464	0.08	0.03636363636363636	0.05555555555555555	0.0	0.0	0.0	0.0	0.0	0.0	0.0	0.0	0.0	0.0	0.0	0.0	0.0	0.0	0.0	0.0	0.0	0.0	0.0	0.0	0.0	0.0	0.0	0.0	0.0	0.0	0.0	0.0	0.0	0.0	
Common Gallinule	0.0	0.0	0.0	0.0	0.0	0.0	0.0	0.0	0.0	0.0	0.043478260869565216	0.0	0.0	0.0	0.007246376811594203	0.0	0.03636363636363636	0.0	0.07142857142857142	0.0	0.0	0.0	0.0	0.0	0.0	0.0	0.0	0.0	0.0	0.0	0.0	0.0	0.0	0.0	0.0	0.0	0.0	0.0	0.0	0.0	0.0	0.0	0.0	0.0	0.0	0.0	0.0	0.0	
American Coot	0.0	0.1	0.0015	0.0625	0.0	0.2222222222222222	0.18181818181818182	0.2727272727272727	0.07142857142857142	0.24	0.17391304347826086	0.0	0.07692307692307693	0.05660377358490566	0.021739130434782608	0.02666666666666667	0.0	0.0	0.0	0.0	0.0	0.0	0.0	0.0	0.0	0.0	0.0	0.0	0.0	0.0	0.0	0.0	0.0	0.0	0.0	0.0	0.0	0.0	0.0	0.0	0.0	0.0	0.0	0.0	0.0	0.0	0.0	0.0	
Purple Gallinule	0.0	0.0	0.0	0.0	0.0	0.0	0.0	0.0	0.0	0.0	0.0	0.0	0.0	0.0	0.0	0.0015	0.0	0.0	0.0	0.0	0.0	0.0	0.0	0.0	0.0	0.0	0.0	0.0	0.0	0.0	0.0	0.0	0.0	0.0	0.0	0.0	0.0	0.0	0.0	0.0	0.0	0.0	0.0	0.0	0.0	0.0	0.0	0.0	
Black Rail	0.0	0.0	0.0	0.0	0.0	0.0	0.0	0.0	0.0	0.0	0.0	0.0	0.0015	0.009433962264150943	0.021739130434782608	0.06	0.05454545454545454	0.0	0.14285714285714285	0.1	0.0	0.0	0.0	0.0	0.0	0.0	0.0	0.06666666666666667	0.0	0.0	0.0	0.0	0.0	0.0	0.0	0.0	0.0	0.0	0.0	0.0	0.0	0.0	0.0	0.0	0.0	0.0	0.0	0.0	
Black-necked Stilt	0.0	0.1	0.0	0.0	0.0	0.0	0.0	0.0	0.0	0.0	0.0	0.12	0.4230769230769231	0.5	0.45652173913043476	0.5733333333333334	0.6181818181818182	0.8888888888888888	0.8571428571428571	0.4	1.0	0.75	1.0	1.0	0.8	0.6666666666666666	0.4	0.4	0.3	0.5	0.4444444444444444	0.2857142857142857	0.5	0.3333333333333333	0.3333333333333333	0.35714285714285715	0.0	0.0	0.0	0.1	0.0	0.0	0.14285714285714285	0.0	0.16666666666666666	0.0	0.0	0.0	
American Avocet	0.5	0.3	0.1111111111111111	0.3125	0.25	0.1111111111111111	0.2727272727272727	0.36363636363636365	0.21428571428571427	0.24	0.2608695652173913	0.26	0.34615384615384615	0.2641509433962264	0.32608695652173914	0.36	0.12727272727272726	0.1111111111111111	0.2857142857142857	0.4	0.25	0.125	0.0	0.5	0.1	0.3333333333333333	0.0	0.13333333333333333	0.0	0.0	0.4444444444444444	0.0	0.0	0.0	0.3333333333333333	0.21428571428571427	0.0015	0.0	0.2	0.6	0.14285714285714285	0.0	0.42857142857142855	0.1111111111111111	0.16666666666666666	0.25	0.3333333333333333	0.18181818181818182	
American Oystercatcher	0.0	0.1	0.0	0.1875	0.0	0.0	0.0	0.09090909090909091	0.0	0.0	0.0015	0.06	0.019230769230769232	0.03773584905660377	0.057971014492753624	0.09333333333333334	0.05454545454545454	0.0	0.0	0.0	0.0	0.0	0.0	0.6666666666666666	0.0	0.0	0.0	0.0	0.0	0.0	0.0	0.0	0.0	0.16666666666666666	0.0	0.07142857142857142	0.0	0.0	0.13333333333333333	0.2	0.0	0.0	0.0	0.0	0.0	0.0	0.0	0.0	
Black-bellied Plover	0.5	0.5	0.4444444444444444	0.3125	0.75	0.4444444444444444	0.36363636363636365	0.45454545454545453	0.21428571428571427	0.36	0.30434782608695654	0.32	0.4807692307692308	0.6132075471698113	0.6014492753623188	0.58	0.6545454545454545	0.4444444444444444	0.5714285714285714	0.5	0.25	0.0	0.0	0.16666666666666666	0.3	0.0015	0.2	0.06666666666666667	0.4	1.0	0.3333333333333333	0.2857142857142857	1.0	0.5	0.6666666666666666	0.5	0.09090909090909091	0.5555555555555556	0.4	0.7	0.5714285714285714	0.4	0.42857142857142855	0.2222222222222222	0.6666666666666666	0.5	0.6666666666666666	0.18181818181818182	
American Golden-Plover	0.0	0.0	0.0	0.0	0.0	0.0	0.0	0.09090909090909091	0.0	0.0	0.13043478260869565	0.1	0.19230769230769232	0.14150943396226415	0.09420289855072464	0.09333333333333334	0.07272727272727272	0.0	0.0	0.0	0.0	0.0	0.0	0.0	0.0	0.0	0.0	0.0	0.0	0.0	0.0	0.0	0.0	0.0	0.16666666666666666	0.0	0.0	0.0	0.0	0.0	0.0	0.0	0.0	0.0	0.0	0.0	0.0	0.0	
Snowy Plover	0.42857142857142855	0.4	0.3333333333333333	0.375	0.5	0.2222222222222222	0.18181818181818182	0.2727272727272727	0.2857142857142857	0.28	0.17391304347826086	0.22	0.23076923076923078	0.14150943396226415	0.13043478260869565	0.17333333333333334	0.07272727272727272	0.0	0.0	0.0	0.0	0.0	0.0	0.0	0.1	0.0	0.0	0.2	0.2	0.0	0.0	0.0	0.5	0.16666666666666666	0.5	0.14285714285714285	0.0	0.3333333333333333	0.3333333333333333	0.5	0.14285714285714285	0.2	0.42857142857142855	0.3333333333333333	0.16666666666666666	0.25	0.3333333333333333	0.09090909090909091	
Wilson's Plover	0.07142857142857142	0.1	0.1111111111111111	0.375	0.25	0.1111111111111111	0.18181818181818182	0.09090909090909091	0.0015	0.12	0.2608695652173913	0.2	0.3269230769230769	0.33962264150943394	0.34782608695652173	0.3333333333333333	0.09090909090909091	0.1111111111111111	0.21428571428571427	0.4	0.0	0.25	0.0	0.5	0.2	0.0	0.0	0.26666666666666666	0.4	0.0	0.1111111111111111	0.0	0.25	0.0015	0.16666666666666666	0.07142857142857142	0.0	0.0	0.06666666666666667	0.3	0.0	0.0	0.0	0.0	0.0	0.25	0.0	0.09090909090909091	
Semipalmated Plover	0.42857142857142855	0.2	0.0	0.3125	0.25	0.1111111111111111	0.2727272727272727	0.18181818181818182	0.2857142857142857	0.12	0.13043478260869565	0.24	0.3269230769230769	0.39622641509433965	0.4782608695652174	0.3933333333333333	0.38181818181818183	0.05555555555555555	0.2857142857142857	0.1	0.0	0.0015	0.0	0.3333333333333333	0.0	0.0	0.2	0.26666666666666666	0.3	0.0	0.0	0.14285714285714285	0.5	0.16666666666666666	0.5	0.14285714285714285	0.0	0.2222222222222222	0.2	0.5	0.2857142857142857	0.0	0.14285714285714285	0.1111111111111111	0.16666666666666666	0.0	0.3333333333333333	0.0	
Piping Plover	0.42857142857142855	0.3	0.3333333333333333	0.375	0.5	0.0	0.2727272727272727	0.36363636363636365	0.21428571428571427	0.28	0.2608695652173913	0.32	0.28846153846153844	0.33962264150943394	0.34057971014492755	0.41333333333333333	0.2545454545454545	0.05555555555555555	0.07142857142857142	0.0	0.0	0.0	0.0	0.0	0.0	0.0	0.2	0.3333333333333333	0.3	0.0	0.1111111111111111	0.14285714285714285	0.25	0.16666666666666666	0.6666666666666666	0.2857142857142857	0.0	0.5555555555555556	0.3333333333333333	0.4	0.2857142857142857	0.0	0.2857142857142857	0.3333333333333333	0.16666666666666666	0.0	0.3333333333333333	0.09090909090909091	
Killdeer	0.2857142857142857	0.2	0.1111111111111111	0.375	0.5	0.2222222222222222	0.45454545454545453	0.36363636363636365	0.21428571428571427	0.4	0.30434782608695654	0.3	0.2692307692307692	0.27358490566037735	0.18840579710144928	0.25333333333333335	0.18181818181818182	0.3333333333333333	0.2857142857142857	0.2	0.25	0.25	1.0	0.6666666666666666	0.5	0.3333333333333333	0.6	0.6666666666666666	0.1	1.0	0.2222222222222222	0.42857142857142855	0.25	0.16666666666666666	0.3333333333333333	0.5714285714285714	0.18181818181818182	0.1111111111111111	0.26666666666666666	0.6	0.7142857142857143	0.2	0.5714285714285714	0.2222222222222222	0.6666666666666666	0.5	0.6666666666666666	0.18181818181818182	
Mountain Plover	0.21428571428571427	0.0	0.0	0.0	0.0	0.0	0.0	0.0	0.0	0.0	0.0	0.0	0.0	0.0	0.0	0.0	0.0	0.0	0.0	0.0	0.0	0.0	0.0	0.0	0.0	0.0	0.0	0.0	0.0	0.0	0.0	0.0	0.0	0.0	0.0	0.0	0.0	0.0	0.0	0.0	0.0	0.0	0.0	0.0	0.0	0.0	0.0015	0.09090909090909091	
plover sp.	0.0	0.0	0.0	0.0	0.0	0.0	0.09090909090909091	0.0	0.0	0.0	0.0	0.0	0.038461538461538464	0.009433962264150943	0.007246376811594203	0.0	0.0	0.0	0.0	0.0	0.0	0.0	0.0	0.0	0.0	0.0	0.0	0.0	0.0	0.0	0.0	0.0	0.0	0.0	0.0	0.0	0.0015	0.0	0.0	0.1	0.0	0.0	0.0	0.0	0.0	0.0	0.0	0.0	
Upland Sandpiper	0.0	0.0	0.0	0.0	0.0	0.0	0.0	0.0	0.0	0.0	0.0	0.0	0.019230769230769232	0.009433962264150943	0.014492753623188406	0.02	0.0	0.0	0.0	0.0	0.0	0.0	0.0	0.0	0.0	0.0	0.0	0.0	0.0	0.0	0.0	0.0	0.0	0.0	0.0	0.0	0.0	0.0	0.0	0.0	0.0	0.0	0.0	0.0	0.0	0.0	0.0	0.0	
Whimbrel	0.07142857142857142	0.0	0.1111111111111111	0.0	0.0	0.0	0.09090909090909091	0.18181818181818182	0.0	0.04	0.043478260869565216	0.08	0.1346153846153846	0.08490566037735849	0.16666666666666666	0.15333333333333332	0.21818181818181817	0.05555555555555555	0.07142857142857142	0.1	0.0	0.0	0.0	0.0	0.0	0.0	0.0	0.06666666666666667	0.3	0.0	0.1111111111111111	0.0	0.0015	0.0	0.0	0.0	0.0	0.1111111111111111	0.06666666666666667	0.0	0.0	0.0	0.0	0.0	0.0	0.0	0.3333333333333333	0.0	
Long-billed Curlew	0.42857142857142855	0.4	0.0	0.3125	0.25	0.3333333333333333	0.36363636363636365	0.0	0.07142857142857142	0.24	0.34782608695652173	0.3	0.28846153846153844	0.20754716981132076	0.13768115942028986	0.07333333333333333	0.07272727272727272	0.1111111111111111	0.21428571428571427	0.1	0.0	0.125	0.0	0.5	0.4	0.6666666666666666	0.4	0.6666666666666666	0.5	0.5	0.2222222222222222	0.2857142857142857	0.75	0.16666666666666666	0.5	0.5	0.0	0.0015	0.06666666666666667	0.1	0.2857142857142857	0.4	0.14285714285714285	0.1111111111111111	0.3333333333333333	0.25	0.3333333333333333	0.2727272727272727	
Hudsonian Godwit	0.0	0.0	0.0	0.0	0.0	0.0	0.0	0.0	0.0	0.0	0.0	0.0	0.0	0.0	0.0015	0.013333333333333334	0.0	0.0	0.0	0.0	0.0	0.0	0.0	0.0	0.0	0.0	0.0	0.0	0.0	0.0	0.0	0.0	0.0	0.0	0.0	0.0	0.0	0.0	0.0	0.0	0.0	0.0	0.0	0.0	0.0	0.0	0.0	0.0	
Marbled Godwit	0.35714285714285715	0.0	0.0	0.1875	0.0	0.0	0.09090909090909091	0.09090909090909091	0.0	0.24	0.21739130434782608	0.14	0.23076923076923078	0.2169811320754717	0.2536231884057971	0.20666666666666667	0.10909090909090909	0.05555555555555555	0.14285714285714285	0.1	0.0	0.0	1.0	0.6666666666666666	0.4	0.0	0.4	0.26666666666666666	0.4	0.0	0.1111111111111111	0.0	0.5	0.16666666666666666	0.5	0.21428571428571427	0.0	0.0015	0.13333333333333333	0.5	0.14285714285714285	0.0	0.14285714285714285	0.2222222222222222	0.3333333333333333	0.0	0.6666666666666666	0.09090909090909091	
Ruddy Turnstone	0.42857142857142855	0.4	0.2222222222222222	0.4375	0.75	0.4444444444444444	0.36363636363636365	0.6363636363636364	0.42857142857142855	0.4	0.34782608695652173	0.44	0.4423076923076923	0.39622641509433965	0.47101449275362317	0.5333333333333333	0.5636363636363636	0.4444444444444444	0.7142857142857143	0.2	0.25	0.0015	0.0	0.3333333333333333	0.4	0.3333333333333333	0.0	0.3333333333333333	0.6	0.0015	0.2222222222222222	0.14285714285714285	0.25	0.16666666666666666	0.6666666666666666	0.35714285714285715	0.0	0.2222222222222222	0.26666666666666666	0.4	0.42857142857142855	0.2	0.14285714285714285	0.3333333333333333	0.3333333333333333	0.0	0.3333333333333333	0.09090909090909091	
Red Knot	0.0	0.0	0.1111111111111111	0.1875	0.0	0.0	0.09090909090909091	0.0	0.14285714285714285	0.08	0.13043478260869565	0.1	0.25	0.1792452830188679	0.26811594202898553	0.24	0.12727272727272726	0.0	0.2857142857142857	0.1	0.0	0.0	0.0	0.16666666666666666	0.0	0.0	0.0	0.0	0.0	0.0	0.0	0.0	0.0	0.0	0.16666666666666666	0.07142857142857142	0.0	0.0	0.13333333333333333	0.3	0.0	0.0	0.0	0.0	0.0	0.0	0.0	0.0015	
Stilt Sandpiper	0.07142857142857142	0.0	0.0	0.0	0.0	0.0	0.0	0.09090909090909091	0.0	0.0	0.0	0.0	0.038461538461538464	0.07547169811320754	0.07246376811594203	0.1	0.09090909090909091	0.05555555555555555	0.0	0.0	0.0	0.0	0.0	0.0	0.0	0.0	0.0	0.0	0.0	0.0	0.0	0.0	0.0	0.0	0.16666666666666666	0.0	0.0	0.0	0.0	0.0	0.0	0.0	0.0	0.0	0.0	0.0	0.0	0.0	
Sanderling	0.7857142857142857	0.6	0.2222222222222222	0.5625	0.75	0.6666666666666666	0.45454545454545453	0.9090909090909091	0.42857142857142855	0.44	0.43478260869565216	0.52	0.5192307692307693	0.4716981132075472	0.5652173913043478	0.5733333333333334	0.4727272727272727	0.1111111111111111	0.6428571428571429	0.4	0.25	0.25	0.0	0.3333333333333333	0.4	0.0	0.0	0.4	0.6	0.5	0.2222222222222222	0.14285714285714285	0.5	0.5	1.0	0.6428571428571429	0.0	0.3333333333333333	0.4666666666666667	0.5	0.7142857142857143	0.2	0.42857142857142855	0.3333333333333333	0.3333333333333333	0.25	0.6666666666666666	0.18181818181818182	
Dunlin	0.5	0.6	0.1111111111111111	0.5	0.75	0.5555555555555556	0.18181818181818182	0.2727272727272727	0.2857142857142857	0.24	0.21739130434782608	0.22	0.28846153846153844	0.4528301886792453	0.4782608695652174	0.4866666666666667	0.4	0.2222222222222222	0.42857142857142855	0.3	0.0	0.0	0.0	0.16666666666666666	0.0	0.0	0.0	0.06666666666666667	0.0	0.0	0.0	0.0	0.5	0.16666666666666666	0.0	0.0	0.0	0.0015	0.0	0.6	0.14285714285714285	0.0	0.42857142857142855	0.2222222222222222	0.3333333333333333	0.25	0.3333333333333333	0.09090909090909091	
Baird's Sandpiper	0.0	0.0	0.0	0.0	0.0	0.0	0.0	0.0	0.0	0.0	0.0	0.02	0.0	0.018867924528301886	0.028985507246376812	0.04	0.03636363636363636	0.0	0.07142857142857142	0.1	0.0	0.0	0.0	0.0	0.0	0.0	0.0	0.06666666666666667	0.0	0.0	0.0	0.0	0.0	0.0	0.0015	0.0	0.0	0.0	0.0	0.0	0.0	0.0	0.0	0.0	0.0	0.0	0.0	0.0	
Least Sandpiper	0.21428571428571427	0.2	0.1111111111111111	0.3125	0.25	0.0	0.18181818181818182	0.45454545454545453	0.07142857142857142	0.0015	0.17391304347826086	0.14	0.11538461538461539	0.2830188679245283	0.2608695652173913	0.3333333333333333	0.2545454545454545	0.0	0.14285714285714285	0.1	0.0	0.0015	0.0	0.16666666666666666	0.1	0.0	0.2	0.2	0.2	1.0	0.4444444444444444	0.14285714285714285	1.0	0.0	0.8333333333333334	0.35714285714285715	0.09090909090909091	0.0015	0.0	0.5	0.42857142857142855	0.0	0.14285714285714285	0.0	0.16666666666666666	0.0	0.3333333333333333	0.2727272727272727	
White-rumped Sandpiper	0.0	0.0	0.0	0.0	0.0	0.0	0.0	0.0	0.0	0.0	0.0	0.0	0.0	0.018867924528301886	0.06521739130434782	0.06	0.03636363636363636	0.05555555555555555	0.07142857142857142	0.1	0.0	0.0015	0.0	0.0	0.0	0.0	0.0	0.0	0.0	0.0	0.0	0.0	0.0	0.0	0.0	0.0	0.0	0.0	0.0	0.0	0.0	0.0	0.0	0.0	0.0	0.0	0.0	0.0	
Buff-breasted Sandpiper	0.0	0.0	0.0	0.0	0.0	0.0	0.0	0.0	0.0	0.0	0.0	0.0	0.0	0.018867924528301886	0.014492753623188406	0.006666666666666667	0.0015	0.0	0.0	0.0	0.0	0.0	0.0	0.0	0.0	0.0	0.0	0.0	0.0	0.0	0.0	0.0	0.0	0.0	0.0	0.0	0.0	0.0	0.0	0.0	0.0	0.0	0.0	0.0	0.0	0.0	0.0	0.0	
Pectoral Sandpiper	0.0	0.0	0.0	0.0	0.0	0.0	0.0	0.0	0.0	0.0	0.0	0.04	0.07692307692307693	0.1792452830188679	0.13768115942028986	0.17333333333333334	0.03636363636363636	0.1111111111111111	0.0	0.0	0.0	0.0	0.0	0.0	0.0	0.0	0.0	0.0	0.0	0.0	0.0	0.0	0.0	0.0015	0.0	0.07142857142857142	0.0	0.0	0.0	0.1	0.0	0.0	0.0	0.0	0.0	0.0	0.0	0.0	
Semipalmated Sandpiper	0.0	0.0	0.0	0.0	0.0	0.0	0.0	0.0	0.0	0.08	0.08695652173913043	0.14	0.17307692307692307	0.22641509433962265	0.30434782608695654	0.21333333333333335	0.2	0.16666666666666666	0.2857142857142857	0.1	0.0	0.0	0.0	0.16666666666666666	0.0	0.0	0.0	0.06666666666666667	0.2	0.0	0.1111111111111111	0.0	0.0	0.0	0.16666666666666666	0.07142857142857142	0.0	0.0	0.06666666666666667	0.0	0.0	0.0	0.0	0.0	0.0	0.0	0.0	0.0	
Western Sandpiper	0.2857142857142857	0.2	0.0015	0.3125	0.5	0.2222222222222222	0.18181818181818182	0.18181818181818182	0.14285714285714285	0.12	0.2608695652173913	0.16	0.3076923076923077	0.330188679245283	0.3333333333333333	0.24666666666666667	0.09090909090909091	0.0	0.14285714285714285	0.1	0.0	0.0015	0.0	0.3333333333333333	0.0	0.0	0.2	0.2	0.1	0.0	0.2222222222222222	0.14285714285714285	0.75	0.16666666666666666	0.5	0.35714285714285715	0.0	0.3333333333333333	0.13333333333333333	0.3	0.14285714285714285	0.0	0.14285714285714285	0.1111111111111111	0.3333333333333333	0.0	0.3333333333333333	0.09090909090909091	
Semipalmated/Western Sandpiper	0.0	0.0	0.0	0.0	0.0	0.0	0.0	0.0	0.07142857142857142	0.0	0.0	0.04	0.019230769230769232	0.018867924528301886	0.0	0.02	0.0	0.0	0.0	0.1	0.0	0.0	0.0	0.0	0.0	0.0	0.0	0.0	0.0	0.0	0.0	0.0	0.0	0.0	0.0	0.0	0.0	0.0	0.0	0.1	0.14285714285714285	0.0	0.0	0.0	0.16666666666666666	0.0	0.0	0.0	
peep sp.	0.0	0.1	0.0	0.0	0.0	0.0	0.18181818181818182	0.0	0.07142857142857142	0.0	0.043478260869565216	0.02	0.057692307692307696	0.009433962264150943	0.007246376811594203	0.013333333333333334	0.05454545454545454	0.1111111111111111	0.0	0.0	0.0	0.0	0.0	0.0	0.0	0.0	0.0	0.06666666666666667	0.0	0.0	0.0	0.0	0.0	0.16666666666666666	0.0	0.14285714285714285	0.18181818181818182	0.1111111111111111	0.0	0.0	0.0	0.0	0.2857142857142857	0.0	0.0	0.0	0.0	0.0	
Short-billed Dowitcher	0.0	0.2	0.0	0.1875	0.0	0.1111111111111111	0.18181818181818182	0.0	0.21428571428571427	0.12	0.13043478260869565	0.1	0.11538461538461539	0.22641509433962265	0.2463768115942029	0.21333333333333335	0.12727272727272726	0.1111111111111111	0.0	0.0	0.0	0.0	0.0	0.16666666666666666	0.0	0.3333333333333333	0.0	0.2	0.3	0.0	0.0	0.0	0.25	0.16666666666666666	0.3333333333333333	0.07142857142857142	0.0	0.0	0.06666666666666667	0.3	0.0	0.0	0.0	0.0	0.0	0.0	0.0	0.0	
Long-billed Dowitcher	0.07142857142857142	0.0	0.0	0.0	0.0	0.0	0.0	0.0	0.0	0.04	0.0	0.0	0.07692307692307693	0.07547169811320754	0.057971014492753624	0.05333333333333334	0.01818181818181818	0.0	0.0	0.0	0.0	0.0	0.0	0.0	0.0	0.0	0.0	0.0	0.1	0.0	0.0	0.0	0.0	0.0	0.0	0.0	0.0	0.0	0.0	0.0	0.14285714285714285	0.0	0.0	0.0	0.0	0.0	0.0	0.0	
Short-billed/Long-billed Dowitcher	0.0	0.0	0.0	0.0	0.0	0.0	0.0	0.09090909090909091	0.0	0.04	0.0	0.06	0.11538461538461539	0.12264150943396226	0.07246376811594203	0.06	0.03636363636363636	0.05555555555555555	0.0	0.1	0.0	0.0	0.0	0.0	0.1	0.0	0.0	0.06666666666666667	0.0	0.0	0.0	0.0	0.0	0.0	0.0	0.0	0.0	0.0	0.06666666666666667	0.1	0.0	0.0	0.0	0.0	0.16666666666666666	0.0	0.0	0.0	
Wilson's Snipe	0.0	0.0	0.0	0.0625	0.0	0.0	0.09090909090909091	0.0	0.0	0.04	0.08695652173913043	0.12	0.07692307692307693	0.04716981132075472	0.0	0.0	0.0	0.0	0.0	0.0	0.0	0.0	0.0	0.0	0.0	0.0	0.0	0.0	0.0	0.0	0.0	0.0	0.0	0.0	0.0	0.0	0.0	0.0	0.06666666666666667	0.0	0.0	0.0	0.0	0.0	0.16666666666666666	0.0	0.0	0.0	
Wilson's Phalarope	0.0	0.0	0.0	0.0	0.0	0.0	0.0	0.0	0.0	0.0	0.0	0.0	0.0	0.0	0.057971014492753624	0.11333333333333333	0.10909090909090909	0.3333333333333333	0.0	0.0	0.0	0.0	0.0	0.0	0.0	0.0	0.0	0.0	0.2	0.0	0.0	0.0	0.0	0.16666666666666666	0.0	0.0	0.0	0.0	0.0	0.0	0.0	0.0	0.0	0.0	0.0	0.0	0.0	0.0	
Spotted Sandpiper	0.0	0.1	0.0	0.0	0.0	0.0	0.0	0.0	0.0	0.0	0.0	0.02	0.038461538461538464	0.009433962264150943	0.021739130434782608	0.04	0.03636363636363636	0.0	0.0	0.1	0.0	0.0	0.0	0.0	0.0	0.0	0.0	0.0	0.0	0.0	0.1111111111111111	0.0	0.0	0.0	0.0	0.0	0.0	0.0	0.0	0.1	0.0	0.0	0.0	0.0	0.0	0.0	0.0	0.09090909090909091	
Solitary Sandpiper	0.0	0.0	0.0	0.0	0.0	0.0	0.0	0.0	0.0	0.0	0.0	0.06	0.038461538461538464	0.02830188679245283	0.021739130434782608	0.02666666666666667	0.03636363636363636	0.0	0.0	0.0	0.0	0.0	0.0	0.0	0.0	0.0	0.0	0.0	0.0	0.5	0.1111111111111111	0.0	0.0	0.0	0.0	0.0	0.0	0.0	0.0	0.0	0.0	0.0	0.0	0.0	0.0	0.0	0.0	0.0	
Greater Yellowlegs	0.42857142857142855	0.3	0.1111111111111111	0.0625	0.0	0.3333333333333333	0.36363636363636365	0.2727272727272727	0.21428571428571427	0.24	0.34782608695652173	0.22	0.28846153846153844	0.330188679245283	0.1956521739130435	0.18	0.18181818181818182	0.16666666666666666	0.14285714285714285	0.0	0.0	0.0	0.0	0.0	0.0	0.0	0.4	0.06666666666666667	0.1	0.0	0.1111111111111111	0.0	0.25	0.16666666666666666	0.3333333333333333	0.5714285714285714	0.45454545454545453	0.1111111111111111	0.26666666666666666	0.2	0.2857142857142857	0.2	0.2857142857142857	0.1111111111111111	0.5	0.5	0.0	0.36363636363636365	
Willet	0.5	0.3	0.1111111111111111	0.375	0.5	0.3333333333333333	0.45454545454545453	0.2727272727272727	0.21428571428571427	0.48	0.6956521739130435	0.8	0.8653846153846154	0.8018867924528302	0.8405797101449275	0.8133333333333334	0.7818181818181819	0.7777777777777778	0.8571428571428571	0.8	0.75	0.375	1.0	1.0	0.7	0.6666666666666666	0.8	0.6	0.7	1.0	0.6666666666666666	0.42857142857142855	1.0	0.6666666666666666	0.6666666666666666	0.7857142857142857	0.09090909090909091	0.5555555555555556	0.4666666666666667	0.8	0.8571428571428571	0.4	0.5714285714285714	0.3333333333333333	0.8333333333333334	0.5	0.6666666666666666	0.45454545454545453	
Lesser Yellowlegs	0.07142857142857142	0.0	0.1111111111111111	0.0015	0.0	0.2222222222222222	0.18181818181818182	0.09090909090909091	0.35714285714285715	0.32	0.17391304347826086	0.28	0.4807692307692308	0.5377358490566038	0.5217391304347826	0.44	0.38181818181818183	0.3888888888888889	0.14285714285714285	0.1	0.0	0.0	0.0	0.0	0.0	0.0	0.0	0.2	0.1	0.5	0.1111111111111111	0.14285714285714285	0.25	0.16666666666666666	0.16666666666666666	0.2857142857142857	0.0	0.1111111111111111	0.2	0.6	0.42857142857142855	0.2	0.0	0.2222222222222222	0.0	0.0	0.3333333333333333	0.09090909090909091	
Greater/Lesser Yellowlegs	0.07142857142857142	0.0	0.0	0.0	0.0	0.0	0.09090909090909091	0.0	0.21428571428571427	0.0	0.043478260869565216	0.04	0.019230769230769232	0.018867924528301886	0.043478260869565216	0.02	0.03636363636363636	0.0	0.0	0.0	0.25	0.0	0.0	0.0	0.0	0.0	0.0	0.0	0.0	0.0	0.0	0.0	0.0	0.0	0.0	0.07142857142857142	0.09090909090909091	0.0	0.0	0.0	0.0	0.2	0.14285714285714285	0.0	0.0	0.0	0.0	0.0	
large shorebird sp.	0.0	0.0	0.0	0.0	0.0	0.0	0.09090909090909091	0.0	0.0	0.0	0.0	0.0	0.0	0.0	0.007246376811594203	0.0	0.0	0.0	0.0	0.0	0.0	0.0	0.0	0.0	0.0	0.0	0.0	0.0	0.0	0.0	0.0	0.0	0.0	0.0	0.0	0.0	0.0	0.0	0.0	0.0	0.0	0.0	0.0	0.0	0.0	0.0	0.0	0.0	
shorebird sp.	0.0	0.1	0.0	0.0	0.0	0.0	0.09090909090909091	0.0	0.0	0.0	0.0	0.0	0.038461538461538464	0.0	0.014492753623188406	0.006666666666666667	0.0	0.0	0.0	0.0	0.0	0.0	0.0	0.0	0.0	0.3333333333333333	0.0	0.0	0.0	0.0	0.0	0.0	0.0	0.0	0.0	0.0	0.0	0.1111111111111111	0.0	0.1	0.0	0.0	0.0	0.0	0.0	0.0	0.0	0.0	
Pomarine Jaeger	0.0	0.0	0.0	0.125	0.0	0.0	0.0	0.0	0.0	0.0	0.0	0.0	0.019230769230769232	0.009433962264150943	0.0	0.0	0.0	0.0	0.0	0.0	0.0	0.0	0.0	0.0	0.0	0.0	0.0	0.0	0.0	0.0	0.0	0.0	0.0	0.0	0.0	0.0	0.0	0.0	0.0	0.0	0.0	0.0	0.0	0.0	0.0	0.0	0.0	0.0	
Bonaparte's Gull	0.07142857142857142	0.1	0.0	0.0625	0.25	0.1111111111111111	0.0	0.09090909090909091	0.0015	0.12	0.0	0.0	0.0	0.0	0.0015	0.006666666666666667	0.0	0.0	0.0	0.0	0.0	0.0	0.0	0.0	0.0	0.0	0.0	0.0	0.0	0.0	0.0	0.0	0.0	0.0	0.0	0.0	0.0	0.0	0.0	0.0	0.0	0.0	0.0	0.0	0.0	0.0	0.0	0.09090909090909091	
Laughing Gull	0.6428571428571429	0.4	0.3333333333333333	0.4375	0.75	0.4444444444444444	0.45454545454545453	0.8181818181818182	0.35714285714285715	0.52	0.5217391304347826	0.58	0.7115384615384616	0.5943396226415094	0.6376811594202898	0.6533333333333333	0.509090909090909	0.6111111111111112	0.6428571428571429	0.7	0.75	0.75	1.0	1.0	0.9	0.0015	1.0	0.6	0.8	1.0	0.6666666666666666	0.14285714285714285	0.5	0.16666666666666666	1.0	0.5	0.0	0.5555555555555556	0.4	0.5	0.7142857142857143	0.2	0.0	0.3333333333333333	0.6666666666666666	0.5	0.3333333333333333	0.18181818181818182	
Franklin's Gull	0.0	0.0	0.0	0.0	0.0	0.0	0.0	0.0	0.0	0.0	0.0015	0.02	0.07692307692307693	0.009433962264150943	0.014492753623188406	0.04666666666666667	0.01818181818181818	0.0	0.0	0.0	0.0	0.0	0.0	0.0	0.0	0.0	0.0	0.0	0.0	0.0	0.0	0.0	0.0	0.0	0.0	0.0	0.0	0.0	0.0	0.1	0.0	0.0	0.0	0.0	0.16666666666666666	0.0	0.0	0.0	
Heermann's Gull	0.0	0.0	0.0	0.0	0.0	0.0	0.0	0.0	0.0	0.0	0.0	0.02	0.0	0.0	0.0	0.0	0.0	0.0	0.0	0.0	0.0	0.0	0.0	0.0	0.0	0.0	0.0	0.0	0.0	0.0	0.0	0.0	0.0	0.0	0.0	0.0	0.0	0.0	0.0	0.0	0.0	0.0	0.0	0.0	0.0	0.0	0.0	0.0	
Ring-billed Gull	0.6428571428571429	0.6	0.3333333333333333	0.375	0.5	0.5555555555555556	0.45454545454545453	0.5454545454545454	0.35714285714285715	0.44	0.43478260869565216	0.4	0.40384615384615385	0.29245283018867924	0.3115942028985507	0.35333333333333333	0.18181818181818182	0.0	0.21428571428571427	0.1	0.0	0.0	0.0	0.16666666666666666	0.0	0.0	0.2	0.26666666666666666	0.3	0.0	0.2222222222222222	0.14285714285714285	0.25	0.16666666666666666	0.3333333333333333	0.35714285714285715	0.0	0.1111111111111111	0.26666666666666666	0.4	0.42857142857142855	0.2	0.2857142857142857	0.2222222222222222	0.5	0.5	0.6666666666666666	0.18181818181818182	
Herring Gull	0.5714285714285714	0.5	0.1111111111111111	0.375	0.25	0.3333333333333333	0.36363636363636365	0.36363636363636365	0.07142857142857142	0.44	0.30434782608695654	0.3	0.4423076923076923	0.3018867924528302	0.2608695652173913	0.31333333333333335	0.3090909090909091	0.0	0.14285714285714285	0.1	0.25	0.125	0.0	0.16666666666666666	0.1	0.0	0.2	0.2	0.1	0.0	0.0	0.0	0.0	0.0	0.3333333333333333	0.14285714285714285	0.0	0.1111111111111111	0.26666666666666666	0.5	0.2857142857142857	0.2	0.14285714285714285	0.3333333333333333	0.6666666666666666	0.25	0.0015	0.18181818181818182	
Lesser Black-backed Gull	0.0	0.0	0.0	0.0	0.0	0.0	0.0	0.0	0.0	0.0	0.043478260869565216	0.02	0.019230769230769232	0.0	0.014492753623188406	0.05333333333333334	0.01818181818181818	0.05555555555555555	0.0	0.0	0.0	0.0	0.0	0.0	0.0	0.0	0.0	0.0	0.1	0.0	0.0	0.0	0.0	0.0	0.3333333333333333	0.07142857142857142	0.0	0.2222222222222222	0.06666666666666667	0.3	0.0	0.0	0.0	0.1111111111111111	0.0	0.0	0.0	0.09090909090909091	
Glaucous Gull	0.0	0.0	0.0	0.0	0.0	0.0	0.0	0.0	0.0	0.0	0.0	0.0	0.0	0.0	0.050724637681159424	0.0	0.0	0.05555555555555555	0.0	0.0	0.0	0.0	0.0	0.0	0.0	0.0	0.0	0.0	0.0	0.0	0.0	0.0	0.0	0.0	0.0	0.0	0.0	0.0	0.0	0.0	0.0	0.0	0.0	0.0	0.0	0.0	0.0	0.0	
Great Black-backed Gull	0.0	0.0	0.0	0.0	0.0	0.0	0.0	0.0	0.07142857142857142	0.0	0.08695652173913043	0.04	0.019230769230769232	0.009433962264150943	0.007246376811594203	0.006666666666666667	0.01818181818181818	0.0	0.0	0.0	0.0	0.0	0.0	0.0	0.0	0.0	0.0	0.0	0.0	0.0	0.0	0.0	0.0	0.0	0.0	0.0	0.0	0.0	0.13333333333333333	0.0	0.0	0.0	0.0	0.0	0.0	0.0	0.0	0.0	
Larus sp.	0.0	0.0	0.0	0.0	0.0	0.0	0.0	0.0	0.0	0.0	0.0	0.0	0.019230769230769232	0.0	0.0	0.006666666666666667	0.0	0.0	0.0	0.0	0.0	0.0	0.0	0.0	0.0	0.0	0.0	0.0	0.0	0.0	0.0	0.0	0.0	0.0	0.0	0.0	0.0	0.0	0.0	0.0	0.0	0.0	0.0	0.0	0.0	0.0	0.0	0.0	
gull sp.	0.07142857142857142	0.0	0.0	0.0	0.0	0.0	0.09090909090909091	0.0	0.0	0.0	0.0	0.0	0.038461538461538464	0.0	0.0	0.006666666666666667	0.0	0.0	0.0	0.0	0.0	0.0	0.0	0.0	0.0	0.0	0.0	0.06666666666666667	0.0	0.0	0.0	0.14285714285714285	0.0	0.0	0.0	0.0	0.0	0.0	0.0	0.0	0.0	0.0	0.0	0.0	0.0	0.0	0.0	0.0	
Least Tern	0.0	0.0	0.0	0.0	0.0	0.0	0.0	0.0	0.0	0.12	0.08695652173913043	0.36	0.40384615384615385	0.39622641509433965	0.42028985507246375	0.4533333333333333	0.41818181818181815	0.16666666666666666	0.42857142857142855	0.5	0.75	0.0	1.0	0.6666666666666666	0.3	0.0	0.4	0.4	0.2	0.0015	0.1111111111111111	0.0	0.25	0.0	0.0	0.0	0.0	0.0	0.0	0.0	0.0	0.0	0.0	0.0	0.0	0.0	0.0	0.0	
Gull-billed Tern	0.0	0.0	0.0	0.0	0.0	0.0	0.0	0.0	0.0	0.04	0.17391304347826086	0.26	0.3076923076923077	0.2830188679245283	0.2246376811594203	0.22666666666666666	0.2727272727272727	0.2777777777777778	0.07142857142857142	0.1	0.25	0.0	0.0	0.5	0.1	0.3333333333333333	0.0	0.06666666666666667	0.0	0.0	0.0	0.0	0.0	0.0	0.0	0.0	0.0	0.0	0.0	0.0	0.0	0.0	0.0	0.0	0.0	0.0	0.0	0.0	
Caspian Tern	0.21428571428571427	0.1	0.0015	0.1875	0.0	0.1111111111111111	0.36363636363636365	0.18181818181818182	0.14285714285714285	0.28	0.21739130434782608	0.2	0.17307692307692307	0.16981132075471697	0.13043478260869565	0.22	0.05454545454545454	0.0	0.07142857142857142	0.2	0.25	0.0	0.0	0.3333333333333333	0.1	0.0	0.0	0.2	0.2	0.0	0.0	0.14285714285714285	0.5	0.16666666666666666	0.6666666666666666	0.35714285714285715	0.0	0.3333333333333333	0.13333333333333333	0.2	0.14285714285714285	0.2	0.14285714285714285	0.0	0.5	0.0	0.3333333333333333	0.18181818181818182	
Black Tern	0.0	0.0	0.0	0.0	0.0	0.0	0.0	0.0	0.0	0.0	0.0	0.1	0.1346153846153846	0.09433962264150944	0.16666666666666666	0.21333333333333335	0.10909090909090909	0.05555555555555555	0.2857142857142857	0.2	0.5	0.0015	0.0	0.16666666666666666	0.3	0.0	0.2	0.26666666666666666	0.3	0.0	0.1111111111111111	0.14285714285714285	0.5	0.0	0.16666666666666666	0.0	0.0	0.0	0.0	0.0	0.0	0.0	0.0	0.0	0.0	0.0	0.0	0.0	
Common Tern	0.14285714285714285	0.0	0.0	0.0625	0.0	0.0	0.09090909090909091	0.18181818181818182	0.0	0.04	0.17391304347826086	0.12	0.21153846153846154	0.16037735849056603	0.26811594202898553	0.30666666666666664	0.18181818181818182	0.0	0.21428571428571427	0.1	0.0	0.0	0.0	0.6666666666666666	0.0	0.0	0.0	0.06666666666666667	0.0	0.0	0.0	0.0	0.0	0.0	0.0	0.0	0.0	0.0	0.0	0.0	0.0	0.0	0.0	0.0	0.0	0.0	0.0	0.0	
Forster's Tern	0.5	0.3	0.3333333333333333	0.375	0.25	0.4444444444444444	0.36363636363636365	0.45454545454545453	0.0015	0.36	0.30434782608695654	0.34	0.3269230769230769	0.27358490566037735	0.2826086956521739	0.2866666666666667	0.18181818181818182	0.2222222222222222	0.21428571428571427	0.2	0.0	0.0	0.0	0.16666666666666666	0.1	0.0	0.0	0.13333333333333333	0.0	0.0	0.0	0.14285714285714285	0.5	0.16666666666666666	0.6666666666666666	0.14285714285714285	0.0	0.2222222222222222	0.06666666666666667	0.3	0.2857142857142857	0.0	0.14285714285714285	0.1111111111111111	0.3333333333333333	0.25	0.0	0.09090909090909091	
Sterna sp.	0.0	0.0	0.0	0.0	0.0	0.0	0.0	0.0	0.0	0.0	0.0	0.0	0.019230769230769232	0.0	0.007246376811594203	0.006666666666666667	0.01818181818181818	0.0	0.0	0.0	0.0	0.0	0.0	0.0	0.0	0.0	0.0	0.0	0.0	0.0	0.0	0.0	0.0	0.0	0.0	0.0	0.0	0.0	0.0	0.0	0.0	0.0	0.0	0.0	0.0	0.0	0.0	0.0	
Royal Tern	0.42857142857142855	0.2	0.3333333333333333	0.25	0.75	0.4444444444444444	0.2727272727272727	0.45454545454545453	0.42857142857142855	0.36	0.391304347826087	0.5	0.46153846153846156	0.4056603773584906	0.463768115942029	0.48	0.4909090909090909	0.3333333333333333	0.2857142857142857	0.5	0.25	0.125	1.0	0.3333333333333333	0.5	0.0	0.4	0.3333333333333333	0.6	0.5	0.1111111111111111	0.14285714285714285	0.5	0.3333333333333333	0.6666666666666666	0.42857142857142855	0.0	0.3333333333333333	0.13333333333333333	0.4	0.42857142857142855	0.2	0.14285714285714285	0.3333333333333333	0.5	0.5	0.0	0.09090909090909091	
Sandwich Tern	0.0	0.0	0.0	0.0	0.0	0.0	0.0	0.0	0.21428571428571427	0.16	0.2608695652173913	0.26	0.3269230769230769	0.29245283018867924	0.32608695652173914	0.38	0.16363636363636364	0.05555555555555555	0.14285714285714285	0.3	0.25	0.0	0.0	0.5	0.5	0.0015	0.0	0.13333333333333333	0.1	0.0	0.1111111111111111	0.14285714285714285	0.25	0.16666666666666666	0.0	0.07142857142857142	0.0	0.0	0.0	0.1	0.14285714285714285	0.0	0.0	0.0	0.0	0.0	0.0	0.0	
tern sp.	0.0	0.0	0.0	0.0	0.0	0.0	0.0	0.0	0.07142857142857142	0.04	0.0	0.04	0.019230769230769232	0.02830188679245283	0.021739130434782608	0.0015	0.0	0.1111111111111111	0.0	0.0	0.0	0.0	0.0	0.0	0.1	0.3333333333333333	0.0	0.06666666666666667	0.0	0.0	0.0	0.14285714285714285	0.0	0.0	0.0	0.0	0.0	0.0	0.0	0.0	0.0	0.0	0.0	0.1111111111111111	0.0	0.0	0.0	0.0	
Black Skimmer	0.21428571428571427	0.3	0.0	0.1875	0.0	0.1111111111111111	0.09090909090909091	0.09090909090909091	0.0	0.08	0.13043478260869565	0.08	0.09615384615384616	0.1509433962264151	0.14492753623188406	0.17333333333333334	0.10909090909090909	0.0	0.14285714285714285	0.2	0.0	0.0	0.0	0.16666666666666666	0.1	0.0015	0.0	0.13333333333333333	0.1	0.0	0.0	0.14285714285714285	0.0	0.16666666666666666	0.5	0.21428571428571427	0.0015	0.1111111111111111	0.2	0.4	0.0	0.0	0.14285714285714285	0.1111111111111111	0.16666666666666666	0.0	0.0	0.0	
Common Loon	0.07142857142857142	0.0	0.0	0.0625	0.0	0.0	0.09090909090909091	0.0	0.0	0.04	0.0	0.02	0.0	0.009433962264150943	0.007246376811594203	0.0015	0.0	0.0	0.0	0.0	0.0	0.0	0.0	0.0	0.0	0.0	0.0	0.0	0.0	0.0	0.0	0.0	0.0	0.0	0.0	0.0	0.0	0.0	0.0	0.0	0.0	0.0	0.0	0.0	0.0	0.0	0.0	0.0	
Magnificent Frigatebird	0.0	0.0	0.0	0.0	0.0	0.0	0.0	0.0	0.0	0.0	0.0	0.0	0.0	0.009433962264150943	0.014492753623188406	0.04666666666666667	0.0015	0.0	0.0015	0.1	0.5	0.0015	0.0	0.16666666666666666	0.1	0.0	0.0	0.2	0.1	0.0015	0.0	0.0	0.0	0.0	0.0	0.14285714285714285	0.0	0.0	0.06666666666666667	0.1	0.0	0.0	0.0	0.0	0.0	0.0	0.0	0.0	
Masked Booby	0.0	0.0	0.0	0.0	0.0	0.0	0.0	0.0	0.0	0.0	0.0	0.0	0.0	0.0	0.0	0.0015	0.0	0.0	0.0	0.0	0.0	0.0	0.0	0.0	0.0	0.0	0.0	0.0	0.0	0.0	0.0	0.0	0.0	0.0	0.0	0.0	0.0	0.0	0.0	0.0	0.0	0.0	0.0	0.0	0.0	0.0	0.0	0.0	
Anhinga	0.0	0.0	0.0	0.0625	0.0	0.0	0.0	0.0	0.0	0.0	0.0	0.0	0.0	0.0	0.007246376811594203	0.013333333333333334	0.03636363636363636	0.0	0.0	0.0	0.0	0.0	0.0	0.0	0.0	0.3333333333333333	0.0	0.0	0.0	0.0	0.0	0.0	0.0	0.0	0.0	0.0	0.0	0.0	0.0	0.0	0.0	0.0	0.0	0.0	0.0	0.0	0.0	0.0	
Neotropic Cormorant	0.14285714285714285	0.2	0.2222222222222222	0.3125	0.0	0.0	0.36363636363636365	0.09090909090909091	0.2857142857142857	0.36	0.2608695652173913	0.18	0.19230769230769232	0.19811320754716982	0.2536231884057971	0.29333333333333333	0.18181818181818182	0.2222222222222222	0.14285714285714285	0.6	0.25	0.25	0.0	0.3333333333333333	0.5	0.0	0.2	0.3333333333333333	0.4	0.5	0.2222222222222222	0.14285714285714285	0.5	0.3333333333333333	1.0	0.42857142857142855	0.18181818181818182	0.0	0.26666666666666666	0.5	0.14285714285714285	0.0	0.14285714285714285	0.1111111111111111	0.5	0.0	0.3333333333333333	0.09090909090909091	
Double-crested Cormorant	0.2857142857142857	0.4	0.1111111111111111	0.25	0.0	0.0	0.09090909090909091	0.18181818181818182	0.0015	0.08	0.17391304347826086	0.08	0.17307692307692307	0.1320754716981132	0.10144927536231885	0.12	0.01818181818181818	0.0	0.21428571428571427	0.0	0.0	0.0	0.0	0.16666666666666666	0.1	0.0	0.0	0.06666666666666667	0.2	0.0	0.1111111111111111	0.0	0.0	0.0	0.3333333333333333	0.07142857142857142	0.0	0.1111111111111111	0.13333333333333333	0.2	0.0	0.0	0.0	0.0	0.5	0.0	0.0	0.09090909090909091	
cormorant sp.	0.0	0.0	0.0	0.0	0.25	0.0	0.0	0.18181818181818182	0.0	0.04	0.043478260869565216	0.0	0.09615384615384616	0.018867924528301886	0.014492753623188406	0.02666666666666667	0.01818181818181818	0.0	0.0	0.0	0.25	0.0	0.0	0.0	0.0	0.0	0.0	0.0	0.1	0.0	0.1111111111111111	0.0	0.0	0.0	0.0	0.0	0.0015	0.1111111111111111	0.0	0.1	0.0	0.0	0.0	0.0	0.0	0.25	0.0	0.0	
American White Pelican	0.5714285714285714	0.7	0.1111111111111111	0.3125	0.75	0.5555555555555556	0.36363636363636365	0.8181818181818182	0.42857142857142855	0.32	0.391304347826087	0.22	0.17307692307692307	0.11320754716981132	0.13768115942028986	0.17333333333333334	0.09090909090909091	0.0	0.0	0.1	0.0	0.0	0.0	0.0	0.0	0.0	0.0	0.0	0.0	0.0	0.0	0.0	0.0	0.16666666666666666	0.16666666666666666	0.07142857142857142	0.0015	0.1111111111111111	0.13333333333333333	0.4	0.0	0.0	0.2857142857142857	0.0	0.6666666666666666	0.0	0.3333333333333333	0.2727272727272727	
Brown Pelican	0.5	0.5	0.2222222222222222	0.5625	0.5	0.3333333333333333	0.45454545454545453	0.6363636363636364	0.35714285714285715	0.56	0.5217391304347826	0.48	0.5961538461538461	0.5094339622641509	0.5579710144927537	0.5666666666666667	0.6	0.3888888888888889	0.5	0.6	0.5	0.5	0.0	0.8333333333333334	0.7	0.0	0.4	0.5333333333333333	0.6	0.5	0.3333333333333333	0.14285714285714285	0.5	0.16666666666666666	0.8333333333333334	0.42857142857142855	0.2727272727272727	0.3333333333333333	0.3333333333333333	0.4	0.7142857142857143	0.4	0.2857142857142857	0.3333333333333333	0.3333333333333333	0.25	0.3333333333333333	0.2727272727272727	
American Bittern	0.0	0.0	0.0	0.0	0.0	0.0	0.0	0.0	0.0	0.04	0.043478260869565216	0.02	0.038461538461538464	0.04716981132075472	0.014492753623188406	0.006666666666666667	0.01818181818181818	0.05555555555555555	0.0	0.0	0.0	0.0	0.0	0.0	0.0	0.0	0.0	0.0	0.0	0.0	0.0	0.0	0.0	0.0	0.0	0.0	0.0	0.0	0.0	0.0	0.0	0.0	0.14285714285714285	0.0	0.0	0.0	0.0	0.0	
Least Bittern	0.0	0.0	0.0	0.0	0.0	0.0	0.0	0.0	0.0	0.0	0.0	0.0	0.0	0.0	0.007246376811594203	0.006666666666666667	0.0	0.0	0.0	0.0	0.0015	0.0	0.0	0.0	0.0	0.0	0.0	0.06666666666666667	0.0	0.0	0.0	0.0	0.0	0.0	0.0	0.0	0.0	0.0	0.0	0.0	0.0	0.0	0.0	0.0	0.0	0.0	0.0	0.0	
Great Blue Heron	0.5	0.2	0.1111111111111111	0.125	0.5	0.3333333333333333	0.18181818181818182	0.5454545454545454	0.35714285714285715	0.32	0.5217391304347826	0.32	0.36538461538461536	0.27358490566037735	0.2753623188405797	0.30666666666666664	0.2545454545454545	0.2777777777777778	0.35714285714285715	0.2	0.5	0.25	1.0	0.5	0.1	0.0	0.6	0.3333333333333333	0.3	0.0	0.0	0.0	0.25	0.0015	0.8333333333333334	0.5714285714285714	0.45454545454545453	0.4444444444444444	0.4666666666666667	0.5	0.5714285714285714	0.2	0.42857142857142855	0.1111111111111111	0.5	0.5	0.6666666666666666	0.09090909090909091	
Great Egret	0.6428571428571429	0.3	0.7777777777777778	0.4375	0.25	0.1111111111111111	0.6363636363636364	0.45454545454545453	0.7142857142857143	0.68	0.6521739130434783	0.58	0.4423076923076923	0.49056603773584906	0.391304347826087	0.5	0.4727272727272727	0.6111111111111112	0.5	0.5	0.5	0.625	1.0	0.6666666666666666	0.6	0.3333333333333333	0.2	0.4666666666666667	0.6	0.5	0.5555555555555556	0.2857142857142857	0.5	0.8333333333333334	0.8333333333333334	0.7142857142857143	0.6363636363636364	0.5555555555555556	0.6	0.7	0.5714285714285714	0.2	0.42857142857142855	0.6666666666666666	0.8333333333333334	0.75	0.3333333333333333	0.45454545454545453	
Snowy Egret	0.35714285714285715	0.1	0.0	0.3125	0.0	0.2222222222222222	0.09090909090909091	0.0	0.0015	0.04	0.30434782608695654	0.44	0.36538461538461536	0.330188679245283	0.3695652173913043	0.48	0.23636363636363636	0.2222222222222222	0.5714285714285714	0.5	0.5	0.5	1.0	0.6666666666666666	0.6	0.6666666666666666	0.2	0.4666666666666667	0.6	0.0	0.6666666666666666	0.42857142857142855	0.0015	0.5	1.0	0.8571428571428571	0.7272727272727273	0.5555555555555556	0.5333333333333333	0.6	0.2857142857142857	0.0	0.2857142857142857	0.2222222222222222	0.5	0.5	0.3333333333333333	0.18181818181818182	
Little Blue Heron	0.0	0.0	0.0015	0.0	0.0	0.0	0.09090909090909091	0.0	0.0015	0.0	0.08695652173913043	0.06	0.21153846153846154	0.16037735849056603	0.12318840579710146	0.10666666666666667	0.10909090909090909	0.05555555555555555	0.07142857142857142	0.1	0.0	0.0	1.0	0.3333333333333333	0.0	0.0	0.2	0.13333333333333333	0.3	0.0	0.0	0.0	0.25	0.16666666666666666	0.0	0.07142857142857142	0.09090909090909091	0.1111111111111111	0.06666666666666667	0.0	0.0	0.0	0.0	0.0	0.0	0.0	0.0	0.0	
Tricolored Heron	0.14285714285714285	0.2	0.0	0.0625	0.0	0.1111111111111111	0.0	0.0	0.07142857142857142	0.04	0.13043478260869565	0.24	0.28846153846153844	0.27358490566037735	0.21014492753623187	0.32666666666666666	0.2727272727272727	0.3333333333333333	0.14285714285714285	0.3	0.0	0.25	1.0	0.5	0.2	0.0	0.2	0.3333333333333333	0.3	0.0	0.4444444444444444	0.0	0.0	0.6666666666666666	0.6666666666666666	0.35714285714285715	0.09090909090909091	0.1111111111111111	0.06666666666666667	0.4	0.0	0.0	0.0	0.0	0.0	0.0	0.3333333333333333	0.0	
Reddish Egret	0.2857142857142857	0.1	0.1111111111111111	0.25	0.0	0.2222222222222222	0.2727272727272727	0.18181818181818182	0.21428571428571427	0.24	0.34782608695652173	0.24	0.34615384615384615	0.42452830188679247	0.4057971014492754	0.43333333333333335	0.2909090909090909	0.16666666666666666	0.21428571428571427	0.6	0.5	0.125	1.0	0.6666666666666666	0.4	0.0015	0.4	0.3333333333333333	0.5	0.0015	0.0	0.0	0.5	0.3333333333333333	0.6666666666666666	0.42857142857142855	0.18181818181818182	0.2222222222222222	0.3333333333333333	0.4	0.2857142857142857	0.4	0.5714285714285714	0.1111111111111111	0.16666666666666666	0.25	0.0	0.18181818181818182	
Cattle Egret	0.0	0.0	0.0	0.0	0.0	0.0	0.0	0.0	0.0015	0.04	0.0	0.02	0.17307692307692307	0.09433962264150944	0.08695652173913043	0.15333333333333332	0.07272727272727272	0.16666666666666666	0.07142857142857142	0.1	0.25	0.0	0.0	0.0	0.1	0.0	0.0	0.26666666666666666	0.3	0.0	0.0	0.0	0.0	0.5	0.0	0.42857142857142855	0.09090909090909091	0.1111111111111111	0.13333333333333333	0.2	0.0	0.0	0.0	0.0	0.16666666666666666	0.0	0.0	0.0	
white egret sp.	0.0	0.0	0.0	0.0	0.0	0.0	0.0	0.0	0.0	0.0	0.0	0.0	0.0	0.0	0.0015	0.0	0.0	0.0	0.0	0.0	0.0	0.0	0.0	0.0	0.0	0.0	0.0	0.0	0.0	0.0	0.0	0.0	0.0	0.0	0.0	0.0	0.0	0.0	0.0	0.0	0.0	0.0	0.14285714285714285	0.0	0.0	0.0	0.0	0.0	
Green Heron	0.0	0.0	0.0	0.0	0.0	0.0	0.0	0.0	0.0	0.0	0.0	0.0	0.019230769230769232	0.04716981132075472	0.028985507246376812	0.03333333333333333	0.09090909090909091	0.0	0.0	0.0	0.0	0.125	0.0	0.0	0.0	0.0	0.0	0.06666666666666667	0.1	0.0	0.2222222222222222	0.14285714285714285	0.0	0.0	0.0	0.0	0.0	0.0	0.0	0.0	0.0	0.0	0.0	0.0	0.0	0.0	0.0	0.0	
Black-crowned Night-Heron	0.0	0.0	0.0	0.0015	0.0	0.0	0.0	0.0	0.0	0.0	0.0	0.0	0.0	0.018867924528301886	0.021739130434782608	0.013333333333333334	0.03636363636363636	0.0	0.07142857142857142	0.1	0.0	0.0	0.0	0.16666666666666666	0.0	0.0	0.4	0.13333333333333333	0.0	0.0	0.3333333333333333	0.0	0.0	0.0	0.0	0.07142857142857142	0.0	0.1111111111111111	0.0	0.0	0.0	0.0	0.0	0.0	0.0	0.0	0.3333333333333333	0.0	
Yellow-crowned Night-Heron	0.0	0.0	0.0	0.0015	0.0	0.0	0.0	0.0	0.0	0.0	0.0015	0.0	0.0	0.04716981132075472	0.050724637681159424	0.16666666666666666	0.12727272727272726	0.0	0.21428571428571427	0.0	0.25	0.25	1.0	0.6666666666666666	0.5	0.6666666666666666	0.2	0.4666666666666667	0.3	0.5	0.6666666666666666	0.14285714285714285	0.75	0.0015	0.16666666666666666	0.14285714285714285	0.0	0.0	0.0	0.0	0.0	0.0	0.0	0.0	0.0	0.0	0.0	0.0	
Black-crowned/Yellow-crowned Night-Heron	0.0	0.0	0.0	0.0	0.0	0.0	0.0	0.0	0.0	0.0	0.0	0.0	0.0	0.0	0.0	0.0	0.0	0.0	0.0	0.0	0.0	0.0	0.0	0.0	0.0	0.0	0.0	0.0	0.0	0.0	0.0	0.0	0.0	0.0	0.0	0.0	0.0	0.0	0.0	0.0	0.0	0.0	0.0	0.1111111111111111	0.0	0.0	0.0	0.0	
White Ibis	0.14285714285714285	0.0	0.0	0.375	0.0	0.0	0.2727272727272727	0.09090909090909091	0.07142857142857142	0.2	0.5217391304347826	0.4	0.40384615384615385	0.33962264150943394	0.16666666666666666	0.31333333333333335	0.4	0.6666666666666666	0.14285714285714285	0.4	0.0	0.25	1.0	0.5	0.6	0.6666666666666666	0.6	0.5333333333333333	0.5	1.0	0.1111111111111111	0.14285714285714285	0.5	0.5	0.5	0.5	0.7272727272727273	0.5555555555555556	0.4	0.6	0.5714285714285714	0.6	0.2857142857142857	0.3333333333333333	0.5	0.0	0.3333333333333333	0.2727272727272727	
Glossy Ibis	0.0	0.0	0.0	0.0	0.0	0.0	0.0	0.0	0.0	0.0	0.0	0.0	0.0	0.0	0.0	0.006666666666666667	0.01818181818181818	0.0	0.0	0.0	0.0	0.0	0.0	0.0	0.0	0.0	0.0	0.0	0.0	0.0	0.0	0.0	0.0	0.0	0.0	0.0	0.0	0.0	0.0	0.0	0.0	0.0	0.0	0.0	0.0	0.0	0.0	0.0	
White-faced Ibis	0.07142857142857142	0.0	0.0	0.0	0.0	0.0	0.0	0.0	0.0015	0.0	0.0	0.04	0.038461538461538464	0.03773584905660377	0.050724637681159424	0.05333333333333334	0.03636363636363636	0.0	0.07142857142857142	0.0	0.0	0.0	0.0	0.0	0.0	0.0	0.0	0.06666666666666667	0.0	0.0	0.0	0.0	0.0	0.0	0.0	0.0015	0.09090909090909091	0.0	0.0	0.0	0.0	0.0	0.0	0.0	0.0	0.0	0.0	0.0	
Glossy/White-faced Ibis	0.0	0.0	0.0	0.0	0.0	0.0	0.0	0.0	0.0	0.0	0.0	0.0	0.0	0.03773584905660377	0.0	0.006666666666666667	0.0	0.0	0.0	0.0	0.0	0.0	0.0	0.0	0.0	0.0	0.0	0.0	0.0	0.0	0.0	0.0	0.0	0.0	0.0	0.0	0.0	0.0	0.0	0.0	0.0	0.0	0.0	0.0	0.0	0.0	0.0	0.0	
Roseate Spoonbill	0.07142857142857142	0.1	0.0	0.1875	0.0	0.1111111111111111	0.09090909090909091	0.0	0.21428571428571427	0.2	0.17391304347826086	0.16	0.2692307692307692	0.2641509433962264	0.18115942028985507	0.24	0.2545454545454545	0.2222222222222222	0.07142857142857142	0.0	0.25	0.25	1.0	0.6666666666666666	0.0	0.0	0.2	0.2	0.4	0.0015	0.1111111111111111	0.0015	0.25	0.5	0.6666666666666666	0.2857142857142857	0.5454545454545454	0.3333333333333333	0.4666666666666667	0.1	0.14285714285714285	0.0	0.2857142857142857	0.1111111111111111	0.5	0.0	0.0	0.09090909090909091	
Black Vulture	0.0	0.0	0.0	0.0	0.0	0.0	0.0	0.0015	0.0	0.0	0.0	0.04	0.019230769230769232	0.018867924528301886	0.036231884057971016	0.02666666666666667	0.0	0.0	0.07142857142857142	0.0	0.25	0.0	0.0	0.0	0.0	0.0	0.0	0.2	0.0	0.0	0.0	0.0	0.0	0.0	0.0	0.07142857142857142	0.09090909090909091	0.0	0.0	0.2	0.0	0.0	0.0	0.0	0.0	0.0	0.0	0.09090909090909091	
Turkey Vulture	0.0	0.1	0.0	0.0	0.0	0.0	0.09090909090909091	0.09090909090909091	0.0015	0.12	0.08695652173913043	0.06	0.019230769230769232	0.07547169811320754	0.057971014492753624	0.05333333333333334	0.03636363636363636	0.0	0.07142857142857142	0.0	0.0	0.0	0.0	0.0	0.0	0.0	0.0	0.13333333333333333	0.1	0.0	0.0	0.0	0.0	0.0	0.0	0.14285714285714285	0.0	0.0	0.06666666666666667	0.1	0.0	0.0	0.0	0.0	0.0	0.0	0.0	0.09090909090909091	
Osprey	0.21428571428571427	0.2	0.2222222222222222	0.375	0.5	0.3333333333333333	0.36363636363636365	0.36363636363636365	0.2857142857142857	0.16	0.17391304347826086	0.26	0.15384615384615385	0.18867924528301888	0.06521739130434782	0.04666666666666667	0.01818181818181818	0.0	0.07142857142857142	0.1	0.0	0.125	0.0	0.0	0.0	0.0	0.0	0.0	0.2	0.0	0.0	0.0	0.0	0.0	0.16666666666666666	0.14285714285714285	0.18181818181818182	0.2222222222222222	0.2	0.4	0.42857142857142855	0.4	0.42857142857142855	0.2222222222222222	0.3333333333333333	0.5	0.6666666666666666	0.2727272727272727	
White-tailed Kite	0.35714285714285715	0.2	0.1111111111111111	0.1875	0.0	0.2222222222222222	0.2727272727272727	0.5454545454545454	0.5714285714285714	0.16	0.2608695652173913	0.16	0.19230769230769232	0.20754716981132076	0.12318840579710146	0.13333333333333333	0.12727272727272726	0.1111111111111111	0.0	0.0	0.25	0.0	0.0	0.0	0.2	0.0	0.0	0.13333333333333333	0.2	0.0	0.0	0.0	0.0	0.0	0.3333333333333333	0.14285714285714285	0.0	0.0	0.0	0.8	0.0	0.2	0.2857142857142857	0.0	0.3333333333333333	0.0	0.3333333333333333	0.2727272727272727	
Swallow-tailed Kite	0.0	0.0	0.0	0.0	0.0	0.0	0.0	0.0	0.0	0.0	0.0	0.0	0.0	0.009433962264150943	0.014492753623188406	0.0	0.0	0.0	0.0	0.0	0.0	0.0	0.0	0.0	0.0	0.0	0.0	0.0	0.0	0.0	0.0	0.0	0.0	0.0	0.0	0.0	0.0	0.0	0.0	0.0	0.0	0.0	0.0	0.0	0.0	0.0	0.0	0.0	
Mississippi Kite	0.0	0.0	0.0	0.0	0.0	0.0	0.0	0.0	0.0	0.0	0.0	0.0	0.0	0.0	0.0015	0.0	0.0	0.0	0.0	0.0	0.0	0.0	0.0	0.0	0.0	0.0	0.0	0.0	0.0	0.0	0.2222222222222222	0.0	0.0	0.0	0.0	0.0	0.0	0.0	0.0	0.0	0.0	0.0	0.0	0.0	0.0	0.0	0.0	0.0	
Northern Harrier	0.5714285714285714	0.6	0.4444444444444444	0.25	1.0	0.2222222222222222	0.5454545454545454	0.7272727272727273	0.5714285714285714	0.4	0.17391304347826086	0.46	0.4423076923076923	0.4811320754716981	0.35507246376811596	0.2866666666666667	0.2727272727272727	0.0	0.0	0.0	0.25	0.0	0.0	0.0	0.2	0.0	0.0	0.0015	0.2	0.0	0.0	0.0	0.0015	0.16666666666666666	0.16666666666666666	0.35714285714285715	0.09090909090909091	0.0	0.2	0.3	0.5714285714285714	0.4	0.7142857142857143	0.5555555555555556	0.5	0.75	0.6666666666666666	0.7272727272727273	
Sharp-shinned Hawk	0.0	0.1	0.0	0.0	0.0	0.0	0.0	0.0	0.0	0.0	0.0	0.0	0.0	0.0	0.014492753623188406	0.0	0.0	0.0	0.0	0.0	0.0	0.0	0.0	0.0	0.0	0.0	0.0	0.0	0.0	0.0	0.0	0.0	0.0	0.0	0.0	0.0	0.0	0.0	0.0	0.0	0.14285714285714285	0.0	0.14285714285714285	0.0	0.0	0.0	0.0	0.0	
Cooper's Hawk	0.0	0.0	0.0015	0.0	0.0	0.0	0.0	0.0	0.0	0.0	0.0	0.0	0.0	0.009433962264150943	0.007246376811594203	0.0	0.0	0.0	0.0	0.0	0.0	0.0	0.0	0.0	0.0	0.0	0.0	0.06666666666666667	0.0	0.0	0.0	0.0	0.0	0.16666666666666666	0.0	0.0	0.0	0.0	0.0	0.1	0.0	0.0	0.0	0.0	0.0	0.0	0.0	0.0	
White-tailed Hawk	0.07142857142857142	0.0	0.0	0.0	0.0	0.0	0.09090909090909091	0.0	0.0	0.08	0.0	0.0	0.019230769230769232	0.0	0.021739130434782608	0.02	0.0	0.0	0.0	0.0	0.0	0.0	0.0	0.0	0.0	0.0	0.0	0.0	0.0	0.0	0.1111111111111111	0.0	0.0	0.0	0.0	0.0	0.0	0.0	0.0	0.0	0.0	0.0	0.0	0.0	0.16666666666666666	0.0	0.0	0.0	
Broad-winged Hawk	0.0	0.0	0.0	0.0	0.0	0.0	0.0	0.0	0.0	0.0	0.0	0.0	0.0	0.0	0.0	0.013333333333333334	0.05454545454545454	0.0	0.0	0.0	0.0	0.0	0.0	0.0	0.0	0.0	0.0	0.0	0.0	0.0	0.0	0.0	0.0	0.0	0.0	0.0	0.0	0.0	0.06666666666666667	0.0	0.0	0.0	0.0	0.0	0.0	0.0	0.0	0.0	
Swainson's Hawk	0.0	0.0	0.0	0.0	0.0	0.0	0.0	0.0	0.0	0.0	0.0	0.0	0.0	0.05660377358490566	0.014492753623188406	0.013333333333333334	0.01818181818181818	0.0015	0.0	0.0	0.0	0.0	0.0	0.0	0.0	0.0	0.0	0.0	0.0	0.5	0.0	0.0	0.0	0.0	0.0	0.14285714285714285	0.0	0.0	0.0	0.0	0.0	0.0	0.0	0.0	0.0	0.0	0.0	0.0	
Red-tailed Hawk	0.21428571428571427	0.3	0.2222222222222222	0.3125	0.5	0.3333333333333333	0.36363636363636365	0.09090909090909091	0.07142857142857142	0.08	0.043478260869565216	0.04	0.038461538461538464	0.03773584905660377	0.021739130434782608	0.013333333333333334	0.0	0.0	0.0	0.0	0.25	0.125	0.0	0.0	0.1	0.0	0.0	0.0	0.0	0.0	0.0	0.0	0.0	0.0	0.0	0.07142857142857142	0.0	0.0	0.0	0.0	0.0	0.0	0.14285714285714285	0.0	0.3333333333333333	0.0	0.3333333333333333	0.18181818181818182	
Ferruginous Hawk	0.0	0.0	0.0	0.0	0.0	0.0	0.0	0.0	0.0	0.0	0.0	0.02	0.0	0.009433962264150943	0.0	0.0	0.0	0.0	0.0	0.0	0.0	0.0	0.0	0.0	0.0	0.0	0.0	0.0	0.0	0.0	0.0	0.0	0.0	0.0	0.0	0.0	0.0	0.0	0.0	0.0	0.0	0.0	0.0	0.0	0.0	0.0	0.0	0.0	
hawk sp.	0.07142857142857142	0.0	0.0	0.0	0.0	0.0	0.0	0.0	0.0	0.0	0.0	0.0	0.0	0.009433962264150943	0.0	0.0	0.0	0.0	0.0	0.0	0.0	0.0	0.0	0.0	0.0	0.0	0.0	0.0	0.0	0.0	0.0	0.0	0.0	0.0	0.0	0.0	0.0	0.0	0.0	0.0	0.0	0.0	0.0	0.1111111111111111	0.0	0.0	0.0	0.0	
Barn Owl	0.0	0.0	0.1111111111111111	0.0	0.0	0.0	0.0	0.0	0.0	0.04	0.13043478260869565	0.0	0.07692307692307693	0.0660377358490566	0.09420289855072464	0.10666666666666667	0.05454545454545454	0.2222222222222222	0.07142857142857142	0.3	0.25	0.0	0.0	0.0	0.2	0.0015	0.2	0.26666666666666666	0.1	0.0	0.0	0.14285714285714285	0.0	0.3333333333333333	0.0	0.07142857142857142	0.09090909090909091	0.0	0.0	0.0	0.0015	0.0	0.0	0.0	0.0	0.0	0.0	0.0	
Great Horned Owl	0.0	0.0	0.0	0.0	0.0	0.0	0.09090909090909091	0.0	0.0	0.0	0.0	0.0	0.0	0.0	0.0	0.0	0.0	0.0	0.0	0.0	0.0	0.0	0.0	0.0	0.0	0.0	0.0	0.0	0.0	0.0	0.0	0.0	0.0	0.0	0.0	0.0	0.0	0.0	0.0	0.0	0.0	0.0	0.0	0.0	0.0	0.0	0.0	0.0	
Burrowing Owl	0.0	0.0	0.0	0.0	0.0	0.0	0.0	0.0	0.0	0.0	0.08695652173913043	0.0	0.0	0.0	0.0	0.0	0.0	0.0	0.0	0.0	0.0	0.0	0.0	0.0	0.0	0.0	0.0	0.0	0.0	0.0	0.0	0.0	0.0	0.0	0.0	0.0	0.0	0.0	0.0	0.0	0.0	0.0	0.0	0.0	0.0	0.0	0.0	0.0	
Short-eared Owl	0.0	0.0	0.0	0.0	0.0	0.0	0.09090909090909091	0.0	0.0	0.0	0.0	0.0	0.019230769230769232	0.009433962264150943	0.007246376811594203	0.0	0.0	0.0	0.0	0.0	0.0	0.0	0.0	0.0	0.0	0.0	0.0	0.0	0.0	0.0	0.0	0.0	0.0	0.0	0.0	0.0	0.0	0.0	0.0	0.0	0.0	0.0	0.0	0.0	0.0	0.0	0.0	0.0	
Belted Kingfisher	0.14285714285714285	0.2	0.2222222222222222	0.1875	0.25	0.2222222222222222	0.0	0.18181818181818182	0.07142857142857142	0.08	0.13043478260869565	0.0015	0.038461538461538464	0.07547169811320754	0.028985507246376812	0.03333333333333333	0.01818181818181818	0.0	0.0	0.0	0.0	0.0	0.0	0.0	0.0	0.0	0.0	0.0	0.0	0.0	0.0	0.0	0.0	0.0	0.0	0.14285714285714285	0.18181818181818182	0.2222222222222222	0.13333333333333333	0.1	0.14285714285714285	0.0	0.14285714285714285	0.1111111111111111	0.16666666666666666	0.5	0.3333333333333333	0.18181818181818182	
Red-headed Woodpecker	0.0	0.0	0.0	0.0	0.0	0.0	0.0	0.0	0.0	0.0	0.0	0.0	0.0	0.0	0.007246376811594203	0.0	0.0	0.0	0.0	0.0	0.0	0.0	0.0	0.0	0.0	0.0	0.0	0.0	0.0	0.0	0.0	0.0	0.0	0.0	0.0	0.0	0.0	0.0	0.0	0.0	0.0	0.0	0.0	0.0	0.0	0.0	0.0	0.0	
Northern Flicker	0.0	0.0	0.0	0.0	0.0	0.0	0.0	0.0	0.0	0.0	0.0	0.0	0.0	0.0	0.0	0.0	0.0	0.0	0.0	0.0	0.0	0.0	0.0	0.0	0.0	0.0	0.0	0.0	0.0	0.0	0.0	0.0	0.0	0.0	0.0	0.0	0.0	0.0	0.0	0.1	0.0	0.0	0.0	0.0	0.0	0.0	0.0	0.0	
Crested Caracara	0.14285714285714285	0.1	0.1111111111111111	0.125	0.25	0.1111111111111111	0.18181818181818182	0.18181818181818182	0.21428571428571427	0.04	0.21739130434782608	0.12	0.17307692307692307	0.16981132075471697	0.13768115942028986	0.11333333333333333	0.10909090909090909	0.0	0.0	0.0	0.0	0.0	0.0	0.0	0.1	0.0	0.0	0.06666666666666667	0.2	0.0	0.0	0.0	0.25	0.16666666666666666	0.0	0.14285714285714285	0.18181818181818182	0.0015	0.06666666666666667	0.4	0.14285714285714285	0.4	0.0	0.0	0.6666666666666666	0.25	0.3333333333333333	0.0	
American Kestrel	0.2857142857142857	0.3	0.0	0.0015	0.0	0.0	0.09090909090909091	0.0015	0.0015	0.04	0.21739130434782608	0.06	0.0	0.018867924528301886	0.0	0.0	0.0	0.0	0.0	0.0	0.0	0.0	0.0	0.0	0.0	0.0	0.0	0.0	0.0	0.0	0.0	0.0	0.0	0.0	0.0	0.07142857142857142	0.09090909090909091	0.0	0.06666666666666667	0.0	0.0	0.2	0.0	0.2222222222222222	0.16666666666666666	0.0	0.0	0.2727272727272727	
Merlin	0.0	0.0	0.0	0.0015	0.0	0.0	0.0	0.0	0.0	0.0	0.0	0.02	0.0	0.009433962264150943	0.028985507246376812	0.013333333333333334	0.0	0.0	0.0	0.0	0.0	0.0	0.0	0.0	0.0	0.0	0.0	0.0	0.0	0.0	0.0	0.0	0.0	0.0	0.0	0.07142857142857142	0.0	0.0	0.0	0.0	0.0	0.0	0.0	0.0	0.16666666666666666	0.0	0.0	0.09090909090909091	
Peregrine Falcon	0.07142857142857142	0.3	0.0	0.25	0.0	0.0	0.0	0.09090909090909091	0.0	0.04	0.0	0.02	0.038461538461538464	0.018867924528301886	0.043478260869565216	0.06666666666666667	0.05454545454545454	0.0	0.0	0.0	0.0	0.0	0.0	0.0	0.0	0.0	0.0	0.0	0.0	0.0	0.0	0.0	0.0	0.16666666666666666	0.0	0.14285714285714285	0.0	0.0015	0.13333333333333333	0.0	0.0	0.0	0.0015	0.0	0.16666666666666666	0.0	0.0015	0.09090909090909091	
diurnal raptor sp.	0.0	0.0	0.0	0.0	0.0	0.0	0.0	0.0	0.0	0.0	0.0	0.0	0.0	0.0	0.0	0.0	0.0	0.05555555555555555	0.0	0.0	0.0	0.0	0.0	0.0	0.0	0.0	0.0	0.0	0.0	0.0	0.0	0.0	0.0	0.0	0.0	0.0	0.0	0.1111111111111111	0.0	0.0	0.0	0.0	0.0	0.0	0.0	0.0	0.0	0.0	
Olive-sided Flycatcher	0.0	0.0	0.0	0.0	0.0	0.0	0.0	0.0	0.0	0.0	0.0	0.0	0.0	0.0	0.0	0.0	0.0	0.1111111111111111	0.0	0.0	0.0	0.0	0.0	0.0	0.0	0.0	0.0	0.0	0.0	0.0	0.0	0.0	0.0	0.0	0.0	0.0	0.0	0.0	0.0	0.0	0.0	0.0	0.0	0.0	0.0	0.0	0.0	0.0	
Eastern Wood-Pewee	0.0	0.0	0.0	0.0	0.0	0.0	0.0	0.0	0.0	0.0	0.0	0.0	0.0	0.0	0.014492753623188406	0.02	0.0	0.0	0.0	0.0	0.0	0.0	0.0	0.0	0.0	0.0	0.0	0.0	0.0	0.0	0.0	0.0	0.0	0.0	0.0	0.0	0.0	0.0	0.0	0.0	0.0	0.0	0.0	0.0	0.0	0.0	0.0	0.0	
Eastern Phoebe	0.07142857142857142	0.1	0.0	0.3125	0.0	0.1111111111111111	0.0	0.09090909090909091	0.0	0.0	0.0	0.0	0.0	0.0	0.0	0.0	0.0	0.0	0.0	0.0	0.0	0.0	0.0	0.0	0.0	0.0	0.0	0.0	0.0	0.0	0.0	0.0	0.0	0.0	0.0	0.0	0.0	0.0	0.06666666666666667	0.3	0.0	0.2	0.14285714285714285	0.2222222222222222	0.3333333333333333	0.0	0.0	0.0	
Vermilion Flycatcher	0.0	0.0	0.0	0.0	0.0	0.0	0.0	0.0	0.0	0.0	0.0	0.0	0.0	0.0	0.0	0.0	0.0	0.0	0.0	0.0	0.0	0.0	0.0	0.0	0.0	0.0	0.0	0.0	0.0	0.0	0.0	0.0	0.0	0.0	0.0	0.07142857142857142	0.09090909090909091	0.0	0.0	0.0	0.0	0.0	0.0	0.0	0.0	0.0	0.0	0.0	
Tropical/Couch's Kingbird	0.0	0.0	0.0	0.0	0.0	0.0	0.0	0.0	0.0	0.0	0.0	0.0	0.0	0.0	0.0	0.0	0.0	0.0	0.0	0.0	0.0	0.0	0.0	0.0	0.0	0.0	0.0	0.0	0.0	0.0	0.0	0.0	0.0	0.0	0.0	0.0	0.09090909090909091	0.1111111111111111	0.0	0.0	0.0	0.0	0.0	0.0	0.0	0.0	0.0	0.0	
Western Kingbird	0.0	0.0	0.0	0.0	0.0	0.0	0.0	0.0	0.0	0.0	0.0	0.0	0.0	0.0	0.0	0.006666666666666667	0.0	0.0	0.0	0.0	0.0	0.0	0.0	0.0	0.0	0.0	0.0	0.06666666666666667	0.0	0.0	0.0	0.14285714285714285	0.0	0.0	0.16666666666666666	0.0	0.09090909090909091	0.0	0.0	0.0	0.0	0.0	0.0	0.0	0.0	0.0	0.0	0.0	
Eastern Kingbird	0.0	0.0	0.0	0.0	0.0	0.0	0.0	0.0	0.0	0.0	0.0	0.02	0.019230769230769232	0.07547169811320754	0.09420289855072464	0.17333333333333334	0.23636363636363636	0.05555555555555555	0.21428571428571427	0.2	0.5	0.25	0.0	0.3333333333333333	0.1	0.0	0.0	0.13333333333333333	0.3	0.0	0.2222222222222222	0.14285714285714285	0.0	0.0	0.16666666666666666	0.0	0.0	0.0	0.0	0.0	0.0	0.0	0.0	0.0	0.0	0.0	0.0	0.0	
Scissor-tailed Flycatcher	0.0	0.0	0.0	0.0	0.0	0.0	0.0	0.0	0.0	0.0	0.0	0.1	0.3269230769230769	0.3867924528301887	0.3695652173913043	0.3933333333333333	0.45454545454545453	0.6111111111111112	0.42857142857142855	0.4	0.5	0.25	1.0	0.6666666666666666	0.3	0.3333333333333333	0.4	0.6666666666666666	0.4	0.5	0.6666666666666666	0.5714285714285714	0.75	0.5	0.5	0.2857142857142857	0.6363636363636364	0.4444444444444444	0.06666666666666667	0.2	0.14285714285714285	0.0	0.0	0.0	0.0	0.0	0.0	0.0	
Loggerhead Shrike	0.5	0.4	0.3333333333333333	0.3125	0.75	0.1111111111111111	0.2727272727272727	0.2727272727272727	0.5714285714285714	0.24	0.391304347826087	0.18	0.19230769230769232	0.16037735849056603	0.15217391304347827	0.14	0.2	0.3333333333333333	0.07142857142857142	0.1	0.0	0.125	0.0	0.0	0.1	0.3333333333333333	0.0	0.2	0.1	0.0	0.1111111111111111	0.0	0.25	0.0015	0.5	0.5	0.36363636363636365	0.5555555555555556	0.26666666666666666	0.6	0.14285714285714285	0.4	0.2857142857142857	0.3333333333333333	1.0	0.75	0.6666666666666666	0.6363636363636364	
White-eyed Vireo	0.0	0.0	0.0	0.0	0.0	0.0	0.0	0.0	0.0	0.0	0.0	0.0	0.0	0.02830188679245283	0.0	0.0	0.0	0.0	0.0	0.0	0.0	0.0	0.0	0.0	0.0	0.0	0.0	0.0	0.0	0.0	0.0	0.0	0.0	0.0	0.0	0.0	0.0	0.0	0.0	0.0	0.0	0.0	0.0	0.0	0.0	0.0	0.0	0.0	
Blue-headed Vireo	0.0	0.0	0.0	0.0	0.0	0.0	0.0	0.0	0.0	0.0	0.0	0.0	0.0	0.0	0.0	0.0	0.0	0.0	0.0	0.0	0.0	0.0	0.0	0.0	0.0	0.0	0.0	0.0	0.0	0.0	0.0	0.0	0.0	0.0	0.0	0.0	0.0	0.0	0.0	0.0	0.0	0.0	0.0	0.0	0.0	0.0	0.0	0.09090909090909091	
Red-eyed Vireo	0.0	0.0	0.0	0.0	0.0	0.0	0.0	0.0	0.0	0.0	0.0	0.0	0.0	0.018867924528301886	0.0	0.0	0.0	0.0	0.0	0.0	0.0	0.0	0.0	0.0	0.0	0.0	0.0	0.0	0.0	0.0	0.0	0.0	0.0	0.0	0.0	0.0	0.0	0.0	0.0	0.0	0.0	0.0	0.0	0.0	0.0	0.0	0.0	0.0	
Blue Jay	0.0	0.0	0.0	0.0	0.0	0.0	0.0	0.0	0.0	0.0	0.0	0.0	0.0	0.018867924528301886	0.0	0.0	0.0	0.0	0.0	0.0	0.0	0.0	0.0	0.0	0.0	0.0	0.0	0.06666666666666667	0.0	0.0	0.0	0.0	0.0	0.0	0.0	0.0	0.0	0.0	0.0	0.0	0.0	0.0	0.0	0.0	0.0	0.0	0.0	0.0	
American Crow	0.0	0.0	0.0	0.0	0.0	0.0	0.0	0.0	0.0	0.0	0.0	0.0	0.0	0.0	0.0	0.0	0.0015	0.0	0.0	0.0	0.0	0.0	0.0	0.0	0.0	0.0	0.0	0.0	0.1	0.0	0.0	0.0	0.0	0.0	0.0	0.07142857142857142	0.0	0.0	0.0	0.0	0.0	0.0	0.0	0.0	0.0	0.0	0.0	0.0	
Horned Lark	0.14285714285714285	0.0	0.1111111111111111	0.3125	0.0	0.2222222222222222	0.2727272727272727	0.5454545454545454	0.2857142857142857	0.36	0.13043478260869565	0.16	0.19230769230769232	0.24528301886792453	0.2536231884057971	0.2	0.23636363636363636	0.2777777777777778	0.21428571428571427	0.4	0.0015	0.25	0.0	0.3333333333333333	0.2	0.0	0.0	0.26666666666666666	0.1	0.0	0.1111111111111111	0.0	0.25	0.0015	0.0	0.2857142857142857	0.0	0.0	0.0	0.2	0.0	0.0	0.0	0.1111111111111111	0.16666666666666666	0.0	0.3333333333333333	0.0	
Northern Rough-winged Swallow	0.0	0.0	0.0	0.0	0.0	0.0	0.0	0.0	0.0	0.0	0.0	0.04	0.019230769230769232	0.018867924528301886	0.014492753623188406	0.006666666666666667	0.01818181818181818	0.0	0.0	0.0	0.0	0.0	0.0	0.0	0.0	0.0	0.0	0.0	0.0	0.0	0.0	0.0	0.0	0.0	0.0	0.0	0.0	0.0	0.06666666666666667	0.2	0.0	0.0	0.0	0.0	0.0	0.0	0.0	0.0	
Purple Martin	0.0	0.0	0.0	0.0	0.0	0.0	0.0	0.0	0.0	0.0	0.043478260869565216	0.02	0.019230769230769232	0.03773584905660377	0.014492753623188406	0.03333333333333333	0.07272727272727272	0.0	0.07142857142857142	0.0	0.0	0.0015	0.0	0.16666666666666666	0.1	0.0	0.2	0.2	0.0	0.0	0.0	0.0	0.0	0.0	0.0	0.07142857142857142	0.0	0.0	0.0	0.0	0.0	0.0	0.0	0.0	0.0	0.0	0.0	0.0	
Tree Swallow	0.0	0.0	0.0	0.0	0.0	0.0	0.0	0.0	0.0	0.04	0.0	0.06	0.11538461538461539	0.05660377358490566	0.021739130434782608	0.03333333333333333	0.03636363636363636	0.0	0.0	0.0	0.25	0.0	0.0	0.0	0.0	0.0	0.0	0.0	0.0	0.0	0.0	0.0	0.0	0.0	0.16666666666666666	0.14285714285714285	0.0	0.0	0.0	0.0	0.14285714285714285	0.0	0.14285714285714285	0.0	0.16666666666666666	0.0	0.3333333333333333	0.0	
Bank Swallow	0.0	0.0	0.0	0.0	0.0	0.0	0.0	0.0	0.0	0.0	0.0	0.0	0.019230769230769232	0.009433962264150943	0.021739130434782608	0.03333333333333333	0.0015	0.0	0.0	0.0	0.0	0.0	0.0	0.0	0.0	0.0	0.0	0.0	0.0	0.0	0.0	0.0	0.0	0.0	0.0	0.0	0.0	0.0	0.0	0.0	0.0	0.0	0.0	0.0	0.0	0.0	0.0	0.0	
Barn Swallow	0.0	0.0	0.0	0.0	0.0	0.0	0.0	0.09090909090909091	0.0	0.12	0.21739130434782608	0.16	0.40384615384615385	0.3490566037735849	0.2753623188405797	0.29333333333333333	0.4	0.5555555555555556	0.5714285714285714	0.3	0.5	0.0	1.0	0.16666666666666666	0.5	0.0	0.4	0.4666666666666667	0.3	1.0	0.2222222222222222	0.0	0.5	0.5	0.3333333333333333	0.2857142857142857	0.0	0.1111111111111111	0.13333333333333333	0.1	0.0	0.0	0.0	0.0	0.0	0.0	0.0	0.0	
Cliff Swallow	0.0	0.0	0.0	0.0	0.0	0.0	0.0	0.0	0.0	0.0	0.0	0.02	0.038461538461538464	0.04716981132075472	0.028985507246376812	0.02	0.05454545454545454	0.0	0.0	0.0	0.0	0.0	0.0	0.0	0.0	0.0	0.0	0.13333333333333333	0.1	0.0	0.0	0.0	0.0	0.0	0.0	0.0	0.0	0.0	0.0	0.0	0.0	0.0	0.0	0.0	0.0	0.0	0.0	0.0	
Cave Swallow	0.0	0.0	0.0	0.0	0.0	0.0	0.0	0.0	0.0	0.0	0.0	0.0	0.0	0.0	0.043478260869565216	0.0	0.0	0.0	0.0	0.0	0.0	0.0	0.0	0.0	0.0	0.0	0.0	0.0	0.1	0.0	0.0	0.0	0.0	0.0	0.0	0.0	0.0	0.0	0.0	0.0	0.0	0.0	0.0	0.0	0.0	0.0	0.0	0.0	
Cliff/Cave Swallow	0.0	0.0	0.0	0.0	0.0	0.0	0.0	0.0	0.0	0.0	0.0	0.0	0.038461538461538464	0.0	0.0	0.006666666666666667	0.0	0.0	0.0	0.0	0.0	0.0	0.0	0.0	0.0	0.0	0.0	0.0	0.0	0.0	0.0	0.0	0.0	0.0	0.0	0.0	0.0	0.0	0.0	0.0	0.0	0.0	0.0	0.0	0.0	0.0	0.0	0.0	
swallow sp.	0.0	0.0	0.0	0.0	0.0	0.0	0.0	0.0	0.07142857142857142	0.0	0.0	0.0	0.038461538461538464	0.0	0.0	0.006666666666666667	0.0	0.0	0.0	0.0	0.25	0.0	0.0	0.0	0.0	0.0	0.0	0.0	0.0	0.0	0.0	0.0	0.0	0.0	0.0	0.0	0.0	0.1111111111111111	0.06666666666666667	0.0	0.0	0.0	0.0	0.0	0.0	0.0	0.0	0.0	
Carolina Chickadee	0.0	0.0	0.0	0.0	0.0	0.0	0.0	0.0	0.0	0.0	0.0	0.0	0.0	0.0	0.0	0.0	0.01818181818181818	0.0	0.0	0.0	0.0	0.0	0.0	0.0	0.0	0.0	0.0	0.0	0.0	0.0	0.0	0.0	0.0	0.0	0.0	0.0	0.0	0.0	0.0	0.0	0.0	0.0	0.0	0.0	0.0	0.0	0.0	0.0	
Tufted Titmouse	0.0	0.0	0.0	0.0	0.0	0.0	0.0	0.0	0.0	0.0	0.0	0.0	0.019230769230769232	0.0	0.0	0.0	0.0	0.0	0.0	0.0	0.0	0.0	0.0	0.0	0.0	0.0	0.0	0.0	0.0	0.0	0.0	0.0	0.0	0.0	0.0	0.0	0.0	0.0	0.0	0.0	0.0	0.0	0.0	0.0	0.0	0.0	0.0	0.0	
House Wren	0.0	0.0	0.0	0.0	0.0	0.0	0.0	0.0	0.0	0.0	0.0	0.0	0.0	0.0	0.0	0.0	0.0	0.0	0.0	0.0	0.0	0.0	0.0	0.0	0.0	0.0	0.0	0.0	0.0	0.0	0.0	0.0	0.0	0.0	0.0	0.0	0.0	0.0	0.0	0.0	0.0	0.0	0.0	0.0	0.0	0.0	0.0	0.09090909090909091	
Sedge Wren	0.0	0.1	0.0	0.0	0.0	0.0	0.0	0.09090909090909091	0.0	0.0	0.043478260869565216	0.02	0.019230769230769232	0.11320754716981132	0.06521739130434782	0.08	0.0	0.0	0.0	0.0	0.0	0.0	0.0	0.0	0.0	0.0	0.0	0.0	0.0	0.0	0.0	0.0	0.0	0.0	0.0	0.0	0.0	0.0	0.0	0.0	0.14285714285714285	0.0	0.0	0.0015	0.0	0.0	0.0	0.09090909090909091	
Marsh Wren	0.07142857142857142	0.1	0.0	0.0	0.0	0.0	0.0	0.09090909090909091	0.0	0.0	0.0	0.06	0.07692307692307693	0.10377358490566038	0.10144927536231885	0.05333333333333334	0.0	0.0	0.0	0.0	0.0	0.0	0.0	0.0	0.0	0.0	0.0	0.0	0.0	0.0	0.0	0.0	0.0	0.0	0.0	0.0	0.0	0.0	0.06666666666666667	0.0	0.14285714285714285	0.0	0.0	0.0	0.0	0.0	0.3333333333333333	0.09090909090909091	
wren sp.	0.0	0.0	0.0	0.0	0.0	0.0	0.0	0.0	0.0	0.0	0.0	0.0	0.0	0.0	0.0	0.0	0.0	0.0	0.0	0.0	0.0	0.0	0.0	0.0	0.0	0.0	0.0	0.0	0.0	0.0	0.0	0.0	0.0	0.0	0.0	0.0	0.0	0.0	0.0	0.0	0.0	0.0	0.14285714285714285	0.0	0.0	0.0	0.0	0.0	
Blue-gray Gnatcatcher	0.0	0.1	0.0	0.0	0.0	0.0	0.0	0.0	0.0	0.0	0.0	0.02	0.0	0.018867924528301886	0.0	0.0	0.0	0.0	0.0	0.0	0.0	0.0	0.0	0.0	0.0	0.0	0.0	0.0	0.0	0.0	0.0	0.0	0.0	0.0	0.0	0.0	0.0	0.0	0.0	0.0	0.0	0.0	0.0	0.0	0.0	0.0	0.0	0.0	
Golden-crowned Kinglet	0.0	0.0	0.0	0.0	0.0	0.0	0.0	0.0	0.0	0.0	0.0	0.0	0.0	0.0	0.0	0.0	0.0	0.0	0.0	0.0	0.0	0.0	0.0	0.0	0.0	0.0	0.0	0.0	0.0	0.0	0.0	0.0	0.0	0.0	0.0	0.0	0.0	0.0	0.0	0.0	0.0	0.0	0.0	0.0	0.0	0.0	0.0	0.09090909090909091	
Ruby-crowned Kinglet	0.0	0.0	0.0	0.0625	0.0	0.0	0.0	0.0	0.0	0.0	0.0	0.0	0.0	0.0	0.0	0.0	0.0	0.0	0.0	0.0	0.0	0.0	0.0	0.0	0.0	0.0	0.0	0.0	0.0	0.0	0.0	0.0	0.0	0.0	0.0	0.0	0.0	0.0	0.06666666666666667	0.0	0.0	0.0	0.0	0.0	0.0	0.0	0.3333333333333333	0.09090909090909091	
American Robin	0.0	0.0	0.0	0.0015	0.0	0.0	0.0	0.0	0.0	0.0	0.0	0.0	0.0	0.009433962264150943	0.0	0.0	0.0	0.0	0.0	0.0	0.0	0.0	0.0	0.0	0.0	0.0	0.0	0.0	0.0	0.0	0.0	0.0	0.0	0.0	0.0	0.0	0.0	0.0	0.0	0.0	0.0	0.0	0.0	0.0	0.0	0.0	0.0	0.09090909090909091	
Gray Catbird	0.0	0.0	0.0	0.0	0.0	0.0	0.0	0.0	0.0	0.0	0.0	0.0	0.019230769230769232	0.0	0.007246376811594203	0.02666666666666667	0.0	0.0	0.0	0.0	0.0	0.0	0.0	0.0	0.0	0.0	0.0	0.0	0.0	0.0	0.0	0.0	0.0	0.0	0.0	0.0	0.0	0.0	0.0	0.0	0.0	0.0	0.0	0.0	0.0	0.0	0.0	0.0	
Northern Mockingbird	0.21428571428571427	0.0	0.1111111111111111	0.1875	0.0	0.1111111111111111	0.0	0.0	0.07142857142857142	0.04	0.21739130434782608	0.18	0.19230769230769232	0.25471698113207547	0.21739130434782608	0.17333333333333334	0.2545454545454545	0.3333333333333333	0.07142857142857142	0.2	0.25	0.375	1.0	0.16666666666666666	0.4	0.3333333333333333	0.2	0.2	0.1	0.5	0.1111111111111111	0.0	0.25	0.16666666666666666	0.3333333333333333	0.14285714285714285	0.09090909090909091	0.1111111111111111	0.06666666666666667	0.4	0.0	0.0	0.14285714285714285	0.1111111111111111	0.16666666666666666	0.0	0.0	0.36363636363636365	
European Starling	0.21428571428571427	0.2	0.0	0.0625	0.0	0.1111111111111111	0.09090909090909091	0.09090909090909091	0.0015	0.0	0.17391304347826086	0.06	0.1346153846153846	0.1320754716981132	0.050724637681159424	0.04	0.09090909090909091	0.05555555555555555	0.07142857142857142	0.0	0.5	0.0	1.0	0.16666666666666666	0.2	0.0	0.0	0.26666666666666666	0.1	0.5	0.0	0.0	0.25	0.0	0.0	0.07142857142857142	0.09090909090909091	0.1111111111111111	0.0	0.2	0.0	0.0	0.0	0.2222222222222222	0.0	0.0	0.0	0.18181818181818182	
American Pipit	0.21428571428571427	0.1	0.1111111111111111	0.0	0.25	0.3333333333333333	0.09090909090909091	0.18181818181818182	0.0	0.04	0.0	0.0	0.0	0.009433962264150943	0.007246376811594203	0.0	0.01818181818181818	0.0	0.0	0.0	0.0	0.0	0.0	0.0	0.0	0.0	0.0	0.0	0.0	0.0	0.0	0.0	0.0	0.0	0.0	0.0	0.0	0.0	0.0	0.2	0.0	0.0	0.0	0.0	0.3333333333333333	0.0	0.3333333333333333	0.09090909090909091	
pipit sp.	0.0	0.0	0.0	0.0	0.0	0.0	0.0	0.0	0.0	0.0	0.0	0.0	0.0	0.0	0.0	0.0	0.0	0.0	0.0	0.0	0.0	0.0	0.0	0.0	0.0	0.0	0.0	0.06666666666666667	0.0	0.0	0.0	0.0	0.0	0.0	0.0	0.0	0.0	0.0	0.0	0.0	0.0	0.0	0.0	0.0	0.0	0.0	0.0	0.0	
American Goldfinch	0.0	0.0	0.0	0.0	0.0	0.0	0.0	0.0	0.0	0.0	0.0	0.0	0.0	0.0	0.0	0.0	0.0	0.0	0.0	0.0	0.0	0.0	0.0	0.0	0.0	0.0	0.0	0.0	0.0	0.0	0.0	0.0	0.0	0.0	0.0	0.0	0.0	0.0	0.0	0.0	0.0	0.0	0.0	0.0	0.0	0.0	0.0	0.09090909090909091	
Grasshopper Sparrow	0.0	0.0	0.0	0.0	0.0	0.0	0.0	0.0	0.0	0.0	0.0	0.0	0.0	0.0	0.0	0.006666666666666667	0.0	0.0	0.0	0.0	0.0	0.0	0.0	0.0	0.0	0.0	0.0	0.0	0.0	0.0	0.0	0.0	0.0	0.0	0.0	0.0	0.0	0.0	0.0	0.0	0.0	0.0	0.0	0.0	0.0	0.0	0.0	0.0	
Field Sparrow	0.0	0.0	0.0	0.0	0.0	0.0	0.0	0.0	0.0	0.0	0.0	0.0	0.0	0.0	0.0	0.0	0.0	0.0	0.0	0.0	0.0	0.0	0.0	0.0	0.0	0.0	0.0	0.0	0.0	0.0	0.0	0.0	0.0	0.0	0.0	0.0	0.0	0.0	0.0	0.0	0.0	0.0	0.0	0.0	0.0	0.0	0.0	0.09090909090909091	
Lark Sparrow	0.0	0.0	0.0	0.0	0.0	0.0	0.0	0.0	0.0	0.0	0.0	0.0	0.0	0.0	0.0	0.0	0.0	0.0	0.0	0.0	0.0	0.125	0.0	0.0	0.0	0.0	0.0	0.0	0.0	0.0	0.0	0.0	0.0	0.0	0.0	0.0	0.0	0.0	0.0	0.0	0.0	0.0	0.0	0.0	0.0	0.0	0.0	0.0	
White-crowned Sparrow	0.0	0.0	0.0	0.0	0.0	0.0	0.0	0.0	0.0	0.0	0.0	0.0	0.0	0.0	0.007246376811594203	0.0	0.0	0.0	0.0	0.0	0.0	0.0	0.0	0.0	0.0	0.0	0.0	0.0	0.0	0.0	0.0	0.0	0.0	0.0	0.0	0.0	0.0	0.0	0.06666666666666667	0.0	0.14285714285714285	0.0	0.14285714285714285	0.0	0.0	0.0	0.0	0.0	
White-throated Sparrow	0.0	0.0	0.0	0.0	0.0	0.0	0.0	0.0	0.0	0.0	0.0	0.0	0.0	0.0	0.0	0.0	0.0	0.0	0.0	0.0	0.0	0.0	0.0	0.0	0.0	0.0	0.0	0.0	0.0	0.0	0.0	0.0	0.0	0.0	0.0	0.0	0.0	0.0	0.0	0.0	0.0	0.0	0.0	0.0	0.0	0.0	0.0	0.09090909090909091	
Vesper Sparrow	0.0	0.1	0.0	0.0	0.0	0.0	0.0	0.0	0.0	0.0	0.0	0.0	0.0	0.0	0.007246376811594203	0.0	0.0	0.0	0.0	0.0	0.0	0.0	0.0	0.0	0.0	0.0	0.0	0.0	0.0	0.0	0.0	0.0	0.0	0.0	0.0	0.0	0.0	0.0	0.0	0.0	0.0	0.0	0.0	0.0	0.0	0.0	0.0	0.0	
LeConte's Sparrow	0.0	0.0	0.0	0.0	0.0	0.0	0.0	0.09090909090909091	0.0	0.0	0.0	0.02	0.0	0.0	0.0	0.0015	0.0	0.0	0.0	0.0	0.0	0.0	0.0	0.0	0.0	0.0	0.0	0.0	0.0	0.0	0.0	0.0	0.0	0.0	0.0	0.0	0.0	0.0	0.0	0.0	0.0	0.0	0.0	0.0	0.0	0.0	0.0	0.0	
Seaside Sparrow	0.0	0.0	0.0	0.0	0.0	0.0	0.09090909090909091	0.0	0.0	0.0	0.0	0.02	0.038461538461538464	0.02830188679245283	0.014492753623188406	0.006666666666666667	0.03636363636363636	0.0	0.21428571428571427	0.0	0.0	0.0	0.0	0.0	0.0	0.0	0.0	0.0	0.0	0.0	0.0	0.0	0.0	0.0	0.0	0.0	0.0	0.0	0.0	0.0	0.0	0.0	0.0	0.0	0.0	0.0	0.0	0.0	
Nelson's Sparrow	0.0	0.0	0.0	0.0	0.0	0.0	0.0	0.0	0.0	0.0	0.0	0.0	0.0	0.02830188679245283	0.007246376811594203	0.006666666666666667	0.0	0.0	0.0	0.0	0.0	0.0	0.0	0.0	0.0	0.0	0.0	0.0	0.0	0.0	0.0	0.0	0.0	0.0	0.0	0.0	0.0	0.0	0.0	0.0	0.0	0.0	0.0	0.0	0.0	0.0	0.3333333333333333	0.0	
Savannah Sparrow	0.42857142857142855	0.4	0.2222222222222222	0.1875	0.25	0.1111111111111111	0.09090909090909091	0.18181818181818182	0.14285714285714285	0.32	0.391304347826087	0.38	0.3269230769230769	0.330188679245283	0.21739130434782608	0.22	0.10909090909090909	0.05555555555555555	0.0	0.0	0.0	0.0	0.0	0.0	0.0	0.0	0.0	0.0	0.0	0.0	0.0	0.0	0.0	0.0	0.0	0.0	0.0	0.0	0.0	0.3	0.14285714285714285	0.2	0.14285714285714285	0.0	0.16666666666666666	0.25	0.3333333333333333	0.45454545454545453	
Song Sparrow	0.07142857142857142	0.0	0.0	0.0	0.0	0.0	0.0	0.0	0.0	0.04	0.0	0.0	0.0	0.0	0.014492753623188406	0.006666666666666667	0.0	0.0	0.0	0.0	0.0	0.0	0.0	0.0	0.0	0.0	0.0	0.0	0.0	0.0	0.0	0.0	0.0	0.0	0.0	0.0	0.0	0.0	0.0	0.0	0.0	0.0	0.0	0.0	0.0	0.0	0.0	0.09090909090909091	
Lincoln's Sparrow	0.0	0.0	0.0	0.0	0.0	0.0	0.0	0.0	0.0	0.0	0.0	0.0	0.0	0.0	0.0	0.0	0.0	0.0	0.0	0.0	0.0	0.0	0.0	0.0	0.0	0.0	0.0	0.0	0.0	0.0	0.0	0.0	0.0	0.0	0.0	0.0	0.0	0.0	0.0	0.0	0.0	0.0	0.0	0.1111111111111111	0.0	0.0	0.0	0.09090909090909091	
Swamp Sparrow	0.0	0.0	0.1111111111111111	0.0625	0.0	0.0	0.0	0.0	0.0	0.0	0.0	0.02	0.019230769230769232	0.018867924528301886	0.007246376811594203	0.02	0.0	0.0	0.0	0.0	0.0	0.0	0.0	0.0	0.0	0.0	0.0	0.0	0.0	0.0	0.0	0.0	0.0	0.0	0.0	0.0	0.0	0.0	0.0	0.1	0.2857142857142857	0.0	0.14285714285714285	0.0015	0.0	0.0	0.3333333333333333	0.09090909090909091	
sparrow sp.	0.0	0.0	0.0	0.0	0.25	0.0	0.0	0.0	0.0	0.0	0.0	0.02	0.0	0.009433962264150943	0.007246376811594203	0.0	0.0	0.0	0.0	0.0	0.0	0.0	0.0	0.0	0.0	0.0	0.0	0.0	0.0	0.0	0.0	0.0	0.0	0.0	0.0	0.0	0.0	0.0	0.0	0.0	0.0	0.0	0.14285714285714285	0.0	0.0	0.0	0.0	0.0	
Yellow-headed Blackbird	0.0	0.0	0.0	0.0	0.0	0.0	0.0	0.0	0.0	0.0	0.0	0.0	0.0	0.0	0.014492753623188406	0.0	0.01818181818181818	0.0	0.0	0.0	0.0	0.0	0.0	0.0	0.0	0.0	0.0	0.0	0.0	0.0	0.0	0.0	0.0	0.0	0.0	0.0	0.0	0.0	0.0	0.0	0.0	0.0	0.0	0.0	0.0	0.0	0.0	0.0	
Bobolink	0.0	0.0	0.0	0.0	0.0	0.0	0.0	0.0	0.0	0.0	0.0	0.0	0.0	0.0	0.0	0.013333333333333334	0.01818181818181818	0.0	0.0	0.0	0.0	0.0	0.0	0.0	0.0	0.0	0.0	0.0	0.0	0.0	0.0	0.0	0.0	0.0	0.0	0.0	0.0	0.0	0.0	0.0	0.0	0.0	0.0	0.0	0.0	0.0	0.0	0.0	
Western Meadowlark	0.0	0.0	0.0	0.0	0.0	0.1111111111111111	0.0	0.0	0.0	0.0	0.0	0.0	0.019230769230769232	0.009433962264150943	0.0	0.0	0.0	0.0	0.0	0.0	0.0	0.0	0.0	0.0	0.0	0.0	0.0	0.0	0.0	0.0	0.0	0.0	0.0	0.0	0.0	0.0	0.0	0.0	0.0	0.0	0.0	0.0	0.0	0.0	0.0	0.0	0.0	0.0	
Eastern Meadowlark	0.42857142857142855	0.3	0.3333333333333333	0.375	0.5	0.2222222222222222	0.18181818181818182	0.6363636363636364	0.42857142857142855	0.56	0.43478260869565216	0.38	0.7115384615384616	0.5754716981132075	0.4492753623188406	0.4066666666666667	0.5454545454545454	0.5555555555555556	0.5	0.3	0.75	0.125	1.0	0.3333333333333333	0.4	0.3333333333333333	0.6	0.4	0.2	0.5	0.2222222222222222	0.14285714285714285	0.0	0.0	0.0	0.42857142857142855	0.36363636363636365	0.0015	0.26666666666666666	0.3	0.42857142857142855	0.0	0.14285714285714285	0.1111111111111111	0.3333333333333333	0.25	0.3333333333333333	0.09090909090909091	
Western/Eastern Meadowlark	0.07142857142857142	0.0	0.0	0.0015	0.0	0.0	0.09090909090909091	0.0	0.07142857142857142	0.0	0.043478260869565216	0.1	0.019230769230769232	0.04716981132075472	0.028985507246376812	0.013333333333333334	0.0015	0.05555555555555555	0.0	0.0	0.0	0.0	0.0	0.0	0.1	0.0	0.0	0.0	0.0	0.0	0.0	0.0	0.0	0.0	0.0	0.0	0.0	0.0	0.0	0.1	0.0	0.0	0.0	0.0	0.0	0.0	0.0	0.09090909090909091	
Orchard Oriole	0.0	0.0	0.0	0.0	0.0	0.0	0.0	0.0	0.0	0.0	0.0	0.0	0.0	0.009433962264150943	0.007246376811594203	0.013333333333333334	0.0	0.0	0.0	0.0	0.0	0.0	0.0	0.0	0.0	0.0	0.0	0.0	0.0	0.0	0.0	0.0	0.0	0.0	0.0	0.0	0.0	0.0	0.0	0.0	0.0	0.0	0.0	0.0	0.0	0.0	0.0	0.0	
Baltimore Oriole	0.0	0.0	0.0	0.0	0.0	0.0	0.0	0.0	0.0	0.0	0.0	0.0	0.0	0.0	0.0	0.006666666666666667	0.0	0.0	0.0	0.0	0.0	0.0	0.0	0.0	0.0	0.0	0.0	0.0	0.0	0.0	0.0	0.0	0.0	0.0	0.0	0.0	0.0	0.0	0.0	0.0	0.0	0.0	0.0	0.0	0.0	0.0	0.0	0.0	
Red-winged Blackbird	0.0	0.1	0.0015	0.0625	0.0	0.0	0.0	0.45454545454545453	0.07142857142857142	0.2	0.13043478260869565	0.26	0.46153846153846156	0.4339622641509434	0.36231884057971014	0.4266666666666667	0.6	0.5555555555555556	0.7857142857142857	0.4	0.5	0.5	1.0	0.5	0.5	0.6666666666666666	0.4	0.2	0.2	0.0	0.2222222222222222	0.0	0.0	0.0	0.0	0.07142857142857142	0.0	0.0	0.0	0.2	0.0	0.0	0.0	0.0	0.0	0.0	0.3333333333333333	0.18181818181818182	
Bronzed Cowbird	0.0	0.0	0.0	0.0	0.0	0.0	0.0	0.0	0.0	0.0	0.043478260869565216	0.0	0.0	0.0	0.0	0.0	0.0	0.05555555555555555	0.0	0.0	0.0	0.0	0.0	0.0	0.0	0.0	0.0	0.0	0.0	0.0	0.0	0.0	0.0	0.0	0.0	0.0	0.0	0.0	0.0	0.0	0.0	0.0	0.0	0.0	0.0	0.0	0.0	0.0	
Brown-headed Cowbird	0.0	0.0	0.0	0.0	0.0	0.0	0.0	0.0	0.0	0.04	0.043478260869565216	0.04	0.019230769230769232	0.04716981132075472	0.07971014492753623	0.1	0.05454545454545454	0.05555555555555555	0.14285714285714285	0.2	0.0	0.0	0.0	0.16666666666666666	0.1	0.0	0.2	0.0	0.0	0.0	0.0	0.0	0.0	0.0	0.0	0.0	0.0	0.0	0.0	0.0	0.0	0.0	0.0	0.0	0.0	0.0	0.0	0.0	
Common Grackle	0.0	0.0	0.0	0.0	0.0	0.0	0.09090909090909091	0.0	0.0	0.0	0.0	0.0	0.038461538461538464	0.009433962264150943	0.036231884057971016	0.02666666666666667	0.05454545454545454	0.0	0.0	0.0	0.0	0.0	0.0	0.0	0.1	0.0	0.0	0.06666666666666667	0.0	0.0	0.0	0.0	0.0	0.0	0.0	0.0	0.0	0.0	0.0	0.1	0.0	0.0	0.0	0.0	0.0	0.0	0.0	0.0	
Boat-tailed Grackle	0.0	0.0	0.0	0.0015	0.0	0.1111111111111111	0.09090909090909091	0.09090909090909091	0.0015	0.04	0.0	0.16	0.07692307692307693	0.10377358490566038	0.09420289855072464	0.10666666666666667	0.14545454545454545	0.16666666666666666	0.21428571428571427	0.0	0.25	0.125	0.0	0.16666666666666666	0.0	0.0	0.2	0.13333333333333333	0.4	0.5	0.0	0.0	0.0	0.0	0.0	0.0	0.09090909090909091	0.0	0.13333333333333333	0.4	0.14285714285714285	0.0	0.0	0.0	0.0	0.0	0.0	0.0	
Great-tailed Grackle	0.07142857142857142	0.1	0.1111111111111111	0.125	0.0	0.0	0.09090909090909091	0.09090909090909091	0.07142857142857142	0.28	0.34782608695652173	0.38	0.5192307692307693	0.3867924528301887	0.3115942028985507	0.32	0.38181818181818183	0.3333333333333333	0.35714285714285715	0.6	0.25	0.125	1.0	0.6666666666666666	0.5	0.0	0.4	0.4	0.4	0.0	0.4444444444444444	0.14285714285714285	0.5	0.0	0.3333333333333333	0.42857142857142855	0.09090909090909091	0.3333333333333333	0.2	0.5	0.14285714285714285	0.2	0.0	0.1111111111111111	0.5	0.75	0.6666666666666666	0.18181818181818182	
Boat-tailed/Great-tailed Grackle	0.0	0.0	0.0	0.0625	0.0	0.0	0.0	0.09090909090909091	0.0	0.04	0.0	0.04	0.019230769230769232	0.04716981132075472	0.014492753623188406	0.02	0.01818181818181818	0.0	0.0	0.0	0.0	0.125	0.0	0.0	0.1	0.0	0.0	0.0	0.1	0.0	0.0	0.14285714285714285	0.0	0.0	0.0	0.07142857142857142	0.0	0.0	0.0	0.0	0.0	0.0	0.0	0.0	0.0	0.0	0.0	0.0	
grackle sp.	0.0	0.0	0.0	0.0	0.0	0.0	0.0	0.0	0.0	0.0	0.0	0.0	0.019230769230769232	0.0	0.0	0.006666666666666667	0.0	0.0	0.0	0.0	0.25	0.0015	0.0	0.0	0.0	0.0	0.0	0.0	0.0	0.0	0.0	0.0	0.0	0.0	0.0	0.0	0.0	0.0	0.0	0.0	0.0	0.0	0.0	0.1111111111111111	0.0	0.0	0.0	0.0	
Northern Waterthrush	0.0	0.0	0.0	0.0	0.0	0.0	0.0	0.0	0.0	0.0	0.0	0.0	0.0	0.0	0.0	0.006666666666666667	0.0	0.0	0.0	0.0	0.0	0.0	0.0	0.0	0.0	0.0	0.0	0.0	0.0	0.0	0.0	0.0	0.0	0.0	0.0	0.0	0.0	0.0	0.0	0.0	0.0	0.0	0.0	0.0	0.0	0.0	0.0	0.0	
Black-and-white Warbler	0.0	0.0	0.0	0.0	0.0	0.0	0.0	0.0	0.0	0.0	0.0	0.0	0.0	0.018867924528301886	0.0	0.0	0.0	0.0	0.0	0.0	0.0	0.0	0.0	0.0	0.0	0.0	0.0	0.0	0.0	0.0	0.0	0.0	0.0	0.0	0.0	0.0	0.0	0.0	0.0	0.0	0.0	0.0	0.0	0.0	0.0	0.0	0.0	0.0	
Orange-crowned Warbler	0.0	0.0	0.0	0.0	0.0	0.0	0.0	0.0	0.0	0.0	0.0	0.0	0.0	0.018867924528301886	0.0	0.0	0.0	0.0	0.0	0.0	0.0	0.0	0.0	0.0	0.0	0.0	0.0	0.0	0.0	0.0	0.0	0.0	0.0	0.0	0.0	0.0	0.0	0.0	0.0	0.0	0.0	0.0	0.0	0.0	0.0	0.0	0.0	0.09090909090909091	
Common Yellowthroat	0.0	0.0	0.1111111111111111	0.0	0.0	0.0	0.0	0.0	0.0	0.0	0.043478260869565216	0.04	0.019230769230769232	0.018867924528301886	0.028985507246376812	0.05333333333333334	0.03636363636363636	0.0	0.0	0.1	0.0	0.0	0.0	0.0	0.0	0.0	0.0	0.0	0.1	0.0	0.0	0.0	0.0	0.0	0.0	0.0	0.0	0.0	0.0	0.0	0.0015	0.0	0.0	0.0	0.0	0.0	0.0	0.09090909090909091	
Northern Parula	0.0	0.0	0.0	0.0	0.0	0.0	0.0	0.0	0.0	0.0	0.0	0.0	0.0	0.018867924528301886	0.0	0.0	0.0	0.0	0.0	0.0	0.0	0.0	0.0	0.0	0.0	0.0	0.0	0.0	0.0	0.0	0.0	0.0	0.0	0.0	0.0	0.0	0.0	0.0	0.0	0.0	0.0	0.0	0.0	0.0	0.0	0.0	0.0	0.0	
Magnolia Warbler	0.0	0.0	0.0	0.0	0.0	0.0	0.0	0.0	0.0	0.0	0.0	0.0	0.0	0.0	0.0	0.0	0.0	0.0	0.0	0.0	0.0	0.0	0.0	0.0	0.0	0.0	0.0	0.0	0.0	0.0	0.0	0.0	0.0	0.0	0.0	0.07142857142857142	0.0	0.0	0.0	0.0	0.0	0.0	0.0	0.0	0.0	0.0	0.0	0.0	
Blackburnian Warbler	0.0	0.0	0.0	0.0	0.0	0.0	0.0	0.0	0.0	0.0	0.0	0.0	0.0	0.0	0.0	0.006666666666666667	0.0	0.0	0.0	0.0	0.0	0.0	0.0	0.0	0.0	0.0	0.0	0.0	0.0	0.0	0.0	0.0	0.0	0.0	0.0	0.0	0.0	0.0	0.0	0.0	0.0	0.0	0.0	0.0	0.0	0.0	0.0	0.0	
Yellow Warbler	0.0	0.0	0.0	0.0	0.0	0.0	0.0	0.0	0.0	0.0	0.0	0.0	0.0	0.0	0.0	0.02	0.0	0.0	0.0	0.0	0.0	0.0	0.0	0.0	0.0	0.0	0.0	0.0	0.0	0.0	0.0	0.0	0.0	0.0	0.0	0.0	0.0	0.0	0.0	0.0	0.0	0.0	0.0	0.0	0.0	0.0	0.0	0.0	
Chestnut-sided Warbler	0.0	0.0	0.0	0.0	0.0	0.0	0.0	0.0	0.0	0.0	0.0	0.0	0.0	0.0	0.0	0.013333333333333334	0.0	0.0	0.0	0.0	0.0	0.0	0.0	0.0	0.0	0.0	0.0	0.0	0.0	0.0	0.0	0.0	0.0	0.0	0.0	0.0	0.0	0.0	0.0	0.0	0.0	0.0	0.0	0.0	0.0	0.0	0.0	0.0	
Blackpoll Warbler	0.0	0.0	0.0	0.0	0.0	0.0	0.0	0.0	0.0	0.0	0.0	0.0	0.0	0.018867924528301886	0.0	0.0	0.0	0.0	0.0	0.0	0.0	0.0	0.0	0.0	0.0	0.0	0.0	0.0	0.0	0.0	0.0	0.0	0.0	0.0	0.0	0.0	0.0	0.0	0.0	0.0	0.0	0.0	0.0	0.0	0.0	0.0	0.0	0.0	
Palm Warbler	0.0	0.0	0.1111111111111111	0.0625	0.0	0.0	0.0	0.0	0.0	0.0	0.0	0.0	0.0	0.0	0.0	0.0	0.0	0.0	0.0	0.0	0.0	0.0	0.0	0.0	0.0	0.0	0.0	0.0	0.0	0.0	0.0	0.0	0.0	0.0	0.0	0.0	0.0	0.0	0.0	0.0	0.0	0.0	0.14285714285714285	0.0	0.0	0.25	0.3333333333333333	0.0	
Yellow-rumped Warbler	0.07142857142857142	0.1	0.0	0.1875	0.25	0.0	0.0015	0.2727272727272727	0.0	0.0	0.043478260869565216	0.0	0.0	0.0	0.0	0.0	0.0	0.0	0.0	0.0	0.0	0.0	0.0	0.0	0.0	0.0	0.0	0.0	0.0	0.0	0.0	0.0	0.0	0.0	0.0	0.0	0.0	0.0	0.0	0.0	0.0	0.0	0.0	0.0	0.16666666666666666	0.25	0.0	0.18181818181818182	
Summer Tanager	0.0	0.0	0.0	0.0	0.0	0.0	0.0	0.0	0.0	0.0	0.0	0.0	0.0	0.009433962264150943	0.0	0.0	0.0	0.0	0.0	0.0	0.0	0.0	0.0	0.0	0.0	0.0	0.0	0.0	0.0	0.0	0.0	0.0	0.0	0.0	0.0	0.0	0.0	0.0	0.0	0.0	0.0	0.0	0.0	0.0	0.0	0.0	0.0	0.0	
Scarlet Tanager	0.0	0.0	0.0	0.0	0.0	0.0	0.0	0.0	0.0	0.0	0.0	0.0	0.0	0.0	0.014492753623188406	0.0	0.0	0.0	0.0	0.0	0.0	0.0	0.0	0.0	0.0	0.0	0.0	0.0	0.0	0.0	0.0	0.0	0.0	0.0	0.0	0.0	0.0	0.0	0.0	0.0	0.0	0.0	0.0	0.0	0.0	0.0	0.0	0.0	
Northern Cardinal	0.0	0.0	0.0	0.0	0.0	0.0	0.0	0.0	0.0	0.0	0.0	0.0	0.0	0.018867924528301886	0.0	0.006666666666666667	0.01818181818181818	0.0	0.0	0.0	0.25	0.0	0.0	0.0	0.0	0.0	0.0	0.0	0.0	0.0	0.0	0.0	0.0	0.0	0.0	0.0	0.0	0.0	0.0	0.0	0.0	0.0	0.0	0.0	0.0	0.0	0.0	0.09090909090909091	
Rose-breasted Grosbeak	0.0	0.0	0.0	0.0	0.0	0.0	0.0	0.0	0.0	0.0	0.0	0.0	0.0	0.0	0.0	0.02	0.0	0.0	0.0	0.0	0.0	0.0	0.0	0.0	0.0	0.0	0.0	0.0	0.0	0.0	0.0	0.0	0.0	0.0	0.0	0.0	0.0	0.0	0.0	0.0	0.0	0.0	0.0	0.0	0.0	0.0	0.0	0.0	
Blue Grosbeak	0.0	0.0	0.0	0.0	0.0	0.0	0.0	0.0	0.0	0.0	0.0	0.0	0.0	0.018867924528301886	0.021739130434782608	0.006666666666666667	0.03636363636363636	0.0	0.0	0.0	0.0	0.0	0.0	0.0	0.0	0.0	0.0	0.0	0.0	0.0	0.0	0.0	0.0	0.0	0.0	0.0	0.0	0.0	0.0	0.0	0.0	0.0	0.0	0.0	0.0	0.0	0.0	0.0	
Indigo Bunting	0.0	0.0	0.0	0.0	0.0	0.0	0.0	0.0	0.0	0.0	0.0	0.0	0.0	0.0015	0.021739130434782608	0.03333333333333333	0.01818181818181818	0.0	0.0	0.0	0.0	0.0	0.0	0.0	0.0	0.0	0.0	0.0	0.0	0.0	0.0	0.0	0.0	0.0	0.0	0.07142857142857142	0.0	0.0	0.0	0.0	0.0	0.0	0.0	0.0	0.0	0.0	0.0	0.0	
Painted Bunting	0.0	0.0	0.0	0.0	0.0	0.0	0.0	0.0	0.0	0.0	0.0	0.0	0.0	0.0	0.0	0.006666666666666667	0.01818181818181818	0.0	0.0	0.0	0.25	0.0	0.0	0.0	0.0	0.0	0.0	0.0	0.0	0.0	0.0	0.0	0.0	0.0	0.0	0.0	0.0	0.0	0.0	0.0	0.0	0.0	0.0	0.0	0.0	0.0	0.0	0.0	
Dickcissel	0.0	0.0	0.0	0.0	0.0	0.0	0.0	0.0	0.0	0.0	0.0	0.0	0.0	0.0	0.014492753623188406	0.10666666666666667	0.18181818181818182	0.16666666666666666	0.14285714285714285	0.1	0.0	0.125	0.0	0.3333333333333333	0.0	0.0	0.0	0.26666666666666666	0.0	0.0	0.0	0.0	0.0	0.0	0.0	0.0	0.0	0.0	0.0	0.0	0.0	0.0	0.0	0.0	0.0	0.0	0.0	0.0	
House Sparrow	0.0	0.0	0.0	0.0	0.0	0.0	0.0	0.0	0.0	0.0	0.0	0.02	0.019230769230769232	0.02830188679245283	0.0	0.0	0.0	0.0	0.0	0.0	0.0	0.0	0.0	0.0	0.0	0.0	0.0	0.13333333333333333	0.0	0.0	0.0	0.0	0.0	0.0	0.0	0.0	0.0	0.0	0.0	0.0	0.0	0.0	0.0	0.0	0.0	0.0	0.0	0.0	
passerine sp.	0.07142857142857142	0.0	0.0	0.0	0.0	0.0	0.0	0.0	0.0	0.0	0.0	0.0	0.0	0.0	0.0	0.0	0.0	0.0	0.0	0.0	0.0	0.0	0.0	0.0	0.0	0.0	0.0	0.0	0.0	0.0	0.0	0.0	0.0	0.0	0.0	0.0	0.0	0.0	0.0	0.0	0.0	0.0	0.0	0.0	0.0	0.0	0.0	0.0	

